SMA_5,SMA_10,SMA_20,SMA_50,EMA_5,EMA_10,EMA_20,EMA_50,RSI,STOCH_K,STOCH_D,MACD,MACD_Signal,MACD_Hist,ADX,CCI,WILLR,ULTOSC,ROC,ATR,NATR,TRANGE,BB_Upper,BB_Middle,BB_Lower,MOM,PPO,APO,AROON_Up,AROON_Down,AROONOSC,BOP,Price_Change,High_Low_Ratio,Close_Open_Ratio,ROE,ROA,Debt_to_Equity,Profit_Margin,Operating_Margin,Asset_Turnover,Financial_Leverage,EPS_Calc,Free_Cash_Flow,Operating_Cash_Flow,Investing_Cash_Flow,Financing_Cash_Flow,Beginning_Cash_Position,End_Cash_Position,Changes_In_Cash,Cash_And_Cash_Equivalents,Net_Income,Pretax_Income,Total_Revenue,Operating_Revenue,Normalized_Income,Net_Income_Common_Stockholders,Net_Income_From_Continuing_Operations,Net_Income_From_Continuing_And_Discontinued_Operation,Net_Income_Including_Noncontrolling_Interests,Net_Income_Continuous_Operations,Diluted_NI_Availto_Com_Stockholders,Net_Income_From_Continuing_Operation_Net_Minority_Interest,Basic_EPS,Diluted_EPS,Diluted_Average_Shares,Basic_Average_Shares,Share_Issued,Ordinary_Shares_Number,Capital_Stock,Common_Stock,Total_Assets,Total_Liabilities_Net_Minority_Interest,Total_Equity_Gross_Minority_Interest,Common_Stock_Equity,Stockholders_Equity,Total_Capitalization,Invested_Capital,Net_Tangible_Assets,Tangible_Book_Value,Total_Debt,Long_Term_Debt_And_Capital_Lease_Obligation,Tax_Rate_For_Calcs,Tax_Effect_Of_Unusual_Items,Close,Date,Sector_basic-materials,Sector_communication-services,Sector_consumer-cyclical,Sector_consumer-defensive,Sector_energy,Sector_financial-services,Sector_healthcare,Sector_industrials,Sector_real-estate,Sector_technology,Sector_utilities,Target_3M_Return,Target_Direction
81.07091064453125,82.064794921875,84.29548110961915,87.97392852783203,81.07091064453125,82.064794921875,84.29548110961915,87.97392852783203,73.64120182427499,65.0314852642271,57.34143430936542,1.763319849053758,2.0965691939836812,-0.3332493449299232,53.35591630581698,144.45052505398957,-19.81644365391112,51.06248751511059,6.711728735325662,1.9010440634291632,2.1875054373580576,2.2764889516812303,83.91447609268134,81.07091064453125,78.22734519638117,5.330329895019531,3.0076424129360424,2.569955385648285,0.0,92.85714285714286,92.85714285714286,-0.2912081693222866,0.12267654785094062,1.0213164646682085,0.9938622027948765,0.17066998079313073,0.05852407444714779,1.2176703197378826,0.11954921730321784,1.0,0.48953958685242294,2.9258218091135797,2.7984438680992962,6929147.718419358,10429607.587073877,-11440711.642660057,277014.80974963814,5333794.24590667,4428459.4813158065,-734089.2458365412,4428459.4813158065,9510422.081995532,11279539.389714813,79552357.5689654,79552357.5689654,10255705.244462412,9510422.081995532,9510422.081995532,9510422.081995532,9510422.081995532,9510422.081995532,9510422.081995532,9510422.081995532,0.035634177799612546,0.03525643033177213,3398468.0523376064,3365729.9384581037,3365729.9384581037,3365729.9384581037,25876960.70529461,25876960.70529461,162504442.34849456,106780395.05090258,55724047.297591984,55541469.35480245,55541469.35480245,105571603.15381324,122059020.96682125,-56893805.28967114,-56893805.28967114,67853518.48994774,51366100.676939726,0.0027071901861896457,-204122.1400386993,79.41813659667969,2021-11-30,0,0,0,1,0,0,0,0,0,0,0,12.542204260841114,1
81.07091064453125,82.064794921875,84.29548110961915,87.97392852783203,81.07091064453125,82.064794921875,84.29548110961915,87.97392852783203,73.64120182427499,65.0314852642271,57.34143430936542,1.763319849053758,2.0965691939836812,-0.3332493449299232,53.35591630581698,144.45052505398957,-19.81644365391112,51.06248751511059,6.711728735325662,1.9010440634291632,2.1875054373580576,2.2764889516812303,83.91447609268134,81.07091064453125,78.22734519638117,5.330329895019531,3.0076424129360424,2.569955385648285,0.0,92.85714285714286,92.85714285714286,0.17431414202571038,0.0085061771494368,1.0253194000442523,1.0044099441904069,0.17066998079313073,0.05852407444714779,1.2176703197378826,0.11954921730321784,1.0,0.48953958685242294,2.9258218091135797,2.7984438680992962,6870704.290582269,10341639.767198427,-11344215.73400518,274678.3470703433,5288806.719045338,4391107.9393018065,-727897.6197364099,4391107.9393018065,9430207.070101378,11184402.877527889,78881378.58889645,78881378.58889645,10169204.192135312,9430207.070101378,9430207.070101378,9430207.070101378,9430207.070101378,9430207.070101378,9430207.070101378,9430207.070101378,0.03533362373677598,0.03495906235440733,3369803.903376621,3337341.9169046716,3337341.9169046716,3337341.9169046716,25658703.230193753,25658703.230193753,161133809.61911076,105879763.03002875,55254046.58908202,55073008.58760384,55073008.58760384,104681166.60644907,121029522.40889941,-56413938.336483605,-56413938.336483605,67281212.57693937,50932856.77448902,0.0026843565736419917,-202400.48565260618,80.09368133544922,2021-12-01,0,0,0,1,0,0,0,0,0,0,0,10.38670174496399,1
81.07091064453125,82.064794921875,84.29548110961915,87.97392852783203,81.07091064453125,82.064794921875,84.29548110961915,87.97392852783203,73.64120182427499,65.0314852642271,57.34143430936542,1.763319849053758,2.0965691939836812,-0.3332493449299232,53.35591630581698,144.45052505398957,-19.81644365391112,51.06248751511059,6.711728735325662,1.9010440634291632,2.1875054373580576,1.4436399940654923,83.91447609268134,81.07091064453125,78.22734519638117,5.330329895019531,3.0076424129360424,2.569955385648285,0.0,92.85714285714286,92.85714285714286,0.057376741626433345,0.00531499263814883,1.0140407553144541,1.0008051494462677,0.17066998079313073,0.05852407444714779,1.2176703197378826,0.11954921730321784,1.0,0.48953958685242294,2.9258218091135797,2.7984438680992962,6834379.613251523,10286964.625942644,-11284240.081047308,273226.15208346996,5260845.3646617215,4367892.622170744,-724049.3030211953,4367892.622170744,9380350.575847493,11125272.138016926,78464341.19309793,78464341.19309793,10115440.69928697,9380350.575847493,9380350.575847493,9380350.575847493,9380350.575847493,9380350.575847493,9380350.575847493,9380350.575847493,0.035146818654373635,0.03477423753789617,3351988.1112422063,3319697.74781416,3319697.74781416,3319697.74781416,25523048.415760867,25523048.415760867,160281912.434493,105319988.06879319,54961924.36569983,54781843.49273572,54781843.49273572,104127728.49606532,120389652.29325148,-56115683.88972502,-56115683.88972502,66925504.015791036,50663580.21860488,0.002670164668088456,-201330.4159738696,80.51937866210938,2021-12-02,0,0,0,1,0,0,0,0,0,0,0,11.049157860705813,1
81.07091064453125,82.064794921875,84.29548110961915,87.97392852783203,81.07091064453125,82.064794921875,84.29548110961915,87.97392852783203,73.64120182427499,65.0314852642271,57.34143430936542,1.763319849053758,2.0965691939836812,-0.3332493449299232,53.35591630581698,144.45052505398957,-19.81644365391112,51.06248751511059,6.711728735325662,1.9010440634291632,2.1875054373580576,1.4436240175357966,83.91447609268134,81.07091064453125,78.22734519638117,5.330329895019531,3.0076424129360424,2.569955385648285,0.0,92.85714285714286,92.85714285714286,0.6190495962133293,0.017584127704845853,1.0168771670086756,1.0103846136098547,0.17066998079313073,0.05852407444714779,1.2176703197378826,0.11954921730321784,1.0,0.48953958685242294,2.9258218091135797,2.7984438680992962,6716279.693420946,10109203.107506031,-11089245.374236364,268504.73061105,5169936.540310944,4292414.2616321035,-711537.5361192825,4292414.2616321035,9218255.59229664,10933024.440062663,77108456.2512524,77108456.2512524,9940643.160484705,9218255.59229664,9218255.59229664,9218255.59229664,9218255.59229664,9218255.59229664,9218255.59229664,9218255.59229664,0.03453947216496688,0.034173329350497265,3294064.8541782903,3262332.4769242574,3262332.4769242574,3262332.4769242574,25082003.267216764,25082003.267216764,157512197.8327313,103500030.31822215,54012167.51450917,53835198.487515524,53835198.487515524,102328373.31191938,118309286.68746978,-55145989.763316736,-55145989.763316736,65769013.28712846,49788099.91157806,0.0026240235036988978,-197851.37217889688,81.93524169921875,2021-12-03,0,0,0,1,0,0,0,0,0,0,0,10.354725061399987,1
81.07091064453125,82.064794921875,84.29548110961915,87.97392852783203,81.07091064453125,82.064794921875,84.29548110961915,87.97392852783203,73.64120182427499,65.0314852642271,57.34143430936542,1.763319849053758,2.0965691939836812,-0.3332493449299232,53.35591630581698,144.45052505398957,-19.81644365391112,51.06248751511059,6.711728735325662,1.9010440634291632,2.1875054373580576,1.7675070498394518,83.91447609268134,81.07091064453125,78.22734519638117,5.330329895019531,3.0076424129360424,2.569955385648285,0.0,92.85714285714286,92.85714285714286,0.6445796699129995,0.017731969783086887,1.0186957542020314,1.0120170674283724,0.17066998079313073,0.05852407444714779,1.2176703197378826,0.11954921730321784,1.0,0.48953958685242294,2.9258218091135797,2.7984438680992962,6599261.782895954,9933070.206746718,-10896037.172341023,263826.5659162475,5079860.60555102,4217627.419670193,-699140.3996780559,4217627.419670193,9057645.69257008,10742538.079444297,75764993.67283,75764993.67283,9767447.083934478,9057645.69257008,9057645.69257008,9057645.69257008,9057645.69257008,9057645.69257008,9057645.69257008,9057645.69257008,0.03393769007013547,0.033577926571158774,3236672.2791270544,3205492.775882407,3205492.775882407,3205492.775882407,24644998.891567282,24644998.891567282,154767858.8364503,101696746.67907062,53071112.157379694,52897226.46620762,52897226.46620762,100545503.48234518,116247981.00101493,-54185179.792544216,-54185179.792544216,64623118.10952157,48920640.59085182,0.0025783050759996913,-194404.20273037674,83.38811492919922,2021-12-06,0,0,0,1,0,0,0,0,0,0,0,10.916374218230136,1
81.44292297363282,82.064794921875,84.29548110961915,87.97392852783203,81.14000651041667,82.064794921875,84.29548110961915,87.97392852783203,73.64120182427499,65.0314852642271,57.34143430936542,1.763319849053758,2.0965691939836812,-0.3332493449299232,53.35591630581698,144.45052505398957,-19.81644365391112,51.06248751511059,6.711728735325662,1.9010440634291632,2.1875054373580576,3.0075616393043276,83.76269379028923,81.44292297363282,79.1231521569764,5.330329895019531,3.0076424129360424,2.569955385648285,0.0,92.85714285714286,92.85714285714286,-0.7138460599459143,-0.02530236699562216,1.037339154019014,0.9742651175201785,0.17066998079313073,0.05852407444714779,1.2176703197378826,0.11954921730321784,1.0,0.48953958685242294,2.9258218091135797,2.7984438680992962,6770573.313648659,10190924.724141711,-11178889.538035927,270675.2914778675,5211729.703182939,4327113.636943909,-717289.5224163489,4327113.636943909,9292774.893328788,11021405.732085168,77731792.0012736,77731792.0012736,10021002.15820531,9292774.893328788,9292774.893328788,9292774.893328788,9292774.893328788,9292774.893328788,9292774.893328788,9292774.893328788,0.03481868522192569,0.03444958255172859,3320693.689539838,3288704.7914560903,3288704.7914560903,3288704.7914560903,25284763.250734795,25284763.250734795,158785508.034321,104336712.46907999,54448795.56524103,54270395.94131243,54270395.94131243,103155583.9244493,119265685.13631837,-55591783.500618026,-55591783.500618026,66300682.30526966,50190581.093400575,0.0026452358030791597,-199450.77955216865,81.2781982421875,2021-12-07,0,0,0,1,0,0,0,0,0,0,0,18.196180787617276,1
81.83159484863282,82.064794921875,84.29548110961915,87.97392852783203,81.43901791042752,82.064794921875,84.29548110961915,87.97392852783203,73.64120182427499,65.0314852642271,57.34143430936542,1.763319849053758,2.0965691939836812,-0.3332493449299232,53.35591630581698,144.45052505398957,-19.81644365391112,51.06248751511059,6.711728735325662,1.9010440634291632,2.1875054373580576,1.1012373240871511,83.72977599007808,81.83159484863282,79.93341370718755,5.330329895019531,3.0076424129360424,2.569955385648285,0.0,92.85714285714286,92.85714285714286,0.6864448970355346,0.009336359376478365,1.0134335195169717,1.0092213709216524,0.17066998079313073,0.05852407444714779,1.2176703197378826,0.11954921730321784,1.0,0.48953958685242294,2.9258218091135797,2.7984438680992962,6707945.523562836,10096658.690109208,-11075484.831381416,268171.54555402946,5163521.213485767,4287087.8441523705,-710654.595718178,4287087.8441523705,9206816.743498111,10919457.750331799,77012773.07526375,77012773.07526375,9928307.907579813,9206816.743498111,9206816.743498111,9206816.743498111,9206816.743498111,9206816.743498111,9206816.743498111,9206816.743498111,0.034496612450813785,0.034130923979603746,3289977.279319661,3258284.278481458,3258284.278481458,3258284.278481458,25050879.23945845,25050879.23945845,157316742.39141786,103371598.08008344,53945144.31133442,53768394.883582905,53768394.883582905,102201394.97221132,118162477.77895887,-55077559.61051484,-55077559.61051484,65687401.12188881,49726318.31514126,0.0026207673770052876,-197605.86022619868,82.03704071044922,2021-12-08,0,0,0,1,0,0,0,0,0,0,0,17.838919295038604,1
82.14808044433593,82.064794921875,84.29548110961915,87.97392852783203,81.65994748716001,82.064794921875,84.29548110961915,87.97392852783203,73.64120182427499,65.0314852642271,57.34143430936542,1.763319849053758,2.0965691939836812,-0.3332493449299232,53.35591630581698,144.45052505398957,-19.81644365391112,51.06248751511059,6.711728735325662,1.9010440634291632,2.1875054373580576,0.8051036552513295,83.5204220892936,82.14808044433593,80.77573879937826,5.330329895019531,3.0076424129360424,2.569955385648285,0.0,92.85714285714286,92.85714285714286,0.02299334403200043,0.0007894717997491973,1.009871811797297,1.0002255273184804,0.17066998079313073,0.05852407444714779,1.2176703197378826,0.11954921730321784,1.0,0.48953958685242294,2.9258218091135797,2.7984438680992962,6702653.967272198,10088693.950738799,-11066747.945963144,267959.99869160156,5159447.974807383,4283705.979083467,-710093.9965327441,4283705.979083467,9199553.955080302,10910843.946724394,76952021.62425771,76952021.62425771,9920475.971560176,9199553.955080302,9199553.955080302,9199553.955080302,9199553.955080302,9199553.955080302,9199553.955080302,9199553.955080302,0.034469399831692386,0.03410399983347656,3287381.98394833,3255713.9841029593,3255713.9841029593,3255713.9841029593,25031117.877777744,25031117.877777744,157192643.2324578,103290053.49565403,53902589.73680376,53725979.737666115,53725979.737666115,102120773.50136341,118069265.42348991,-55034111.731278755,-55034111.731278755,65635583.67951375,49687091.75738725,0.002618699987213379,-197449.97903588877,82.101806640625,2021-12-09,0,0,0,1,0,0,0,0,0,0,0,10.379771937232542,1
82.51269073486328,82.064794921875,84.29548110961915,87.97392852783203,82.35939604205849,82.064794921875,84.29548110961915,87.97392852783203,73.64120182427499,65.0314852642271,57.34143430936542,1.763319849053758,2.0965691939836812,-0.3332493449299232,53.35591630581698,144.45052505398957,-19.81644365391112,51.06248751511059,6.711728735325662,1.9010440634291632,2.1875054373580576,1.7767864538194686,84.3537628790966,82.51269073486328,80.67161859062996,5.330329895019531,3.0076424129360424,2.569955385648285,0.0,92.85714285714286,92.85714285714286,0.8206549682384308,0.020176005608271375,1.0207206787686502,1.016966316137421,0.17066998079313073,0.05852407444714779,1.2176703197378826,0.11954921730321784,1.0,0.48953958685242294,2.9258218091135797,2.7984438680992962,6570095.679985922,9889170.001330798,-10847881.037316388,262660.5578042709,5057409.649358598,4198987.189989185,-696050.4781813179,4198987.189989185,9017614.514071172,10695060.349139357,75430142.64325468,75430142.64325468,9724278.866611036,9017614.514071172,9017614.514071172,9017614.514071172,9017614.514071172,9017614.514071172,9017614.514071172,9017614.514071172,0.0337876990266403,0.033429525538725385,3222367.479607851,3191325.7773218914,3191325.7773218914,3191325.7773218914,24536077.83379805,24536077.83379805,154083846.6777436,101247287.65216175,52836559.02558186,52663441.83975631,52663441.83975631,100101132.49083401,115734211.32669367,-53945702.92649171,-53945702.92649171,64337509.72252977,48704430.88667012,0.0025669099967235566,-193545.01375295615,83.75829315185547,2021-12-10,0,0,0,1,0,0,0,0,0,0,0,9.039741520756246,1
83.05867919921874,82.064794921875,84.29548110961915,87.97392852783203,83.61228311169785,82.064794921875,84.29548110961915,87.97392852783203,73.64120182427499,78.81844072426843,63.33616749966973,1.763319849053758,2.0965691939836812,-0.3332493449299232,53.35591630581698,144.45052505398957,-19.81644365391112,51.06248751511059,6.711728735325662,1.9010440634291632,2.1875054373580576,3.1463736701120126,86.52032233273574,83.05867919921874,79.59703606570174,5.330329895019531,3.0076424129360424,2.569955385648285,0.0,92.85714285714286,92.85714285714286,0.7647050903746253,0.028173497934619984,1.0376648017316623,1.0287419688308108,0.17066998079313073,0.05852407444714779,1.2176703197378826,0.11954921730321784,1.0,0.48953958685242294,2.9258218091135797,2.7984438680992962,6390065.191510805,9618191.891928766,-10550632.80575453,255463.264061853,4918829.029845497,4083928.6350251683,-676977.6497639104,4083928.6350251683,8770518.333905345,10401999.633936724,73363243.45529005,73363243.45529005,9457819.021930663,8770518.333905345,8770518.333905345,8770518.333905345,8770518.333905345,8770518.333905345,8770518.333905345,8770518.333905345,0.03286186533159291,0.03251350633514492,3134069.7713770056,3103878.658351514,3103878.658351514,3103878.658351514,23863752.45334155,23863752.45334155,149861717.87861192,98472959.91926055,51388757.95935138,51220384.444401525,51220384.444401525,97358211.130627,112562920.12892656,-52467509.6516853,-52467509.6516853,62574565.335296065,47369856.3369965,0.0024965728078772,-188241.58971394086,86.11805725097656,2021-12-13,0,0,0,1,0,0,0,0,0,0,0,5.6527717953383805,1
83.75273284912109,82.59782791137695,84.29548110961915,87.97392852783203,83.99101090503164,82.55273520729759,84.29548110961915,87.97392852783203,73.64120182427499,83.77978877706418,75.8765715885199,1.763319849053758,2.0965691939836812,-0.3332493449299232,53.35591630581698,144.45052505398957,-19.81644365391112,51.06248751511059,6.711728735325662,1.9010440634291632,2.1875054373580576,1.9155852398678377,86.883922117185,83.75273284912109,80.62154358105718,5.330329895019531,3.0076424129360424,2.569955385648285,0.0,92.85714285714286,92.85714285714286,-0.8115944699781422,-0.015903642081542824,1.0226105912159713,0.9819858431621983,0.17066998079313073,0.05852407444714779,1.2176703197378826,0.11954921730321784,1.0,0.48953958685242294,2.9258218091135797,2.7984438680992962,6493332.832799986,9773628.176282443,-10721137.94636029,259591.71782954698,4998320.530572549,4149927.5982114393,-687918.0522482995,4149927.5982114393,8912255.658029856,10570102.765077645,74548841.54887703,74548841.54887703,9610663.575603176,8912255.658029856,8912255.658029856,8912255.658029856,8912255.658029856,8912255.658029856,8912255.658029856,8912255.658029856,0.033392934611709904,0.0330389459055787,3184718.392827033,3154039.3716289955,3154039.3716289955,3154039.3716289955,24249406.332341,24249406.332341,152283581.4529349,100064347.48681396,52219233.96612091,52048139.42482417,52048139.42482417,98931583.62719412,114382010.68746725,-53315418.99277387,-53315418.99277387,63585811.31999376,48135384.25972063,0.0025369190606069365,-191283.697169763,84.74846649169922,2021-12-14,0,0,0,1,0,0,0,0,0,0,0,5.803585133115313,1
84.4116195678711,83.12160720825196,84.29548110961915,87.97392852783203,84.4378320380875,83.05796049764334,84.29548110961915,87.97392852783203,73.64120182427499,76.19893372844788,79.59905440992682,1.763319849053758,2.0965691939836812,-0.3332493449299232,53.35591630581698,144.45052505398957,-19.81644365391112,51.06248751511059,6.539583249785985,1.9010440634291632,2.1875054373580576,1.212276587350388,87.1877462677304,84.4116195678711,81.6354928680118,5.23779296875,3.0076424129360424,2.569955385648285,0.0,92.85714285714286,92.85714285714286,0.4503797232446526,0.006879272707041917,1.0143372826881387,1.0064396018358845,0.17066998079313073,0.05852407444714779,1.2176703197378826,0.11954921730321784,1.0,0.48953958685242294,2.9258218091135797,2.7984438680992962,6448968.618990793,9706852.093603624,-10647888.219543949,257818.11669597938,4964170.646928039,4121574.1655443613,-683218.0092443454,4121574.1655443613,8851364.706385147,10497884.951648105,74039503.61243309,74039503.61243309,9545000.91134507,8851364.706385147,8851364.706385147,8851364.706385147,8851364.706385147,8851364.706385147,8851364.706385147,8851364.706385147,0.03316478501134644,0.032813214852215555,3162959.5316474927,3132490.1178561496,3132490.1178561496,3132490.1178561496,24083727.800995782,24083727.800995782,151243138.6570441,99380680.682587,51862457.97445712,51692532.39754386,51692532.39754386,98255656.17336817,113600521.7189007,-52951153.56723242,-52951153.56723242,63151375.784149714,47806510.2386172,0.00251958614043798,-189976.7949890237,85.33147430419922,2021-12-15,0,0,0,1,0,0,0,0,0,0,0,6.909708708437259,1
85.51099853515625,83.8295394897461,84.29548110961915,87.97392852783203,85.4914551844086,83.8835497666265,84.29548110961915,87.97392852783203,73.64120182427499,77.08612653176357,79.02161634575855,1.763319849053758,2.0965691939836812,-0.3332493449299232,53.35591630581698,144.45052505398957,-19.81644365391112,51.06248751511059,8.79207332765073,1.9010440634291632,2.1875054373580576,3.2759293411256607,88.10525127311398,85.51099853515625,82.91674579719852,7.079322814941406,3.0076424129360424,2.569955385648285,0.0,92.85714285714286,92.85714285714286,0.765538421750231,0.026569647264842677,1.0386758545038686,1.0294726134182757,0.17066998079313073,0.05852407444714779,1.2176703197378826,0.11954921730321784,1.0,0.48953958685242294,2.9258218091135797,2.7984438680992962,6282056.591263151,9455619.61574281,-10372299.870655458,251145.2753185341,4835688.119315048,4014899.696796748,-665534.9795941154,4014899.696796748,8622273.929458583,10226178.983197402,72123215.22431667,72123215.22431667,9297957.461314434,8622273.929458583,8622273.929458583,8622273.929458583,8622273.929458583,8622273.929458583,8622273.929458583,8622273.929458583,0.032306414961429615,0.0319639441314498,3081095.9003851074,3051415.0951201897,3051415.0951201897,3051415.0951201897,23460393.423050884,23460393.423050884,147328667.91845173,96808512.64926204,50520155.26918967,50354627.70136609,50354627.70136609,95712605.99332662,110660316.15251246,-51580673.27269384,-51580673.27269384,61516893.619841665,46569183.46065582,0.002454374281522038,-185059.82082676166,87.59870147705078,2021-12-16,0,0,0,1,0,0,0,0,0,0,0,4.227522368784428,1
86.17914123535157,84.34591598510742,84.29548110961915,87.97392852783203,86.02730567388308,84.46817829139114,84.29548110961915,87.97392852783203,73.64120182427499,77.05582007953073,76.78029344658073,1.763319849053758,2.0965691939836812,-0.3332493449299232,53.35591630581698,144.45052505398957,-19.81644365391112,51.06248751511059,6.302251444585072,1.9010440634291632,2.1875054373580576,2.230219447102087,88.30148039157142,86.17914123535157,84.05680207913171,5.163764953613281,3.0076424129360424,2.569955385648285,0.0,92.85714285714286,92.85714285714286,-0.21991686795427232,-0.005704363372893817,1.0256737611824838,0.9944004355969085,0.17066998079313073,0.05852407444714779,1.2176703197378826,0.11954921730321784,1.0,0.48953958685242294,2.9258218091135797,2.7984438680992962,6318097.314168473,9509867.354762396,-10431806.686631791,252586.11832038235,4863430.896386998,4037933.536967203,-669353.2135490132,4037933.536967203,8671740.68942658,10284847.490518114,72536992.58801562,72536992.58801562,9351300.678393178,8671740.68942658,8671740.68942658,8671740.68942658,8671740.68942658,8671740.68942658,8671740.68942658,8671740.68942658,0.03249175976575827,0.03214732414986684,3098772.424303236,3068921.3375926455,3068921.3375926455,3068921.3375926455,23594987.807282627,23594987.807282627,148173905.7190541,97363911.78146993,50809993.937584184,50643516.72323666,50643516.72323666,96261717.81061734,111295184.32555865,-51876596.22812798,-51876596.22812798,61869821.56385802,46836355.04891671,0.0024684552472219183,-186121.52564053264,87.09900665283203,2021-12-17,0,0,0,1,0,0,0,0,0,0,0,3.278925173356099,1
86.33646087646484,84.6975700378418,84.29548110961915,87.97392852783203,86.31975560143637,84.91117413960056,84.29548110961915,87.97392852783203,73.64120182427499,69.75065709076976,74.63086790068802,1.763319849053758,2.0965691939836812,-0.3332493449299232,53.35591630581698,92.41771663940288,-23.281030853888616,51.06248751511059,4.217076414701881,1.9010440634291632,2.1875054373580576,1.2122835168660515,88.53269340552664,86.33646087646484,84.14022834740304,3.51654052734375,3.0076424129360424,2.569955385648285,0.0,92.85714285714286,92.85714285714286,0.3053434669928058,-0.0022313824664352833,1.0141088337050799,1.0042776335872194,0.17066998079313073,0.05852407444714779,1.2176703197378826,0.11954921730321784,1.0,0.48953958685242294,2.9258218091135797,2.7984438680992962,6332226.934323211,9531134.962202283,-10455136.093996128,253150.9950120128,4874307.34032221,4046963.8611693135,-670850.136781834,4046963.8611693135,8691133.933298785,10307848.242352776,72699212.33574526,72699212.33574526,9372213.671651786,8691133.933298785,8691133.933298785,8691133.933298785,8691133.933298785,8691133.933298785,8691133.933298785,8691133.933298785,0.03256442344927256,0.032219217546983446,3105702.4342610114,3075784.5893959557,3075784.5893959557,3075784.5893959557,23647754.993144885,23647754.993144885,148505277.7920925,97581653.7727442,50923624.0193483,50756774.49990857,50756774.49990857,96476994.88541904,111544081.83399765,-51992611.63010357,-51992611.63010357,62008185.54185157,46941098.593272954,0.002473975633071943,-186537.76273362452,86.90465545654297,2021-12-20,0,0,0,1,0,0,0,0,0,0,0,3.574035005719983,1
86.60297546386718,85.17785415649413,84.29548110961915,87.97392852783203,86.24018354386122,85.12387691943881,84.29548110961915,87.97392852783203,69.73478516436185,49.7985085377914,65.53499523603062,1.763319849053758,2.0965691939836812,-0.3332493449299232,53.35591630581698,58.918777956289006,-34.71798425333861,51.06248751511059,5.909138354927901,1.9047268078120125,2.212713531868345,1.952602484789054,88.20738450786439,86.60297546386718,84.99856641986997,4.8028411865234375,3.0076424129360424,2.569955385648285,0.0,85.71428571428572,85.71428571428572,-0.26984248726415844,-0.009477237134250971,1.0205882279609821,0.9945471811944109,0.17066998079313073,0.05852407444714779,1.2176703197378826,0.11954921730321784,1.0,0.48953958685242294,2.9258218091135797,2.7984438680992962,6392813.14040983,9622328.046886176,-10555169.94253384,255573.12209525035,4920944.296343093,4085684.865495434,-677268.7735524134,4085684.865495434,8774289.959933754,10406472.853314785,73394792.18570828,73394792.18570828,9461886.211010834,8774289.959933754,8774289.959933754,8774289.959933754,8774289.959933754,8774289.959933754,8774289.959933754,8774289.959933754,0.03287599706952539,0.03252748826666822,3135417.529704912,3105213.4334572917,3105213.4334572917,3105213.4334572917,23874014.691724956,23874014.691724956,149926163.597131,98515306.69565235,51410856.901478656,51242410.980097696,51242410.980097696,97400078.52650943,112611326.07521492,-52490072.49432632,-52490072.49432632,62601474.56122205,47390227.01251656,0.00249764642047631,-188322.54010391378,86.08103942871094,2021-12-21,0,0,0,1,0,0,0,0,0,0,0,3.863530853207365,1
86.82136993408203,85.61649475097656,84.29548110961915,87.97392852783203,86.3012712476653,85.3601623259542,84.29548110961915,87.97392852783203,70.43690368633975,41.49779880554133,53.68232147803416,1.763319849053758,2.0965691939836812,-0.3332493449299232,53.35591630581698,57.090435685193825,-31.277134354731057,51.06248751511059,5.346860280231325,1.8466732210961603,2.1367734018549225,1.0919765937900792,87.87766350939165,86.82136993408203,85.7650763587724,4.386405944824219,3.0076424129360424,2.569955385648285,0.0,78.57142857142857,78.57142857142857,0.19491158309895204,0.003977731087297931,1.0127857871217905,1.0024688248013949,0.17066998079313073,0.05852407444714779,1.2176703197378826,0.11954921730321784,1.0,0.48953958685242294,2.9258218091135797,2.7984438680992962,6367484.997387818,9584204.658070743,-10513350.660778796,254560.54868713793,4901447.655630528,4069497.4987848364,-674585.4540209154,4069497.4987848364,8739526.473790694,10365242.705179006,73104004.1159304,73104004.1159304,9424398.488165377,8739526.473790694,8739526.473790694,8739526.473790694,8739526.473790694,8739526.473790694,8739526.473790694,8739526.473790694,0.032745743308390925,0.032398615287453914,3122995.095029933,3092910.6665487257,3092910.6665487257,3092910.6665487257,23779426.52758805,23779426.52758805,149332160.42029384,98124991.8650698,51207168.55522404,51039390.01177115,51039390.01177115,97014182.19807138,112165163.21856858,-52282108.32672563,-52282108.32672563,62353449.30751131,47202468.28701411,0.0024877508167152115,-187576.41158032694,86.42344665527344,2021-12-22,0,0,0,1,0,0,0,0,0,0,0,3.968009729076368,1
86.51968994140626,86.01534423828124,84.29548110961915,87.97392852783203,86.23094800300082,85.49291490553924,84.29548110961915,87.97392852783203,68.76538290628903,33.40592945129149,41.56741226487474,1.763319849053758,2.0965691939836812,-0.3332493449299232,53.35591630581698,56.155083041045124,-35.17322855142132,51.06248751511059,4.857986731650454,1.757072118063187,2.040964065835161,0.5922577786345329,87.35388788638788,86.51968994140626,85.68549199642463,3.988494873046875,3.0076424129360424,2.569955385648285,14.285714285714286,71.42857142857143,57.142857142857146,-0.6875044703526128,-0.0038548004562976024,1.0068817138671875,0.995292581195465,0.17066998079313073,0.05852407444714779,1.2176703197378826,0.11954921730321784,1.0,0.48953958685242294,2.9258218091135797,2.7984438680992962,6392125.3651621565,9621292.822031282,-10554034.357234845,255545.62608316817,4920414.873128638,4085245.3042477383,-677195.9091203957,4085245.3042477383,8773345.971846223,10405353.265695548,73386895.95594765,73386895.95594765,9460868.247402435,8773345.971846223,8773345.971846223,8773345.971846223,8773345.971846223,8773345.971846223,8773345.971846223,8773345.971846223,0.03287246008251663,0.0325239887742214,3135080.203629413,3104879.356910493,3104879.356910493,3104879.356910493,23871446.18925086,23871446.18925086,149910033.68655235,98504707.85786778,51405325.82868458,51236898.029675215,51236898.029675215,97389599.67132305,112599210.70738216,-52484425.31337214,-52484425.31337214,62594739.53804439,47385128.50198528,0.0024973777094491434,-188302.27929246542,86.09030151367188,2021-12-23,0,0,0,1,0,0,0,0,0,0,0,4.435056346900238,1
86.52153778076172,86.35033950805663,84.29548110961915,87.97392852783203,86.523380618537,85.78661144082471,84.29548110961915,87.97392852783203,71.0277785160373,55.114052065260644,43.33926010736448,1.763319849053758,2.0965691939836812,-0.3332493449299232,53.35591630581698,69.47071156802106,-23.268486369879582,51.06248751511059,3.9995474736816528,1.7055995641506063,1.9580230866952475,1.0364563632870585,87.36088557359072,86.52153778076172,85.68218998793272,3.3499526977539062,3.0076424129360424,2.569955385648285,7.142857142857143,64.28571428571429,57.142857142857146,0.9553545275577322,0.011824146483861986,1.0120391568448701,1.0114979553287708,0.17066998079313073,0.05852407444714779,1.2176703197378826,0.11954921730321784,1.0,0.48953958685242294,2.9258218091135797,2.7984438680992962,6317427.180775535,9508858.684056653,-10430700.229788573,252559.32759778626,4862915.053201012,4037505.2507337015,-669282.2181341336,4037505.2507337015,8670820.915209454,10283756.621004406,72529298.90136608,72529298.90136608,9350308.826172424,8670820.915209454,8670820.915209454,8670820.915209454,8670820.915209454,8670820.915209454,8670820.915209454,8670820.915209454,0.032488313504624326,0.03214391442153643,3098443.750847387,3068595.8303131033,3068595.8303131033,3068595.8303131033,23592485.188464116,23592485.188464116,148158189.5505232,97353584.81034122,50804604.74018196,50638145.18335614,50638145.18335614,96251507.74445997,111283379.72430275,-51871093.90081079,-51871093.90081079,61863259.29813412,46831387.31829133,0.0024681934287965474,-186101.78453125968,87.10824584960938,2021-12-27,0,0,0,1,0,0,0,0,0,0,0,2.5320973541206917,1
86.71587371826172,86.52616729736329,84.29548110961915,87.97392852783203,86.97436546037233,86.16656120504622,84.29548110961915,87.97392852783203,72.6382344485663,75.28955951730329,54.603180344618465,1.763319849053758,2.0965691939836812,-0.3332493449299232,53.35591630581698,96.27126362920264,-15.639883590896156,51.06248751511059,2.041706407684285,1.6657352109592876,1.8955446972485694,1.1474986194721453,88.09587237208612,86.71587371826172,85.33587506443732,1.7582778930664062,3.0076424129360424,2.569955385648285,0.0,57.142857142857146,57.142857142857146,0.7096764269761061,0.00881764162441856,1.0132294656925114,1.009353712120438,0.17066998079313073,0.05852407444714779,1.2176703197378826,0.11954921730321784,1.0,0.48953958685242294,2.9258218091135797,2.7984438680992962,6262209.2637110185,9425745.835238663,-10339529.960036037,250351.81501297912,4820410.401795361,4002215.1518211253,-663432.3097843947,4002215.1518211253,8595032.994513778,10193870.722210303,71895351.45775004,71895351.45775004,9268581.793550288,8595032.994513778,8595032.994513778,8595032.994513778,8595032.994513778,8595032.994513778,8595032.994513778,8595032.994513778,0.03220434711303322,0.031862958274379155,3071361.5850910484,3041774.5524076964,3041774.5524076964,3041774.5524076964,23386273.41059879,23386273.41059879,146863202.46338663,96502658.94793485,50360543.515451774,50195538.91010231,50195538.91010231,95410214.66424185,110310699.50869617,-51417710.952483855,-51417710.952483855,61322539.12463372,46422054.28017941,0.002446620010354114,-184475.1487807002,87.87633514404297,2021-12-28,0,0,0,1,0,0,0,0,0,0,0,2.1750584969240228,1
87.19708557128907,86.90003051757813,84.74892921447754,87.97392852783203,87.47860987153076,86.58847711210103,84.69468278430757,87.97392852783203,73.8814930649878,96.38305009274644,75.59555389177012,1.763319849053758,2.0965691939836812,-0.3332493449299232,53.35591630581698,132.13655102348392,-8.09827071382774,51.06248751511059,4.4114452531298864,1.6194643096795531,1.830169972328578,1.0179425930430028,88.9762751524577,87.19708557128907,85.41789599012043,3.7386322021484375,3.0076424129360424,2.569955385648285,0.0,50.0,50.0,0.5272751232842555,0.006950261965335214,1.0115960201037681,1.0061027128100535,0.17066998079313073,0.05852407444714779,1.2176703197378826,0.11954921730321784,1.0,0.48953958685242294,2.9258218091135797,2.7984438680992962,6218985.684048214,9360686.611116001,-10268163.533574792,248623.81437227095,4787138.534913363,3974590.7052148953,-658853.108086518,3974590.7052148953,8535707.59069892,10123509.677940015,71399108.94648048,71399108.94648048,9204607.361102574,8535707.59069892,8535707.59069892,8535707.59069892,8535707.59069892,8535707.59069892,8535707.59069892,8535707.59069892,0.03198206339425122,0.03164303092010721,3050162.159048906,3020779.344623092,3020779.344623092,3020779.344623092,23224854.587111548,23224854.587111548,145849510.160257,95836569.68278043,50012940.4774766,49849074.78164033,49849074.78164033,94751665.7655196,109549303.15365832,-51062811.03907587,-51062811.03907587,60899273.22224063,46101635.834101915,0.0024297327313653754,-183201.8479449493,88.48709869384766,2021-12-29,0,0,0,1,0,0,0,0,0,0,0,2.803155080956229,1
87.66927185058594,87.24532089233398,85.18346405029297,87.97392852783203,87.91386593160645,86.98773182840226,85.08417757168378,87.97392852783203,74.48909555309268,94.1860958247186,88.61956847825611,1.763319849053758,2.0965691939836812,-0.3332493449299232,53.35591630581698,141.52896615010363,-4.528981904195503,51.06248751511059,4.046459733309304,1.5601916613848785,1.7572817376445977,0.7896472335541063,89.6213118689403,87.66927185058594,85.71723183223159,3.4529037475585938,3.0076424129360424,2.569955385648285,0.0,42.85714285714286,42.85714285714286,-0.15293821974489796,0.003359578540807373,1.0089501786163586,0.9986416169533603,0.17066998079313073,0.05852407444714779,1.2176703197378826,0.11954921730321784,1.0,0.48953958685242294,2.9258218091135797,2.7984438680992962,6198162.470420153,9329343.947390538,-10233782.338040616,247791.33990413113,4771109.617426815,3961282.4656492234,-656647.0507459475,3961282.4656492234,8507127.228617739,10089612.831187302,71160041.19910501,71160041.19910501,9173787.302144358,8507127.228617739,8507127.228617739,8507127.228617739,8507127.228617739,8507127.228617739,8507127.228617739,8507127.228617739,0.031874976905849596,0.03153707962416214,3039949.2109147725,3010664.7798351934,3010664.7798351934,3010664.7798351934,23147090.119862724,23147090.119862724,145361157.93339708,95515677.2631365,49845480.67026056,49682163.65077829,49682163.65077829,94434405.96173666,109182495.98312163,-50891835.91921937,-50891835.91921937,60695362.38524463,45947272.36385966,0.002421597185426736,-182588.4277811759,88.78437805175781,2021-12-30,0,0,0,1,0,0,0,0,0,0,0,2.145027655406231,1
88.401318359375,87.46050415039062,85.64502182006837,87.97392852783203,88.5260886402767,87.49005950644134,85.52859247510601,87.97392852783203,76.40983870749892,92.60452048638331,94.39122213461611,1.763319849053758,2.0965691939836812,-0.3332493449299232,53.35591630581698,166.38927239722855,-3.0437718819602724,51.06248751511059,2.456466299480642,1.5316956837848508,1.7066145620944688,1.1612479749844908,90.17267261778584,88.401318359375,86.62996410096416,2.1518325805664062,3.0076424129360424,2.569955385648285,0.0,100.0,100.0,0.6799987792968748,0.010882049602196187,1.0130794182692426,1.0088763414281452,0.17066998079313073,0.05852407444714779,1.2176703197378826,0.11954921730321784,1.0,0.48953958685242294,2.9258218091135797,2.7984438680992962,6131439.837970476,9228914.44265118,-10123616.639614709,245123.88957904864,4719749.073894773,3918639.6347705186,-649578.3073844789,3918639.6347705186,8415548.809047975,9980999.103859626,70394010.08961233,70394010.08961233,9075032.349970443,8415548.809047975,8415548.809047975,8415548.809047975,8415548.809047975,8415548.809047975,8415548.809047975,8415548.809047975,0.03153184579585035,0.03119758594642437,3007224.4453356923,2978255.258385441,2978255.258385441,2978255.258385441,22897913.885177404,22897913.885177404,143796358.82405844,94487460.03623664,49308898.78782181,49147339.86059925,49147339.86059925,93417828.51807353,108007156.74601926,-50343990.12154424,-50343990.12154424,60041982.552889876,45452654.32494414,0.0023955289208861573,-180622.88063481625,89.75053405761719,2021-12-31,0,0,0,1,0,0,0,0,0,0,0,0.300175572787731,1
88.78299255371094,87.65226516723632,85.99909057617188,87.97392852783203,88.68959803394749,87.7676153818682,85.86078526998058,87.97392852783203,71.97661767254743,86.03816431452178,90.9429268752079,1.763319849053758,2.0965691939836812,-0.3332493449299232,53.35591630581698,100.29398403623678,-17.23098866827383,51.06248751511059,2.201644131373892,1.5477041312841764,1.7386687862911796,1.7558139487754119,90.01597255828347,88.78299255371094,87.55001254913842,1.9176101684570312,3.0076424129360424,2.569955385648285,0.0,92.85714285714286,92.85714285714286,-0.1879189132449545,-0.008177302163538958,1.0157305515684882,0.9970863810224484,0.17066998079313073,0.05852407444714779,1.2176703197378826,0.11954921730321784,1.0,0.48953958685242294,2.9258218091135797,2.7984438680992962,6181991.853327672,9305004.274234619,-10207083.041856302,247144.86784155693,4758662.091712887,3950947.7281761626,-654933.8997801259,3950947.7281761626,8484932.667305816,10063289.664203033,70974389.11528057,70974389.11528057,9149853.466518266,8484932.667305816,8484932.667305816,8484932.667305816,8484932.667305816,8484932.667305816,8484932.667305816,8484932.667305816,0.03179181709052755,0.0314548013616527,3032018.174110737,3002810.144274917,3002810.144274917,3002810.144274917,23086700.813690167,23086700.813690167,144981919.7904348,95266482.85257979,49715436.93785501,49552546.002232164,49552546.002232164,94188032.52018027,108897645.69980457,-50759062.311604135,-50759062.311604135,60537011.992026456,45827398.81240215,0.002415279390269761,-182112.06602633998,89.01661682128906,2022-01-03,0,0,0,1,0,0,0,0,0,0,0,1.5028130069064842,1
89.13739471435547,87.9266342163086,86.31210212707519,87.97392852783203,89.0091806717202,88.10956639375864,86.22150533448392,87.97392852783203,73.40685560008046,84.07510561951123,87.57259680680545,1.763319849053758,2.0965691939836812,-0.3332493449299232,53.35591630581698,106.6919622185892,-5.513823357400445,51.06248751511059,3.157127171506535,1.5645592100397665,1.745218156016059,1.7836752338624393,90.11682475044216,89.13739471435547,88.15796467826877,2.7436904907226562,3.0076424129360424,2.569955385648285,7.142857142857143,85.71428571428572,78.57142857142857,0.4270835816862589,0.007096755061415383,1.0202424691600724,1.008570230896831,0.17066998079313073,0.05852407444714779,1.2176703197378826,0.11954921730321784,1.0,0.48953958685242294,2.9258218091135797,2.7984438680992962,6138428.92677246,9239434.272298072,-10135156.319944499,245403.3007250484,4725129.008505932,3923106.402954524,-650318.7469213783,3923106.402954524,8425141.501710411,9992376.217704471,70474250.62049015,70474250.62049015,9085376.77292018,8425141.501710411,8425141.501710411,8425141.501710411,8425141.501710411,8425141.501710411,8425141.501710411,8425141.501710411,0.03156778822963122,0.031233147365006157,3010652.312076844,2981650.103809338,2981650.103809338,2981650.103809338,22924014.69636577,22924014.69636577,143960269.0226059,94595164.14266491,49365104.87994099,49203361.7953722,49203361.7953722,93524313.3758647,108130271.64720008,-50401376.09072994,-50401376.09072994,60110423.043051854,45504464.771716475,0.002398259529812973,-180828.76854789816,89.64834594726562,2022-01-04,0,0,0,1,0,0,0,0,0,0,0,3.4196913327457787,1
89.44767913818359,88.32238235473633,86.75011825561523,87.97392852783203,89.3522940521429,88.46028537907313,86.58503061815101,87.97392852783203,74.27997219896793,76.23802256215366,82.11709749872891,1.763319849053758,2.0965691939836812,-0.3332493449299232,53.35591630581698,138.11148200079023,-13.284720568884389,51.06248751511059,4.59739033187998,1.5390691216033243,1.709345186600744,1.2076979719295764,90.38868507120829,89.44767913818359,88.50667320515889,3.9574813842773438,3.0076424129360424,2.569955385648285,0.0,100.0,100.0,0.3015846104474035,0.00435228181401337,1.0130516068394588,1.0039361637643909,0.17066998079313073,0.05852407444714779,1.2176703197378826,0.11954921730321784,1.0,0.48953958685242294,2.9258218091135797,2.7984438680992962,6111828.52662566,9199395.908784362,-10091236.415213656,244339.86477514906,4704653.032670598,3906105.929155451,-647500.641654145,3906105.929155451,8388631.812030459,9949075.039344478,70168855.98467791,70168855.98467791,9046006.005493017,8388631.812030459,8388631.812030459,8388631.812030459,8388631.812030459,8388631.812030459,8388631.812030459,8388631.812030459,0.031430991696075994,0.031097800971382605,2997605.8864914877,2968729.357018061,2968729.357018061,2968729.357018061,22824675.277245857,22824675.277245857,143336428.4915963,94185243.42057711,49151185.07101919,48990142.88741738,48990142.88741738,93119033.10155828,107661697.59867556,-50182965.6818197,-50182965.6818197,59849939.240923785,45307274.7438065,0.002387866860302593,-180045.1612668155,90.03852081298828,2022-01-05,0,0,0,1,0,0,0,0,0,0,0,5.158890852193814,1
89.61861572265624,88.6439437866211,87.13021926879883,87.97392852783203,89.44788302613563,88.67460821453639,86.87589065205292,87.97392852783203,71.68501932116932,70.06661135605222,76.79324651257238,1.763319849053758,2.0965691939836812,-0.3332493449299232,53.35591630581698,109.22872168073006,-24.077415133102477,51.06248751511059,3.7207661153276117,1.547914258277564,1.7268300687849114,1.6629010350426796,90.28640449393164,89.61861572265624,88.95082695138085,3.2156143188476562,2.8013662077755908,2.4047100360576934,0.0,100.0,100.0,-0.35754289952176327,-0.004436543773268742,1.0185876763178374,0.9934108987156808,0.17066998079313073,0.05852407444714779,1.2176703197378826,0.11954921730321784,1.0,0.48953958685242294,2.9258218091135797,2.7984438680992962,6139064.756143221,9240391.309310248,-10136206.137437271,245428.72003480076,4725618.445760982,3923512.76528361,-650386.108092222,3923512.76528361,8426014.192831136,9993411.24578066,70481550.46853945,70481550.46853945,9086317.852382947,8426014.192831136,8426014.192831136,8426014.192831136,8426014.192831136,8426014.192831136,8426014.192831136,8426014.192831136,0.031571058077203916,0.03123638254988373,3010964.1607905785,2981958.948422829,2981958.948422829,2981958.948422829,22926389.206523594,22926389.206523594,143975180.68296054,94604962.47777823,49370218.20518231,49208458.36697755,49208458.36697755,93534000.79035364,108141471.97278854,-50406596.75478381,-50406596.75478381,60116649.38743338,45509178.20499846,0.002398507945794644,-180847.49911291615,89.6390609741211,2022-01-06,0,0,0,1,0,0,0,0,0,0,0,5.036780892881719,1
89.51271209716796,88.95701522827149,87.48617973327637,87.97392852783203,89.37226066081568,88.77395507192537,87.09923591663605,87.97392852783203,68.96952067247375,54.37351423101773,66.89271604974122,1.763319849053758,2.0965691939836812,-0.3332493449299232,53.35591630581698,67.68152907877446,-30.849125424848094,51.06248751511059,3.6365471620595002,1.518304617907905,1.7017342854469708,1.1333792931023368,90.2293891860874,89.51271209716796,88.79603500824852,3.1307144165039062,2.6862496803599814,2.315323413946686,14.285714285714286,92.85714285714286,78.57142857142857,-0.1967193636340967,-0.004663648184199509,1.0127295624720387,0.9975072926172373,0.17066998079313073,0.05852407444714779,1.2176703197378826,0.11954921730321784,1.0,0.48953958685242294,2.9258218091135797,2.7984438680992962,6167829.342255684,9283687.160077019,-10183699.328318216,246578.6762304653,4747760.329601141,3941896.383193393,-653433.492010733,3941896.383193393,8465494.279857747,10040235.371238673,70811791.75256622,70811791.75256622,9128891.79201252,8465494.279857747,8465494.279857747,8465494.279857747,8465494.279857747,8465494.279857747,8465494.279857747,8465494.279857747,0.03171898426055531,0.03138274061115012,3025072.0324819353,2995930.916200153,2995930.916200153,2995930.916200153,23033810.79641951,23033810.79641951,144649776.34977904,95048234.00169158,49601542.34808746,49439024.58420829,49439024.58420829,93972254.323595,108648168.80796643,-50642776.849078834,-50642776.849078834,60398325.93048779,45722411.446116365,0.0024097461540704564,-181694.8600169124,89.22101593017578,2022-01-07,0,0,0,1,0,0,0,0,0,0,0,7.028292315187033,1
89.28975372314453,89.03637313842773,87.69335632324218,87.97392852783203,88.88211542426775,88.6153859590611,87.17567296754422,87.97392852783203,61.103476486757934,37.66907891116437,54.036401499411454,1.763319849053758,2.0965691939836812,-0.3332493449299232,51.228798790080624,-5.244609255066926,-52.21806463051738,51.06248751511059,0.911026383119462,1.5803918191904969,1.797905583949344,2.387525435864191,90.7709227894898,89.28975372314453,87.80858465679925,0.7935791015625,2.491548079226443,2.154581363384537,7.142857142857143,85.71428571428572,78.57142857142857,-0.583657656855323,-0.01478565296808887,1.0274338139032033,0.9843945073123362,0.17066998079313073,0.05852407444714779,1.2176703197378826,0.11954921730321784,1.0,0.48953958685242294,2.9258218091135797,2.7984438680992962,6260393.3457090715,9423012.55360862,-10336531.69891198,250279.2178913312,4819012.577216723,4001054.5878355084,-663239.9274120277,4001054.5878355084,8592540.60333284,10190914.699411567,71874503.21434733,71874503.21434733,9265894.086413294,8592540.60333284,8592540.60333284,8592540.60333284,8592540.60333284,8592540.60333284,8592540.60333284,8592540.60333284,0.03219500848329397,0.03185371864071488,3070470.9504031953,3040892.497379674,3040892.497379674,3040892.497379674,23379491.849476125,23379491.849476125,146820615.01190647,96474675.067448,50345939.94445847,50180983.18721191,50180983.18721191,95382547.57119492,110278711.56696351,-51402800.82364504,-51402800.82364504,61304756.789672986,46408592.79390439,0.002445910538483464,-184421.6546016532,87.90182495117188,2022-01-10,0,0,0,1,0,0,0,0,0,0,0,8.349179115022512,1
89.0500732421875,89.09373397827149,87.80995063781738,87.97392852783203,88.73805813033866,88.5853055196828,87.2970320699191,87.97392852783203,62.992099035736004,33.86303018816549,41.96854111011587,1.763319849053758,2.0965691939836812,-0.3332493449299232,48.88758318355473,-32.45451637298983,-46.775096632291564,55.50057310136113,0.6527450166159854,1.600884468577774,1.8099327195261645,1.8672889106123733,90.60745215445357,89.0500732421875,87.49269432992142,0.5736083984375,2.4221669733812075,2.100652743608535,0.0,78.57142857142857,78.57142857142857,0.17910459091684994,0.006235576924745967,1.021566547232257,1.0037954730220662,0.17066998079313073,0.05852407444714779,1.2176703197378826,0.11954921730321784,1.0,0.48953958685242294,2.9258218091135797,2.7984438680992962,6221598.092210241,9364618.753003348,-10272476.879124522,248728.25373182865,4789149.4673092095,3976260.3107947335,-659129.8723893459,3976260.3107947335,8539293.18380228,10127762.258771459,71429101.55692364,71429101.55692364,9208473.938808335,8539293.18380228,8539293.18380228,8539293.18380228,8539293.18380228,8539293.18380228,8539293.18380228,8539293.18380228,0.03199549809368523,0.03165632320223273,3051443.440100934,3022048.282841718,3022048.282841718,3022048.282841718,23234610.64746732,23234610.64746732,145910777.13691974,95876827.73281938,50033949.40410034,49870014.87323164,49870014.87323164,94791468.0801714,109595321.50910124,-51084260.98463157,-51084260.98463157,60924855.16863991,46121001.73971008,0.0024307533887428707,-183278.80551121247,88.44994354248047,2022-01-11,0,0,0,1,0,0,0,0,0,0,0,8.171401595281969,1
88.7620834350586,89.1048812866211,88.00245590209961,87.97392852783203,88.69156267934035,88.58771756653024,87.42098823253097,87.97392852783203,63.50949816134428,35.59853399677946,35.71021436536978,1.763319849053758,2.0965691939836812,-0.3332493449299232,46.81477098400966,-19.62839973907055,-49.90967752746594,58.015728057063754,0.12597665099380873,1.5694818560191333,1.771452772357757,1.1612478927568048,89.97663542585563,88.7620834350586,87.54753144426157,0.11147308349609375,2.328913059218082,2.0244443844526216,0.0,71.42857142857143,71.42857142857143,0.2720031738281262,0.0016803655142176854,1.0132766859239657,1.003577859324978,0.17066998079313073,0.05852407444714779,1.2176703197378826,0.11954921730321784,1.0,0.48953958685242294,2.9258218091135797,2.7984438680992962,6211161.071342706,9348909.168441147,-10255244.320228934,248311.0004898047,4781115.445794603,3969589.948739287,-658024.1512979824,3969589.948739287,8524968.12136134,10110772.465398502,71309275.9088426,71309275.9088426,9193026.294451842,8524968.12136134,8524968.12136134,8524968.12136134,8524968.12136134,8524968.12136134,8524968.12136134,8524968.12136134,0.031941824153915784,0.03160321824415696,3046324.5014635585,3016978.655951127,3016978.655951127,3016978.655951127,23195633.504845347,23195633.504845347,145666005.00551462,95715989.88425867,49950015.12125594,49786355.59820584,49786355.59820584,94632450.97303043,109411470.24763726,-50998564.755142435,-50998564.755142435,60822650.8836118,46043631.60900497,0.0024266756866049093,-182971.34677001016,88.59857177734375,2022-01-12,0,0,0,1,0,0,0,0,0,0,0,7.4637778752947606,1
88.57999877929687,89.09930725097657,88.17231407165528,87.97392852783203,88.70392101799773,88.61333940812702,87.5455262766054,87.97392852783203,63.984038487584115,48.441609747937264,39.30105797762741,1.763319849053758,2.0965691939836812,-0.3332493449299232,45.13285059909234,-1.213858100713214,-47.60171125732518,55.655208998257834,-0.06278171641053154,1.5177606409007485,1.710564571173317,0.845384844361746,89.43331024745365,88.57999877929687,87.7266873111401,-0.0557403564453125,2.074130582838422,1.808914233476699,0.0,64.28571428571429,64.28571428571429,-0.054940264095576265,0.001468036282747498,1.0095849590195287,0.9994768164123002,0.17066998079313073,0.05852407444714779,1.2176703197378826,0.11954921730321784,1.0,0.48953958685242294,2.9258218091135797,2.7984438680992962,6202056.227772695,9335204.749162499,-10240211.318470417,247947.00528984063,4774106.883671658,3963770.98911077,-657059.5640180777,3963770.98911077,8512471.504337119,10095951.24266542,71204744.76003109,71204744.76003109,9179550.381432591,8512471.504337119,8512471.504337119,8512471.504337119,8512471.504337119,8512471.504337119,8512471.504337119,8512471.504337119,0.031895001135011314,0.03155689158234335,3041858.942169454,3012556.1142715635,3012556.1142715635,3012556.1142715635,23161631.389597792,23161631.389597792,145452475.49407387,95575681.31633797,49876794.177735895,49713374.56061304,49713374.56061304,94493730.74780048,109251085.68991491,-50923806.759164356,-50923806.759164356,60733491.913904235,45976136.97178981,0.0024231184607870788,-182703.13194334574,88.7286376953125,2022-01-13,0,0,0,1,0,0,0,0,0,0,0,7.274708852400377,1
88.6375946044922,89.07515335083008,88.26782875061035,87.97392852783203,88.97227903071594,88.77618588958617,87.73252330322892,87.97392852783203,66.77570636324724,65.44187584480572,49.82733986317415,1.763319849053758,2.0965691939836812,-0.3332493449299232,43.96849022300442,25.9275166222792,-35.582926332375656,60.17817913620668,-0.26912263420045823,1.5354276229817891,1.7153891874426226,1.7650983900353197,89.67517651504954,88.6375946044922,87.60001269393484,-0.24153900146484375,1.836205667230945,1.6066894042186135,0.0,57.142857142857146,57.142857142857146,0.5421041853218588,0.008794875939823754,1.020059137472473,1.0108056943201271,0.17066998079313073,0.05852407444714779,1.2176703197378826,0.11954921730321784,1.0,0.48953958685242294,2.9258218091135797,2.7984438680992962,6147985.458386347,9253818.562931875,-10150935.103561392,245785.35359712815,4732485.262897431,3929214.039095908,-651331.1870323896,3929214.039095908,8438258.071450496,10007932.716013974,70583967.52233164,70583967.52233164,9099521.221180514,8438258.071450496,8438258.071450496,8438258.071450496,8438258.071450496,8438258.071450496,8438258.071450496,8438258.071450496,0.03161693412181239,0.031281772275998126,3015339.4061756767,2986292.046205107,2986292.046205107,2986292.046205107,22959703.64442991,22959703.64442991,144184391.65699166,94742433.36862391,49441958.288367756,49279963.39622419,49279963.39622419,93669915.46201825,108298612.82565823,-50479842.804239266,-50479842.804239266,60204005.157463826,45575307.793823846,0.0024019932283355708,-181110.28941650203,89.50899505615234,2022-01-14,0,0,0,1,0,0,0,0,0,0,0,6.287404249000798,1
89.16712493896485,89.22843933105469,88.4403522491455,87.97392852783203,89.49801156165567,89.0986023866678,88.0008045718295,87.97392852783203,70.10321207236957,82.27951214972354,65.3876659141555,1.763319849053758,2.0965691939836812,-0.3332493449299232,43.38910497427181,104.66450643653948,-12.678968467563188,68.19039489700755,1.7219928783897442,1.5710757719656245,1.735046772823951,2.034501708755485,90.731131146819,89.16712493896485,87.6031187311107,1.5328598022460938,1.6269441012875392,1.4288705679086604,71.42857142857143,50.0,-21.42857142857143,0.7625580479851686,0.011624324088658211,1.0229294813425722,1.0174321306445373,0.17066998079313073,0.05852407444714779,1.2176703197378826,0.11954921730321784,1.0,0.48953958685242294,2.9258218091135797,2.7984438680992962,6077340.483014662,9147485.230021887,-10034293.227089083,242961.09508690273,4678105.449036908,3884064.4155483493,-643846.9019802922,3884064.4155483493,8341296.141778983,9892934.044493066,69772904.66588831,69772904.66588831,8994960.880738014,8341296.141778983,8341296.141778983,8341296.141778983,8341296.141778983,8341296.141778983,8341296.141778983,8341296.141778983,0.03125363177708794,0.030922321192878525,2980690.8892706838,2951977.305305868,2951977.305305868,2951977.305305868,22695879.386958808,22695879.386958808,142527604.58966133,93653771.57570277,48873833.01395854,48713699.564923994,48713699.564923994,92593577.70623265,107054180.33835949,-49899791.4563937,-49899791.4563937,59512215.87292279,45051613.240795955,0.0023743925201674585,-179029.19602062638,90.54947662353516,2022-01-18,0,0,0,1,0,0,0,0,0,0,0,5.024888989772171,1
89.3250503540039,89.1875617980957,88.55709800720214,87.97392852783203,89.41186458032904,89.1242329741238,88.11878229048153,87.97392852783203,61.722227016185215,80.26552382392414,75.9956372728178,1.6593537301525032,2.0091261012174457,-0.3497723710649425,42.65456056586182,27.700424030211806,-41.51372432059947,66.63597107434427,-0.45597643243781016,1.6028517582936481,1.7961222215654291,2.015939580557955,90.71755638561251,89.3250503540039,87.9325443223953,-0.40877532958984375,1.3352136292742738,1.17547191717685,64.28571428571429,42.85714285714286,-21.42857142857143,0.3551890469897189,-0.014466190802022938,1.0192024569051301,1.0068126388380227,0.17066998079313073,0.05852407444714779,1.2176703197378826,0.11954921730321784,1.0,0.48953958685242294,2.9258218091135797,2.7984438680992962,6166546.927456882,9281756.896261195,-10181581.934012944,246527.40760321898,4746773.1754874345,3941076.784275096,-653297.6301485302,3941076.784275096,8463734.134668695,10038147.805952888,70797068.56801714,70797068.56801714,9126993.713242646,8463734.134668695,8463734.134668695,8463734.134668695,8463734.134668695,8463734.134668695,8463734.134668695,8463734.134668695,0.03171238925077771,0.031376215513136956,3024443.059641309,2995308.0023791105,2995308.0023791105,2995308.0023791105,23029021.60751706,23029021.60751706,144619700.77480105,95028471.57716262,49591229.19763843,49428745.2244454,49428745.2244454,93952715.61671221,108625578.68560562,-50632247.2051993,-50632247.2051993,60385767.91328301,45712904.84438961,0.0024092451197587307,-181657.0820298083,89.23957061767578,2022-01-19,0,0,0,1,0,0,0,0,0,0,0,6.117249584908158,1
89.31947326660156,89.04077835083008,88.6815803527832,87.97392852783203,89.13147183366337,89.02358813161621,88.16182077141967,87.97392852783203,57.91471230684776,56.498667092220536,73.01456768862273,1.5056304897420176,1.90842697892236,-0.4027964891803424,41.83622033487753,-16.33181240336007,-56.23776920997928,64.81233420929786,-1.6302294389142324,1.5965240996717018,1.8025423146627462,1.5142645375863992,90.72374666828385,89.31947326660156,87.91519986491927,-1.46783447265625,1.1845822579924887,1.0439791557116394,57.142857142857146,35.714285714285715,-21.42857142857143,-0.3681025242573034,-0.007495377585459373,1.0171290162956035,0.9937460278481641,0.17066998079313073,0.05852407444714779,1.2176703197378826,0.11954921730321784,1.0,0.48953958685242294,2.9258218091135797,2.7984438680992962,6213116.582223123,9351852.562339475,-10258473.063070925,248389.17828258895,4782620.723659304,3970839.7273630244,-658231.3224488607,3970839.7273630244,8527652.107129065,10113955.722979236,71331726.79416221,71331726.79416221,9195920.610463982,8527652.107129065,8527652.107129065,8527652.107129065,8527652.107129065,8527652.107129065,8527652.107129065,8527652.107129065,0.03195188066089667,0.031613168145056776,3047283.60083958,3017928.516133456,3017928.516133456,3017928.516133456,23202936.37675221,23202936.37675221,145711866.23088348,95746124.93590178,49965741.2949817,49802030.24565909,49802030.24565909,94662244.88521412,109445917.15990603,-51014621.05236591,-51014621.05236591,60841800.1786007,46058127.90390879,0.002427439696852574,-183028.95314268407,88.57068634033203,2022-01-20,0,0,0,1,0,0,0,0,0,0,0,5.529144845133606,1
89.35663299560547,88.96831588745117,88.80612983703614,87.97392852783203,89.0591266692196,89.00374235138273,88.23349844464941,87.97392852783203,59.30411118195678,35.942818569014385,57.56900316171967,1.3954555237253459,1.8058326878829571,-0.4103771641576113,41.15629024093067,12.57384164352721,-48.670854270934925,56.76919723616422,-0.8083804380751625,1.588659603608471,1.7867285325047346,1.4864211547864699,90.705126598226,89.35663299560547,88.00813939298493,-0.7246246337890625,0.9316829941291916,0.8225904122377017,50.0,28.571428571428573,-21.42857142857143,-0.2229290077411608,0.003881080910665524,1.0164621961791909,0.9963564596812778,0.17066998079313073,0.05852407444714779,1.2176703197378826,0.11954921730321784,1.0,0.48953958685242294,2.9258218091135797,2.7984438680992962,6189096.199110483,9315697.586267877,-10218813.022918018,247428.8867534629,4764130.746762131,3955488.1577814952,-655686.5498966767,3955488.1577814952,8494683.55294957,10074854.39789782,71055952.8918047,71055952.8918047,9160368.479224602,8494683.55294957,8494683.55294957,8494683.55294957,8494683.55294957,8494683.55294957,8494683.55294957,8494683.55294957,0.03182835225055909,0.031490949223168,3035502.5697618015,3006260.974054574,3006260.974054574,3006260.974054574,23113232.053047344,23113232.053047344,145148533.03012916,95375963.10615416,49772569.923975,49609491.79406931,49609491.79406931,94296273.41850267,109022790.88736561,-50817394.6321294,-50817394.6321294,60606581.13350277,45880063.664639845,0.0024180550296361144,-182321.34923456304,88.91443634033203,2022-01-21,0,0,0,1,0,0,0,0,0,0,0,6.463347569411285,1
88.95159149169922,88.7945930480957,88.8758041381836,87.97392852783203,88.5340136250201,88.72738693051697,88.16209740578957,87.97392852783203,51.66001438415064,28.971914969640704,40.47113354362519,1.1791076483595475,1.6804876799782753,-0.5013800316187278,38.31782466072405,-138.72628449358464,-69.38055684419051,51.63631213788841,-1.9471067163304157,1.7386214319079512,1.9873641515351135,3.688125199801192,90.93896897203751,88.95159149169922,86.96421401136092,-1.7372283935546875,0.5962355028130074,0.5269146943703618,100.0,21.42857142857143,-78.57142857142857,-0.3677578427076868,-0.016090174583516803,1.0429467883584225,0.9847328335626352,0.17066998079313073,0.05852407444714779,1.2176703197378826,0.11954921730321784,1.0,0.48953958685242294,2.9258218091135797,2.7984438680992962,6290308.35878753,9468040.002877904,-10385924.3590666,251475.16607909443,4842040.015959291,4020173.450455341,-666409.1901096002,4020173.450455341,8633599.679070001,10239611.535166036,72217952.3532323,72217952.3532323,9310170.75202707,8633599.679070001,8633599.679070001,8633599.679070001,8633599.679070001,8633599.679070001,8633599.679070001,8633599.679070001,0.03234885090926533,0.03200593022824838,3085143.060215799,3055423.267860997,3055423.267860997,3055423.267860997,23491209.718597587,23491209.718597587,147522190.83561713,96935675.04093383,50586515.794683285,50420770.798858434,50420770.798858434,95838328.86167961,110805673.51913261,-51648426.8368991,-51648426.8368991,61597698.86213745,46630354.204684444,0.0024575982139547863,-185302.9053321909,87.4837875366211,2022-01-24,0,0,0,1,0,0,0,0,0,0,0,10.836759566308455,1
88.12478332519531,88.64595413208008,88.8411636352539,87.97392852783203,87.82782101368527,88.30703217788036,87.995748680573,87.97392852783203,46.807946416483524,28.664751602006376,31.193161713553806,0.9109425623311154,1.5265786564488433,-0.6156360941177279,35.96095153042425,-183.39471758877747,-83.25127450794531,50.08637387440241,-1.6909650749366345,1.7677187744993375,2.045605346218855,2.145984228187359,90.20283562179968,88.12478332519531,86.04673102859094,-1.48638916015625,0.3439330911750129,0.30378948113857973,100.0,14.285714285714286,-85.71428571428572,-0.22944024625465825,-0.012211996938955694,1.0251086691151494,0.9943345121175658,0.17066998079313073,0.05852407444714779,1.2176703197378826,0.11954921730321784,1.0,0.48953958685242294,2.9258218091135797,2.7984438680992962,6368075.274547341,9585093.130851468,-10514325.267042913,254584.14690176543,4901902.02852672,4069874.748425041,-674647.9892896784,4069874.748425041,8740336.643404702,10366203.581572793,73110780.98684835,73110780.98684835,9425272.146630546,8740336.643404702,8740336.643404702,8740336.643404702,8740336.643404702,8740336.643404702,8740336.643404702,8740336.643404702,0.032748778896908914,0.03240161869658833,3123284.6022175676,3093197.38485645,3093197.38485645,3093197.38485645,23781630.922628097,23781630.922628097,149346003.776582,98134088.22595643,51211915.550625585,51044121.45380397,51044121.45380397,97023175.58493054,112175561.12825653,-52286954.97095168,-52286954.97095168,62359229.58291971,47206844.03959372,0.0024879814356308892,-187593.80024656907,86.41543579101562,2022-01-25,0,0,0,1,0,0,0,0,0,0,0,12.509115674510474,1
87.35929260253906,88.34217147827148,88.71795272827148,87.97392852783203,87.02258634392169,87.7806839645193,87.74968852093696,87.97392852783203,42.74734072024899,20.6212449551506,26.085970508932547,0.6104237733495239,1.3433476798289794,-0.7329239064794555,34.12058652793262,-180.15090622961264,-92.48120280164281,44.35024070032397,-3.434514954356005,1.8060182986445177,2.1144755123580374,2.3039121125318616,89.97979702916278,87.35929260253906,84.73878817591533,-3.0378265380859375,0.05807812443773374,0.05126160841722083,100.0,7.142857142857143,-92.85714285714286,-0.24999846181297186,-0.011610411698293022,1.0271215623504408,0.993301694754313,0.17066998079313073,0.05852407444714779,1.2176703197378826,0.11954921730321784,1.0,0.48953958685242294,2.9258218091135797,2.7984438680992962,6442879.761096269,9697687.27260774,-10637834.909925623,257574.69515558408,4959483.675813883,4117682.740282678,-682572.9421622978,4117682.740282678,8843007.602318756,10487973.269107828,73969598.4783393,73969598.4783393,9535988.903753478,8843007.602318756,8843007.602318756,8843007.602318756,8843007.602318756,8843007.602318756,8843007.602318756,8843007.602318756,0.03313347214955922,0.03278223392889252,3159973.191931461,3129532.5461403467,3129532.5461403467,3129532.5461403467,24060988.90973822,24060988.90973822,151100340.94267896,99286849.42399544,51813491.518683515,51643726.37869461,51643726.37869461,98162887.11786199,113493264.65589479,-52901159.20868141,-52901159.20868141,63091750.78429143,47761373.246258624,0.0025172072481113895,-189797.42650759878,85.41211700439453,2022-01-26,0,0,0,1,0,0,0,0,0,0,0,11.647566260243158,1
87.89068145751953,88.60507736206054,88.85497932434082,87.97392852783203,88.42426776769258,88.40740153737659,88.08092110134623,87.97392852783203,62.859322557946506,38.88408305257516,29.390026536577363,0.8319337991050162,1.2410649036841868,-0.40913110457917057,33.64033079190934,151.63547355034189,-12.321739271288337,53.77447380263195,2.967382865378121,2.155450295329374,2.362716515591965,6.698066252232508,91.95698178375716,87.89068145751953,83.82438113128191,2.629058837890625,0.1833594805114335,0.1621438050881352,92.85714285714286,100.0,7.142857142857143,0.4735093649422271,0.06808768843114654,1.0314158364584114,1.0147773106828795,0.17066998079313073,0.05852407444714779,1.2176703197378826,0.11954921730321784,1.0,0.48953958685242294,2.9258218091135797,2.7984438680992962,6032163.6798939705,9079486.05498124,-9959701.834547812,241155.0081004313,4643330.065061032,3855191.652223713,-639060.771466143,3855191.652223713,8279289.891738898,9819393.46619847,69254237.53080522,69254237.53080522,8928095.517850554,8279289.891738898,8279289.891738898,8279289.891738898,8279289.891738898,8279289.891738898,8279289.891738898,8279289.891738898,0.0310213033147373,0.030692455576418528,2958533.4857412004,2930033.3484202405,2930033.3484202405,2930033.3484202405,22527166.23396347,22527166.23396347,141468104.70647937,92957582.50882216,48510522.19765721,48351579.12413648,48351579.12413648,91905269.7462021,106258377.36468868,-49528854.02731767,-49528854.02731767,59069823.075072914,44716715.45658634,0.0023567421246178514,-177698.35619618598,91.22763061523438,2022-01-27,0,0,0,1,0,0,0,0,0,0,0,4.622322199463644,1
88.35889434814453,88.857763671875,88.97853546142578,87.97392852783203,89.36801210961407,88.92523776575486,88.3832620244044,87.97392852783203,62.926536399724554,61.61218076378817,40.37250292383796,0.9982240751066627,1.192496737968682,-0.19427266286201927,33.19437903703058,123.17904943651864,-11.93263039166141,58.761537841559644,2.847855172556124,2.150792849435814,2.35689117996712,2.0902460528195377,93.24530951492135,88.35889434814453,83.47247918136772,2.5268630981445455,0.2221887308333747,0.1969224978715971,85.71428571428572,92.85714285714286,7.142857142857143,0.03555636935764033,0.0003055015025021923,1.023400935666074,1.0008150976037795,0.17066998079313073,0.05852407444714779,1.2176703197378826,0.11954921730321784,1.0,0.48953958685242294,2.9258218091135797,2.7984438680992962,6030321.407643364,9076713.105489729,-9956660.059939597,241081.35738352535,4641911.953984606,3854014.245081176,-638865.5970663422,3854014.245081176,8276761.328717123,9816394.542916456,69233086.71878977,69233086.71878977,8925368.804270463,8276761.328717123,8276761.328717123,8276761.328717123,8276761.328717123,8276761.328717123,8276761.328717123,8276761.328717123,0.03101182915433531,0.030683081848812317,2957629.9253551587,2929138.492209833,2929138.492209833,2929138.492209833,22520286.2526765,22520286.2526765,141424899.18728644,92929192.50088683,48495706.68639962,48336812.155396834,48336812.155396834,91877201.12321326,106225925.18494,-49513727.50916914,-49513727.50916914,59051782.666742794,44703058.60501606,0.002356022356248089,-177644.0856611059,91.25550079345705,2022-01-28,0,0,0,1,0,0,0,0,0,0,0,2.7717654341290032,1
89.49970092773438,89.2256462097168,89.15039978027343,87.97392852783203,90.64128155126616,89.70025279644858,88.84083901584877,87.97392852783203,67.33972637502593,91.65421159211083,64.05015846949136,1.2712778630018136,1.2082529629753083,0.06302490002650529,33.4558717329821,181.4014039076216,-0.7829955607177894,64.77939605630871,4.110006347529782,2.1670386075018824,2.3254526153698576,2.378233462360768,95.55886479308998,89.49970092773438,83.44053706237878,3.678825378417983,0.35909158843563693,0.3191916636931609,78.57142857142857,100.0,21.42857142857143,0.8593746274706119,0.021174829180838017,1.0261704924001265,1.0224237787642014,0.17066998079313073,0.05852407444714779,1.2176703197378826,0.11954921730321784,1.0,0.48953958685242294,2.9258218091135797,2.7984438680992962,5905278.151519601,8888500.623121362,-9750201.214738706,236082.35386776528,4545658.413562971,3774098.3570587747,-625618.237749578,3774098.3570587747,8105136.448923778,9612844.208852006,67797486.52277973,67797486.52277973,8740294.55997283,8105136.448923778,8105136.448923778,8105136.448923778,8105136.448923778,8105136.448923778,8105136.448923778,8105136.448923778,0.030368775520262535,0.03004684503771558,2896301.241314084,2868400.599493348,2868400.599493348,2868400.599493348,22053311.156074747,22053311.156074747,138492347.38848206,91002235.70476408,47490111.683717966,47334511.950486936,47334511.950486936,89972058.16061383,104023250.62217984,-48487023.07800503,-48487023.07800503,57827299.478300616,43776107.01673462,0.0023071684582531607,-173960.5017522883,93.18782043457033,2022-01-31,0,0,0,1,0,0,0,0,0,0,0,2.0013895172499914,1
90.88762512207032,89.5062042236328,89.36732177734375,87.97392852783203,91.54587328840921,90.36476260849345,89.27076451554845,87.97392852783203,67.69811455048065,94.21596381513156,82.49411872367683,1.4840621860977166,1.26341480759979,0.2206473784979266,33.8678705734206,166.2776642379473,-4.636482602226132,66.7262367571006,3.0983946498382764,2.137664891840788,2.2898222827657246,1.755806588246557,96.65728665588756,90.88762512207032,85.11796358825308,2.8055801391601705,0.47697898452732834,0.4253129225510861,71.42857142857143,100.0,28.571428571428573,0.005288100562726961,0.001794615727088722,1.0190831923685102,1.0000994676204424,0.17066998079313073,0.05852407444714779,1.2176703197378826,0.11954921730321784,1.0,0.48953958685242294,2.9258218091135797,2.7984438680992962,5894699.431213884,8872577.755541451,-9732734.695985708,235659.43573815274,4537515.317212795,3767337.434050378,-624497.5047061048,3767337.434050378,8090616.900592125,9595623.751556236,67676034.04773068,67676034.04773068,8724637.188860558,8090616.900592125,8090616.900592125,8090616.900592125,8090616.900592125,8090616.900592125,8090616.900592125,8090616.900592125,0.030314372869953286,0.02999301909394671,2891112.804805792,2863262.1442185557,2863262.1442185557,2863262.1442185557,22013804.83570353,22013804.83570353,138244252.07952052,90839214.22228439,47405037.85723613,47249716.86549962,47249716.86549962,89810882.13906336,103836903.28249687,-48400163.38360315,-48400163.38360315,57723707.60480715,43697686.46137365,0.0023030353947137653,-173648.8687614179,93.35505676269533,2022-02-01,0,0,0,1,0,0,0,0,0,0,0,3.5963843123627437,1
92.69359893798828,90.02644577026368,89.60700378417968,87.97392852783203,92.5112442202676,91.10607596767362,89.76326180778044,87.97392852783203,70.00210166897803,96.20939577888844,94.02652372871027,1.72056777328595,1.3548454007370219,0.36572237254892803,34.56947292017933,162.7341736218363,-3.3112429359739157,69.66331913017207,5.829718173563414,2.085837211146977,2.208591006644127,1.4120773621274338,95.21642724771677,92.69359893798828,90.1707706282598,5.202415466308594,0.6197068411905068,0.5543285761123968,64.28571428571429,100.0,35.714285714285715,0.5695360223121647,0.011642961388283135,1.015024896877915,1.008531751828519,0.17066998079313073,0.05852407444714779,1.2176703197378826,0.11954921730321784,1.0,0.48953958685242294,2.9258218091135797,2.7984438680992962,5826857.553701116,8770463.5866448,-9620721.012707312,232947.2400171262,4485293.221420666,3723979.2870010585,-617310.1860453844,3723979.2870010585,7997502.290224337,9485188.073060984,66897153.07746371,66897153.07746371,8624225.662468595,7997502.290224337,7997502.290224337,7997502.290224337,7997502.290224337,7997502.290224337,7997502.290224337,7997502.290224337,0.029965485874930326,0.02964783054763424,2857839.0945737436,2830308.966208083,2830308.966208083,2830308.966208083,21760448.77087255,21760448.77087255,136653204.10059214,89793749.06896524,46859455.03162691,46705921.6234338,46705921.6234338,88777252.02161779,102641848.20700073,-47843127.69515377,-47843127.69515377,57059367.591104075,43194771.40572112,0.002276529845621915,-171650.35035989239,94.44198608398438,2022-02-02,0,0,0,1,0,0,0,0,0,0,0,-0.7155194002601242,0
93.56686096191406,90.7287712097168,89.88477478027343,87.97392852783203,93.53880972513282,91.92205137988992,90.3185645627407,87.97392852783203,72.26035103129243,92.70342852252038,94.37626270551345,1.9781503818564232,1.4795063969609021,0.4986439848955211,35.678135192635224,160.88486763897652,-6.9805235791184685,70.7337825513652,7.929547217850907,2.0761984014199357,2.1718933077342446,1.9508938749684006,96.45210825858618,93.56686096191406,90.68161366524194,7.02325439453125,0.755312037772783,0.6778696011274263,57.142857142857146,100.0,42.85714285714286,0.45454545454544754,0.012197484388505986,1.0194537569333944,1.0088235443713618,0.17066998079313073,0.05852407444714779,1.2176703197378826,0.11954921730321784,1.0,0.48953958685242294,2.9258218091135797,2.7984438680992962,5756641.014792945,8664775.127299648,-9504786.527422987,230140.10962283262,4431243.201646904,3679103.4797431924,-609871.2905005064,3679103.4797431924,7901128.399914795,9370886.827278793,66091009.026640646,66091009.026640646,8520299.443026878,7901128.399914795,7901128.399914795,7901128.399914795,7901128.399914795,7901128.399914795,7901128.399914795,7901128.399914795,0.029604386828755287,0.029290559406542332,2823400.708509206,2796202.3319174163,2796202.3319174163,2796202.3319174163,21498224.512994695,21498224.512994695,135006464.85319787,88711689.61975034,46294775.23344754,46143091.97937794,46143091.97937794,87707441.86866888,101404962.75685693,-47266594.15090031,-47266594.15090031,56371773.76070547,42674252.87251743,0.0022490965258595004,-169581.87804980634,95.59394073486328,2022-02-03,0,0,0,1,0,0,0,0,0,0,0,-4.477030515282542,0
94.2171630859375,91.28802871704102,90.1281723022461,87.97392852783203,93.86154362127995,92.39204411328707,90.71746426282009,87.97392852783203,67.12559491863284,82.85724377693397,90.59002269278092,2.070710481096768,1.5977472137880753,0.47296326730869254,36.28270587040816,112.76872637246817,-16.47728569483558,71.15866853520441,6.289839202079461,2.050658918589355,2.1698484460749916,1.7186456417918095,95.96824223539153,94.2171630859375,92.46608393648347,5.5925750732421875,0.9838882988681898,0.8852878961807562,50.0,92.85714285714286,42.85714285714286,-0.3405393367782427,-0.011370274234260735,1.0182824234557397,0.9938452789208536,0.17066998079313073,0.05852407444714779,1.2176703197378826,0.11954921730321784,1.0,0.48953958685242294,2.9258218091135797,2.7984438680992962,5822848.397901612,8764429.089554615,-9614101.497970933,232786.96120994995,4482207.125842491,3721417.0117063364,-616885.4472063674,3721417.0117063364,7991999.6273579635,9478661.81144878,66851124.64674286,66851124.64674286,8618291.784042316,7991999.6273579635,7991999.6273579635,7991999.6273579635,7991999.6273579635,7991999.6273579635,7991999.6273579635,7991999.6273579635,0.0299448681920072,0.0296274314267209,2855872.765025704,2828361.578700892,2828361.578700892,2828361.578700892,21745476.54466219,21745476.54466219,136559180.18106237,89731966.68857902,46827213.49248334,46673785.72259497,46673785.72259497,88716169.03966288,102571225.72185872,-47810209.342319906,-47810209.342319906,57020108.02582629,43165051.34363045,0.0022749634845517838,-171532.2467352045,94.50701141357422,2022-02-04,0,0,0,1,0,0,0,0,0,0,0,-3.5855978373845376,0
94.51072845458984,92.00521469116211,90.3999038696289,87.97392852783203,94.12624484013065,92.80360832502252,91.09252931186884,87.97392852783203,67.46605288564827,71.63508460317215,82.39858563420883,2.131488229147834,1.704495416860027,0.42699281228780706,36.84409277242455,89.9010982058127,-15.178618507307199,67.21443414152384,8.197930088713612,1.9785028302205112,2.090211083141437,1.0404736814255386,95.93471348226976,94.51072845458984,93.08674342690992,7.171859741210952,1.2932307463717394,1.1665499271490631,42.85714285714286,85.71428571428572,42.85714285714286,-0.15178474114439994,0.0015727495985178308,1.0110682388592294,0.9983343310502463,0.17066998079313073,0.05852407444714779,1.2176703197378826,0.11954921730321784,1.0,0.48953958685242294,2.9258218091135797,2.7984438680992962,5813704.895860746,8750666.482357724,-9599004.667234369,232421.42051414936,4475168.805899712,3715573.345219379,-615916.7643624959,3715573.345219379,7979449.950651683,9463777.658935228,66746149.66665202,66746149.66665202,8604758.653324954,7979449.950651683,7979449.950651683,7979449.950651683,7979449.950651683,7979449.950651683,7979449.950651683,7979449.950651683,0.029897846366138306,0.02958090806543719,2851388.245307678,2823920.2592469146,2823920.2592469146,2823920.2592469146,21711330.059028562,21711330.059028562,136344744.03961405,89591062.38118823,46753681.65842582,46600494.81308695,46600494.81308695,88576859.81894466,102410160.1835459,-47735133.92959693,-47735133.92959693,56930570.49393855,43097270.12933732,0.0022713911550246413,-171262.89308885796,94.65564727783205,2022-02-07,0,0,0,1,0,0,0,0,0,0,0,-2.042822812342197,0
94.87303924560547,92.8803321838379,90.76314315795898,87.97392852783203,94.47303346601159,93.2332451237045,91.48053706481214,87.97392852783203,68.66735849921679,61.90521614554914,72.13251484188507,2.195576275061825,1.8027115885003866,0.39286468656143825,37.512096580768294,86.54308790160476,-10.714208408224579,65.20834347201759,10.12686546871253,1.9048656609273589,2.0016113283433388,0.9475824601163794,95.75527533015703,94.87303924560547,93.9908031610539,8.751174926757812,1.6361142248780702,1.479253817827285,35.714285714285715,78.57142857142857,42.85714285714286,0.058828369261157434,0.005398129479180724,1.010021657346182,1.000586102652843,0.17066998079313073,0.05852407444714779,1.2176703197378826,0.11954921730321784,1.0,0.48953958685242294,2.9258218091135797,2.7984438680992962,5782490.264699794,8703682.87525139,-9547466.20844309,231173.515942932,4451140.970610272,3695623.8889604174,-612609.8172487698,3695623.8889604174,7936607.117804388,9412965.253712658,66387779.83526591,66387779.83526591,8558558.44667467,7936607.117804388,7936607.117804388,7936607.117804388,7936607.117804388,7936607.117804388,7936607.117804388,7936607.117804388,0.029737320459931705,0.02942208384728225,2836078.725136243,2808758.2187066237,2808758.2187066237,2808758.2187066237,21594758.755196344,21594758.755196344,135612689.1843769,89110034.87503846,46502654.309338436,46350289.946557865,46350289.946557865,88101277.71456021,101860305.06799999,-47478837.01984291,-47478837.01984291,56624901.94151236,42865874.58807258,0.002259195723987744,-170343.35758867592,95.16661071777344,2022-02-08,0,0,0,1,0,0,0,0,0,0,0,-5.5176668822138915,0
94.99195098876953,93.8427749633789,91.0924732208252,87.97392852783203,94.66087057727594,93.56111779208635,91.81920446814476,87.97392852783203,67.9792585271068,54.36050644640619,62.63360239837581,2.210391266010461,1.8842475240024015,0.32614374200805973,38.243961952145085,78.19185486961084,-11.850625522123776,58.848583074906635,11.2682229793168,1.8477683524346147,1.9442713919439678,1.105503342028939,95.76300370339024,94.99195098876953,94.22089827414882,9.624427795410142,2.0708609928571557,1.8771145649445344,28.571428571428573,71.42857142857143,42.85714285714286,-0.3949543196025038,-0.0013667179800538332,1.0116689034402824,0.9954267431481879,0.17066998079313073,0.05852407444714779,1.2176703197378826,0.11954921730321784,1.0,0.48953958685242294,2.9258218091135797,2.7984438680992962,5790404.114114332,8715594.635146104,-9560532.760465713,231489.8973478381,4457232.750752009,3700681.67714703,-613448.2279717709,3700681.67714703,7947469.066673732,9425847.729281517,66478637.38426847,66478637.38426847,8570271.590951968,7947469.066673732,7947469.066673732,7947469.066673732,7947469.066673732,7947469.066673732,7947469.066673732,7947469.066673732,0.02977801861338099,0.02946235057154303,2839960.149735523,2812602.252776233,2812602.252776233,2812602.252776233,21624313.092706457,21624313.092706457,135798287.1450786,89231989.8399487,46566297.305129886,46413724.41824154,46413724.41824154,88221852.10606723,101999709.9054881,-47543816.00802144,-47543816.00802144,56702398.12854681,42924540.32912594,0.0022622876331720543,-170576.4875411729,95.03654479980467,2022-02-09,0,0,0,1,0,0,0,0,0,0,0,-4.309199197535755,0
94.53488311767578,94.05087203979492,91.32797470092774,88.25173782348632,94.21011417798213,93.51520571705147,91.96105179302569,88.18313138475605,59.455280488211336,36.61438486131684,50.960035817757365,2.0589671682194393,1.919191452845809,0.13977571537363032,37.56383566076787,43.08009765839827,-26.948081531123748,49.94400320379632,2.281075097671814,1.8790231279002583,2.0137726856071017,2.285335208953626,95.85241776085125,94.53488311767578,93.2173484745003,2.080970764160142,2.5453186215532613,2.310765975560898,21.42857142857143,64.28571428571429,42.85714285714286,-0.7032505574732477,-0.018181883864255455,1.0245435398790943,0.9830674781389503,0.17066998079313073,0.05852407444714779,1.2176703197378826,0.11954921730321784,1.0,0.48953958685242294,2.9258218091135797,2.7984438680992962,5897634.21447579,8876995.12965709,-9737580.31486953,235776.76307190149,4539774.401693521,3769213.0714721703,-624808.4221405389,3769213.0714721703,8094644.961282144,9600401.10726406,67709727.79145302,67709727.79145302,8728980.908075906,8094644.961282144,8094644.961282144,8094644.961282144,8094644.961282144,8094644.961282144,8094644.961282144,8094644.961282144,0.030329465431521874,0.03000795166369655,2892552.197868464,2864687.671323603,2864687.671323603,2864687.671323603,22024764.80859385,22024764.80859385,138313079.4933339,90884440.17630209,47428639.317031816,47273240.99591625,47273240.99591625,89855596.11926107,103888600.37227687,-48424260.28473089,-48424260.28473089,57752446.40190285,43719442.14888704,0.002304182002748128,-173735.32300720885,93.30860137939452,2022-02-10,0,0,0,1,0,0,0,0,0,0,0,-1.5579210221955517,0
94.35279998779296,94.28498153686523,91.57137260437011,88.52179611206054,94.00560804004148,93.53000390743487,92.11681788551469,88.395424105517,60.347708863822405,22.673624271687483,37.88283852647015,1.9398399522878975,1.9233211527342267,0.01651879955367086,36.932289818774734,32.549890172794136,-24.431805533032225,46.50744850192355,2.565428878640219,1.830407824171127,1.9556350412394203,1.1984088756924223,95.87166980838731,94.35279998779296,92.83393016719862,2.341094970703111,3.1411137809134764,2.8559568356244966,14.285714285714286,57.142857142857146,42.85714285714286,-0.10077299314537384,0.003086471991951223,1.0128524547198072,0.9987113673973305,0.17066998079313073,0.05852407444714779,1.2176703197378826,0.11954921730321784,1.0,0.48953958685242294,2.9258218091135797,2.7984438680992962,5879487.341469313,8849680.837614087,-9707618.023730725,235051.28386757206,4525805.629377432,3757615.2971011405,-622885.9022490659,3757615.2971011405,8069737.941144416,9570860.913116865,67501386.65213333,67501386.65213333,8702122.052091585,8069737.941144416,8069737.941144416,8069737.941144416,8069737.941144416,8069737.941144416,8069737.941144416,8069737.941144416,0.030236142424783133,0.029915617946781894,2883651.887084441,2855873.0989910006,2855873.0989910006,2855873.0989910006,21956995.158011243,21956995.158011243,137887493.6062778,90604791.02646233,47282702.579815455,47127782.415448196,47127782.415448196,89579112.69685838,103568937.7466856,-48275260.04669262,-48275260.04669262,57574743.5684351,43584918.518607885,0.0022970920923421814,-173200.74376260047,93.59659576416016,2022-02-11,0,0,0,1,0,0,0,0,0,0,0,-2.4087102813824672,0
94.07595825195312,94.29334335327148,91.75949478149414,88.77683731079101,93.76088489290525,93.48299203310722,92.22678176295452,88.58664036014899,58.77472711323527,17.751248362397043,25.6797524984671,1.7984617619030132,1.898349274567984,-0.09988751266497076,35.576191718880956,5.086170176946439,-27.27278165793055,46.01681030953018,0.0897307863544139,1.8337053799857312,1.9659880961808283,1.8765736055755866,95.76785095641439,94.07595825195312,92.38406554749186,0.08361816406247158,3.1699098703391924,2.886567335862381,7.142857142857143,50.0,42.85714285714286,-0.2772269748645153,-0.003474027691633963,1.0203423623462884,0.9944532729430273,0.17066998079313073,0.05852407444714779,1.2176703197378826,0.11954921730321784,1.0,0.48953958685242294,2.9258218091135797,2.7984438680992962,5899984.0494372565,8880532.051878756,-9741460.125965277,235870.70522918346,4541583.215231005,3770714.8649592646,-625057.3688573361,3770714.8649592646,8097870.166345557,9604226.26110466,67736705.84397537,67736705.84397537,8732458.85597329,8097870.166345557,8097870.166345557,8097870.166345557,8097870.166345557,8097870.166345557,8097870.166345557,8097870.166345557,0.030341549809026782,0.030019907938259708,2893704.6973343915,2865829.0685345787,2865829.0685345787,2865829.0685345787,22033540.287113406,22033540.287113406,138368188.52485436,90920651.88886565,47447536.6359887,47292076.39845128,47292076.39845128,89891397.90241103,103929993.42182435,-48443554.295797385,-48443554.295797385,57775457.10631926,43736861.58690595,0.0023051000738306565,-173804.54556683148,93.2714385986328,2022-02-14,0,0,0,1,0,0,0,0,0,0,0,-1.898550494655565,0
93.64490203857422,94.25897064208985,91.88258743286133,88.99835906982422,93.51103314556313,93.39723523633843,92.3015006094235,88.76015758723644,57.48393578336778,22.433262566290413,20.95271173345829,1.646450650961242,1.8479695498466355,-0.20151889888539354,34.316957768979584,-21.872639154938067,-47.70624793701612,46.549418127116226,-0.36819335099346207,1.812879343342799,1.9490951802834142,1.5421408669846812,95.08517704448604,93.64490203857422,92.20462703266239,-0.34372711181642046,3.1654328578023665,2.8871051103640895,0.0,42.85714285714286,42.85714285714286,-0.32530103869840477,-0.0027887309519605274,1.016661685314384,0.9946353974182239,0.17066998079313073,0.05852407444714779,1.2176703197378826,0.11954921730321784,1.0,0.48953958685242294,2.9258218091135797,2.7984438680992962,5916483.530184647,8905366.723699698,-9768702.408733001,236530.32466665862,4554283.887672572,3781259.7811483564,-626805.3603666454,3781259.7811483564,8120516.100942148,9631084.765290583,67926133.55506739,67926133.55506739,8756879.436701005,8120516.100942148,8120516.100942148,8120516.100942148,8120516.100942148,8120516.100942148,8120516.100942148,8120516.100942148,0.030426400854847453,0.030103859503029278,2901797.0285241436,2873843.4446999026,2873843.4446999026,2873843.4446999026,22095157.737384096,22095157.737384096,138755139.27649832,91174914.19412114,47580225.08237717,47424330.09566505,47424330.09566505,90142781.868303,104220636.73732676,-48579028.1351741,-48579028.1351741,57937027.88925864,43859173.020234875,0.002311546354696891,-174290.5951441456,93.0113296508789,2022-02-15,0,0,0,1,0,0,0,0,0,0,0,-1.8948369317131786,0
92.91842346191406,93.9551872253418,91.99081649780274,89.15867980957032,92.8087394025434,93.03485645091398,92.21603882914545,88.86384363936457,50.154528307092775,21.82126494130122,20.66859195666287,1.3803827459033187,1.754452189057972,-0.3740694431546534,31.905075279832296,-113.48044244707398,-70.56494626154831,41.024839403977715,-3.2166140224740847,1.8791409932575323,2.055859557642518,2.7405424421490636,94.47750679227596,92.91842346191406,91.35934013155216,-3.0378341674804688,2.850563491484168,2.6037611839098815,0.0,35.714285714285715,35.714285714285715,-0.5593231297619131,-0.017279375968579203,1.0302315729953528,0.9835065822593089,0.17066998079313073,0.05852407444714779,1.2176703197378826,0.11954921730321784,1.0,0.48953958685242294,2.9258218091135797,2.7984438680992962,6020514.259600476,9061951.592271624,-9940467.483687067,240689.28531929944,4634362.784602511,3847746.4384908006,-637826.6060961435,3847746.4384908006,8263300.781893949,9800430.081319476,69120492.53267282,69120492.53267282,8910853.423201405,8263300.781893949,8263300.781893949,8263300.781893949,8263300.781893949,8263300.781893949,8263300.781893949,8263300.781893949,0.030961394429709885,0.030633181767910838,2952819.9139854056,2924374.8166294885,2924374.8166294885,2924374.8166294885,22483661.37544056,22483661.37544056,141194899.02153704,92778061.19514796,48416837.826389074,48258201.70651954,48258201.70651954,91727780.67739102,106053169.32271332,-49433203.03576012,-49433203.03576012,58955746.3967564,44630357.751434095,0.0023521907428931538,-177355.1820141438,91.4041519165039,2022-02-16,0,0,0,1,0,0,0,0,0,0,0,2.2782140181669837,1
92.47993316650391,93.50740814208984,92.11808967590332,89.35543884277344,92.24454290247685,92.6860007148103,92.11128750278338,88.95216937516768,48.95006940862092,16.43152400632661,20.228683837972728,1.1332196083790222,1.630205672922182,-0.49698606454315986,29.665470111338383,-158.7711420566379,-91.90964868450352,38.44284177861056,-4.684178513927984,1.8198998843892553,1.9973406320830973,1.0497654691016578,94.51424061999273,92.47993316650391,90.44562571301509,-4.477790832519517,2.5311948793975367,2.314639213757644,0.0,28.571428571428573,28.571428571428573,-0.6548669578896764,-0.0031508635890328263,1.0115671739704966,0.992511658914645,0.17066998079313073,0.05852407444714779,1.2176703197378826,0.11954921730321784,1.0,0.48953958685242294,2.9258218091135797,2.7984438680992962,6039544.039007345,9090594.816481527,-9971887.541054105,241450.06152673377,4649011.1846692925,3859908.4835887398,-639842.6630458445,3859908.4835887398,8289419.612324637,9831407.505256733,69338970.1690796,69338970.1690796,8939019.052856721,8289419.612324637,8289419.612324637,8289419.612324637,8289419.612324637,8289419.612324637,8289419.612324637,8289419.612324637,0.0310592579145753,0.030730007830675206,2962153.2548211566,2933618.2475498156,2933618.2475498156,2933618.2475498156,22554728.247435935,22554728.247435935,141641191.09326005,93071316.2165982,48569874.87666184,48410737.33611012,48410737.33611012,92017715.94811791,106388384.61007723,-49589452.63647245,-49589452.63647245,59142095.070693776,44771426.40873445,0.0023596256012839894,-177915.7703368128,91.11614990234376,2022-02-17,0,0,0,1,0,0,0,0,0,0,0,3.287058218290271,1
91.92996673583984,93.14138336181641,92.2147060394287,89.53163330078125,91.77861647193119,92.35159396863386,91.99085665593162,89.0264671883313,47.793906548568,16.37829912238541,18.21036269000439,0.9051695872542211,1.48519845578859,-0.5800288685343689,28.078518821815834,-158.2626169916379,-86.39648636605932,39.20325673347071,-3.8729907421542364,1.8040412172382496,1.9858068086676357,1.5978785442751757,93.9461017681062,91.92996673583984,89.91383170357348,-3.660247802734375,2.1070112708790263,1.9285684243226626,100.0,21.42857142857143,-78.57142857142857,-0.07557974485902832,-0.0029565153026399615,1.0177594346701275,0.9986724136453345,0.17066998079313073,0.05852407444714779,1.2176703197378826,0.11954921730321784,1.0,0.48953958685242294,2.9258218091135797,2.7984438680992962,6057452.991471654,9117550.99552239,-10001457.001728412,242166.02909754022,4662796.814805365,3871354.2015274954,-641739.9771084816,3871354.2015274954,8314000.080789642,9860560.402980752,69544579.78342497,69544579.78342497,8965525.76698302,8314000.080789642,8314000.080789642,8314000.080789642,8314000.080789642,8314000.080789642,8314000.080789642,8314000.080789642,0.0311513573793654,0.030821130976050572,2970936.875155732,2942317.2535351138,2942317.2535351138,2942317.2535351138,22621609.381743405,22621609.381743405,142061197.1966834,93347298.93435775,48713898.26232565,48554288.83405682,48554288.83405682,92290574.44375029,106703856.1937648,-49736499.357923895,-49736499.357923895,59317468.07276476,44904186.322750255,0.0023666225570895976,-178443.34080455566,90.84676361083984,2022-02-18,0,0,0,1,0,0,0,0,0,0,0,3.6651875667595646,1
91.29267120361328,92.6843147277832,92.34476470947266,89.69129638671875,91.21406462712079,91.93947887206407,91.80934277798575,89.06797674712223,44.5867290283265,14.859102621279803,15.88964191666392,0.6554120117218645,1.3192411669752448,-0.6638291552533804,26.848401639047466,-150.22101120777336,-92.50679653714197,40.99901926520293,-4.828751872475423,1.7767072860494584,1.9722573752150696,1.4213661805951716,93.22239081965624,91.29267120361328,89.36295158757032,-4.5706863403320455,1.547577572545562,1.4173204959967194,100.0,14.285714285714286,-85.71428571428572,-0.48365912037500547,-0.008385578561754592,1.0158680648034863,0.9924265902087482,0.17066998079313073,0.05852407444714779,1.2176703197378826,0.11954921730321784,1.0,0.48953958685242294,2.9258218091135797,2.7984438680992962,6108677.788979587,9194653.484666169,-10086034.234175637,244213.90397519703,4702227.71472243,3904092.274003491,-647166.8455342721,3904092.274003491,8384307.348748469,9943946.144590069,70132682.90567715,70132682.90567715,9041342.656129738,8384307.348748469,8384307.348748469,8384307.348748469,8384307.348748469,8384307.348748469,8384307.348748469,8384307.348748469,0.03141478855680944,0.031081769596843258,2996060.5764957126,2967198.9332986437,2967198.9332986437,2967198.9332986437,22812908.820883065,22812908.820883065,143262536.4510499,94136689.54003924,49125846.91101065,48964887.747027,48964887.747027,93071028.86814748,107606196.40747124,-50157095.62370592,-50157095.62370592,59819085.71552462,45283918.17620085,0.0023866358797576073,-179952.34533372358,90.0849609375,2022-02-22,0,0,0,1,0,0,0,0,0,0,0,-5.1454247834617926,0
90.64051208496093,92.14270706176758,92.51151962280274,89.81114120483399,90.72622110395292,91.541488905801,91.61326575699826,89.09474370047498,43.215734456083126,12.315359082391742,14.517586942018964,0.42558598905804956,1.1405101313918058,-0.7149241423337562,25.706149969333982,-124.35947183307069,-97.41122844704076,38.45215791767225,-5.691152200658056,1.739382014413024,1.938018567439824,1.2541534831393761,91.89034880523349,90.64051208496093,89.39067536468838,-5.41607666015625,1.1045204981376113,1.011657421405502,92.85714285714286,7.142857142857143,-85.71428571428572,-0.5629620001356269,-0.0037123497241102754,1.0139969533046234,0.9921946994475448,0.17066998079313073,0.05852407444714779,1.2176703197378826,0.11954921730321784,1.0,0.48953958685242294,2.9258218091135797,2.7984438680992962,6131439.837970476,9228914.44265118,-10123616.639614709,245123.88957904864,4719749.073894773,3918639.6347705186,-649578.3073844789,3918639.6347705186,8415548.809047975,9980999.103859626,70394010.08961233,70394010.08961233,9075032.349970443,8415548.809047975,8415548.809047975,8415548.809047975,8415548.809047975,8415548.809047975,8415548.809047975,8415548.809047975,0.03153184579585035,0.03119758594642437,3007224.4453356923,2978255.258385441,2978255.258385441,2978255.258385441,22897913.885177404,22897913.885177404,143796358.82405844,94487460.03623664,49308898.78782181,49147339.86059925,49147339.86059925,93417828.51807353,108007156.74601926,-50343990.12154424,-50343990.12154424,60041982.552889876,45452654.32494414,0.0023955289208861573,-180622.88063481625,89.75053405761719,2022-02-23,0,0,0,1,0,0,0,0,0,0,0,-7.0877886040390745,0
89.8471466064453,91.38278503417969,92.6127799987793,89.83752655029296,89.62992224394388,90.79527720000551,91.21555706813422,89.02974687002207,35.16192657988605,14.34957144657146,13.841344383414315,0.056143347655932985,0.9236367746446312,-0.8674934269886982,26.48178268729496,-174.82856345539136,-83.79631178541136,37.440244485581594,-7.99610327994007,1.896494484486262,2.1689758862273028,3.9389565954383556,92.45217798906283,89.8471466064453,87.24211522382778,-7.599220275878892,0.5792202083785449,0.5298286829239203,100.0,0.0,-100.0,-0.40170890010476656,-0.025773769014080683,1.037999289839426,0.9852402800090854,0.17066998079313073,0.05852407444714779,1.2176703197378826,0.11954921730321784,1.0,0.48953958685242294,2.9258218091135797,2.7984438680992962,6293650.943647292,9473071.191392062,-10391443.298924096,251608.79658411854,4844613.010592391,4022309.7163015674,-666763.3109479141,4022309.7163015674,8638187.457272032,10245052.726366062,72256327.9972183,72256327.9972183,9315118.050954642,8638187.457272032,8638187.457272032,8638187.457272032,8638187.457272032,8638187.457272032,8638187.457272032,8638187.457272032,0.03236604065150252,0.03202293774706963,3086782.4635478905,3057046.87849704,3057046.87849704,3057046.87849704,23503692.630000997,23503692.630000997,147600582.1343326,96987185.34874092,50613396.78559166,50447563.71511576,50447563.71511576,95889256.05455568,110864554.15670317,-51675872.11298551,-51675872.11298551,61630431.04693172,46655132.94478423,0.002458904148435704,-185401.37279205208,87.43732452392578,2022-02-24,0,0,0,1,0,0,0,0,0,0,0,-3.69139969731039,0
89.49970092773438,90.98981704711915,92.52034454345703,89.93013565063477,89.54625533222561,90.5377579834207,91.04063939581563,89.04343999311097,44.5096458700733,31.23008226286797,19.298337597277037,-0.07906059593391035,0.7230973005289228,-0.8021578964628332,26.830596921809015,-104.28811460905169,-64.44457317774416,44.24142620646667,-4.211487271818926,1.9123240871558704,2.139569436366294,2.118108921860781,91.77794736028967,89.49970092773438,87.22145449517909,-3.9296798706054545,0.04608927422830517,0.042161599183685894,92.85714285714286,21.42857142857143,-71.42857142857143,0.8817198126286894,0.022205585491491098,1.0196742182392562,1.0173416452885764,0.17066998079313073,0.05852407444714779,1.2176703197378826,0.11954921730321784,1.0,0.48953958685242294,2.9258218091135797,2.7984438680992962,6156932.649337085,9267285.686799759,-10165707.805174768,246143.04613013967,4739372.470033053,3934932.241998642,-652279.0722448701,3934932.241998642,8450538.30645884,10022497.305608142,70686688.68843679,70686688.68843679,9112763.795431424,8450538.30645884,8450538.30645884,8450538.30645884,8450538.30645884,8450538.30645884,8450538.30645884,8450538.30645884,0.03166294638855888,0.0313272967801996,3019727.6432056683,2990638.010481197,2990638.010481197,2990638.010481197,22993117.00463864,22993117.00463864,144394223.85210714,94880312.4589738,49513911.39313333,49351680.749093,49351680.749093,93806233.7122241,108456220.28507887,-50553306.34701923,-50553306.34701923,60291620.31754985,45641633.74469508,0.002405488859908183,-181373.86003707701,89.37892150878906,2022-02-25,0,0,0,1,0,0,0,0,0,0,0,-4.427441090000797,0
89.01290283203124,90.47143478393555,92.37820816040039,89.99176162719726,89.16842793225848,90.15139710140316,90.79036641834026,89.01870795935463,41.31752531311182,46.415445615805254,30.66503310841487,-0.26116030147375113,0.5262457801283881,-0.7874060816021392,27.38651501698832,-109.21150103830985,-74.07409515544039,47.04187571068234,-5.538473477067329,1.9283495965733832,2.1810757973706942,2.136681219001048,90.94577235471411,89.01290283203124,87.08003330934838,-5.1838226318359375,-0.550710120333582,-0.5037457881829681,85.71428571428572,14.285714285714286,-71.42857142857143,0.10581852530618503,-0.01080957747257938,1.0201256449360676,1.0021058960268665,0.17066998079313073,0.05852407444714779,1.2176703197378826,0.11954921730321784,1.0,0.48953958685242294,2.9258218091135797,2.7984438680992962,6224213.770292962,9368555.816706633,-10276795.623638352,248832.82381690925,4791162.91676558,3977932.0062003173,-659406.9831148095,3977932.0062003173,8542883.264950525,10132020.162508514,71459131.70876595,71459131.70876595,9212345.356264118,8542883.264950525,8542883.264950525,8542883.264950525,8542883.264950525,8542883.264950525,8542883.264950525,8542883.264950525,0.03200894960917514,0.03166963212215208,3052726.324917446,3023318.809375447,3023318.809375447,3023318.809375447,23244378.919369556,23244378.919369556,145972120.80073944,95917136.17338797,50054984.62735145,49890981.1752903,49890981.1752903,94831320.21491419,109641397.4651806,-51105737.77883285,-51105737.77883285,60950469.13566184,46140391.88539544,0.0024317753236652493,-183355.8594043598,88.41277313232422,2022-02-28,0,0,0,1,0,0,0,0,0,0,0,-1.1790630299732345,0
88.8791290283203,90.0859001159668,92.18962173461914,90.02810943603515,89.25098259448743,90.01770525004719,90.65948313268359,89.03429164404446,45.6747195663398,61.18977412841181,46.27843400236166,-0.32081799888734963,0.3568330243252405,-0.6776510232125901,27.019657924178848,-68.43979838983738,-64.07409873485447,49.3414493697169,-4.133469728367622,1.9399136471466216,2.1695352654253015,2.090246304598722,90.57471304455942,88.8791290283203,87.1835450120812,-3.855346679687486,-0.926225435311508,-0.8474160218850102,78.57142857142857,7.142857142857143,-71.42857142857143,0.5333319769965269,0.011348120311976517,1.0237341764511503,1.01262490173292,0.17066998079313073,0.05852407444714779,1.2176703197378826,0.11954921730321784,1.0,0.48953958685242294,2.9258218091135797,2.7984438680992962,6154373.202743426,9263433.26155257,-10161481.904438809,246040.7240784215,4737402.305437244,3933296.4844718566,-652007.918807817,3933296.4844718566,8447025.404383263,10018330.937702272,70657304.12068452,70657304.12068452,9108975.605177702,8447025.404383263,8447025.404383263,8447025.404383263,8447025.404383263,8447025.404383263,8447025.404383263,8447025.404383263,0.03164978405190604,0.03131427397361728,3018472.3376711803,2989394.7975528217,2989394.7975528217,2989394.7975528217,22983558.729707457,22983558.729707457,144334198.94596785,94840870.5637381,49493328.382229745,49331165.17772351,49331165.17772351,93767238.31321408,108411134.86359067,-50532291.25799727,-50532291.25799727,60266556.996081725,45622660.44570512,0.0024044888944027556,-181298.46263796778,89.41609191894531,2022-03-01,0,0,0,1,0,0,0,0,0,0,0,-2.6007116415041502,0
89.01290435791016,89.82670822143555,92.0428394317627,90.09451751708984,89.64045863151375,90.09074260559613,90.63661909200576,89.08861003861395,49.697040526601086,69.44917679806507,59.01813218076069,-0.2838654882543068,0.22869332180933105,-0.5125588100636378,26.01508159082824,-27.87248738469835,-51.938006409378005,51.480874489312455,-2.7866701347474043,1.9579504991788599,2.165409488848089,2.1924295755979557,91.03624776352123,89.01290435791016,86.98956095229909,-2.5919189453125,-1.3373725607630007,-1.2250900268554688,71.42857142857143,0.0,-71.42857142857143,0.6779674715270819,0.011220785488260887,1.0246525947790652,1.0167136573489446,0.17066998079313073,0.05852407444714779,1.2176703197378826,0.11954921730321784,1.0,0.48953958685242294,2.9258218091135797,2.7984438680992962,6086082.57569768,9160643.644285642,-10048727.291075617,243310.58816163722,4684834.779330433,3889651.538929446,-644773.0586283386,3889651.538929446,8353294.8744765725,9907164.7670543,69873271.13392763,69873271.13392763,9007899.892781079,8353294.8744765725,8353294.8744765725,8353294.8744765725,8353294.8744765725,8353294.8744765725,8353294.8744765725,8353294.8744765725,0.03129858929533788,0.030966802129662917,2984978.5338557223,2956223.6461638925,2956223.6461638925,2956223.6461638925,22728526.805953667,22728526.805953667,142732626.7589299,93788490.03577873,48944136.72315116,48783772.92640826,48783772.92640826,92726771.10561886,107208174.93011194,-49971570.97952462,-49971570.97952462,59597822.61297412,45116418.78848104,0.0023778080206705455,-179286.72475855914,90.4194107055664,2022-03-02,0,0,0,1,0,0,0,0,0,0,0,-5.176631084812977,0
90.02365417480469,89.935400390625,91.9452938079834,90.20624588012696,90.59066362380865,90.52716642428746,90.81323380785268,89.22203998252706,56.808206451159634,85.47631676191838,72.0384225627984,-0.08641829835001147,0.16567099777746255,-0.252089296127474,24.19466323170699,49.98555375828536,-22.605114872422224,57.98982737436859,1.189138205546092,1.9727089212474496,2.13286411789291,2.164568408139118,92.7984740581572,90.02365417480469,87.24883429145218,1.0869216918945312,-1.6592261420968564,-1.523798820299973,64.28571428571429,0.0,-64.28571428571429,0.902322527989208,0.022911705425486595,1.0220490357786596,1.0198729231451455,0.17066998079313073,0.05852407444714779,1.2176703197378826,0.11954921730321784,1.0,0.48953958685242294,2.9258218091135797,2.7984438680992962,5949763.350460571,8955458.810079033,-9823650.700033573,237860.79176836737,4579901.4269582005,3802529.1120424913,-630331.0981861736,3802529.1120424913,8166193.455574904,9685258.966641068,68308213.46878946,68308213.46878946,8806136.292119354,8166193.455574904,8166193.455574904,8166193.455574904,8166193.455574904,8166193.455574904,8166193.455574904,8166193.455574904,0.030597547304749076,0.03027319167961039,2918119.4408310163,2890008.619985664,2890008.619985664,2890008.619985664,22219441.5074169,22219441.5074169,139535627.56382707,91687766.92878573,47847860.635041356,47691088.74955766,47691088.74955766,90649828.92834194,104806870.78022832,-48852281.88755415,-48852281.88755415,58262919.75824446,44105877.906358086,0.0023245486468272264,-175270.96797077288,92.49107360839844,2022-03-03,0,0,0,1,0,0,0,0,0,0,0,-6.312650591974423,0
91.36141510009766,90.43055801391601,91.96898307800294,90.40597961425782,92.41635112762374,91.53454091719045,91.31366164855756,89.49049826302615,65.79785910637308,94.23694224379919,83.05414526792752,0.35457862805748164,0.20345252383346638,0.15112610422401526,24.083951219907267,160.48207483749042,-1.9537618044348852,67.1247281616335,5.434356300411203,2.158941306099581,2.247311759060482,4.57996230917729,96.78666244322004,91.36141510009766,85.93616775697528,4.951576232910142,-1.8200228903102016,-1.678930233686387,57.142857142857146,100.0,42.85714285714286,0.8620689121536361,0.03867024554173515,1.0499493460750668,1.0428600226204305,0.17066998079313073,0.05852407444714779,1.2176703197378826,0.11954921730321784,1.0,0.48953958685242294,2.9258218091135797,2.7984438680992962,5728250.497208935,8622042.316623952,-9457910.960865052,229005.10801126037,4409389.261525904,3660958.9312527394,-606863.5362298399,3660958.9312527394,7862161.730950225,9324671.625294864,65765062.35928826,65765062.35928826,8478279.155408338,7862161.730950225,7862161.730950225,7862161.730950225,7862161.730950225,7862161.730950225,7862161.730950225,7862161.730950225,0.02945838434872122,0.02914610465597859,2809476.3023745078,2782412.062336813,2782412.062336813,2782412.062336813,21392199.885179143,21392199.885179143,134340641.95326018,88274182.61217687,46066459.3410833,45915524.156257704,45915524.156257704,87274887.59540047,100904855.25130703,-47033485.456276305,-47033485.456276305,56093760.27504908,42463792.619142525,0.002238004464655499,-168745.53663502462,96.0677261352539,2022-03-04,0,0,0,1,0,0,0,0,0,0,0,-10.014192582166045,0
93.01317291259765,91.01303787231446,92.07721061706543,90.61094192504883,93.83475481669056,92.46854478585114,91.82393789105915,89.77210861329274,67.04492929725978,89.92742911405618,89.88022937325788,0.7442175167121832,0.31160552240920975,0.4326119943029734,25.02389022580117,212.67751729709516,-21.9626303470788,63.90559583892442,6.411674288074876,2.308646496743865,2.3881340534160413,4.254813975119561,98.85463090014241,93.01317291259765,87.1717149250529,5.824798583984375,-1.5676035708840852,-1.449361360990082,50.0,100.0,50.0,0.26200796255267894,0.006285524638317774,1.04456555396184,1.0116663128633252,0.17066998079313073,0.05852407444714779,1.2176703197378826,0.11954921730321784,1.0,0.48953958685242294,2.9258218091135797,2.7984438680992962,5692470.334667489,8568186.767590553,-9398834.355949266,227574.68174211297,4381847.05390723,3638091.616759142,-603072.9066165993,3638091.616759142,7813052.59635536,9266427.268390218,65354276.44447707,65354276.44447707,8425321.588975083,7813052.59635536,7813052.59635536,7813052.59635536,7813052.59635536,7813052.59635536,7813052.59635536,7813052.59635536,0.029274379515008168,0.028964050403541646,2791927.572827104,2765032.383166672,2765032.383166672,2765032.383166672,21258578.565828014,21258578.565828014,133501514.89215279,87722798.79898366,45778716.09316913,45628723.689293645,45628723.689293645,86729745.6422908,100274576.92743275,-46739701.90834378,-46739701.90834378,55743383.86235901,42198552.57721707,0.0022240252988433764,-167691.5075327906,96.67156219482422,2022-03-07,0,0,0,1,0,0,0,0,0,0,0,-12.505193973451842,0
93.2547119140625,91.06692047119141,91.8756175994873,90.70161163330079,92.76443218655021,92.13313426592721,91.70963779917442,89.80550776282125,48.12030515138771,62.39471399818922,82.18636178534815,0.5585654278052488,0.3609975034884175,0.19756792431683123,23.698734021252847,54.73391894038423,-65.42056199511299,49.8132226672085,0.5981309012759173,2.5803720945474415,2.847345252352788,6.112804865993937,98.55616511452989,93.2547119140625,87.9532587135951,0.538825988769517,-1.5861191079193993,-1.4660949217967385,42.85714285714286,92.85714285714286,50.0,-0.8538454495943546,-0.06256002418132534,1.0666803423898081,0.9461688117894941,0.17066998079313073,0.05852407444714779,1.2176703197378826,0.11954921730321784,1.0,0.48953958685242294,2.9258218091135797,2.7984438680992962,6072357.1444627205,9139984.413517121,-10026065.239794346,242761.87021293814,4674269.464645482,3880879.5342677427,-643318.9560642861,3880879.5342677427,8334456.389628735,9884821.969852272,69715691.80992372,69715691.80992372,8987585.132175718,8334456.389628735,8334456.389628735,8334456.389628735,8334456.389628735,8334456.389628735,8334456.389628735,8334456.389628735,0.031228004213755226,0.030896965299828487,2978246.762294182,2949556.723087198,2949556.723087198,2949556.723087198,22677269.067027688,22677269.067027688,142410733.84518805,93576976.7257627,48833757.11942535,48673754.977694094,48673754.977694094,92517652.20119715,106966397.33105265,-49858874.2895518,-49858874.2895518,59463416.64561278,45014671.51575726,0.002372445549808259,-178882.39445554273,90.62378692626952,2022-03-08,0,0,0,1,0,0,0,0,0,0,0,-6.295848013186449,0
93.43679504394531,91.22484970092773,91.68377838134765,90.7860432434082,92.28623024269363,91.98707828211872,91.67346528067975,89.86528496251377,49.89830507313881,33.1955303737787,61.83922449534132,0.46306832764364003,0.38141166831946205,0.08165665932417798,22.402845466270215,10.015109929444753,-60.34712393380241,49.76674579249504,1.7596466850541947,2.5201476222186545,2.75939167170137,1.737229481944425,98.38712737118635,93.43679504394531,88.48646271670427,1.5792922973632955,-1.46639040674395,-1.3543783823649136,35.714285714285715,85.71428571428572,50.0,0.11764753880989975,0.00779088418899776,1.0192209140608979,1.002242850738268,0.17066998079313073,0.05852407444714779,1.2176703197378826,0.11954921730321784,1.0,0.48953958685242294,2.9258218091135797,2.7984438680992962,6025413.843020961,9069326.342311943,-9948557.182934482,240885.16181439423,4638134.297480791,3850877.791369202,-638345.6788081446,3850877.791369202,8270025.578109634,9808405.816060653,69176743.81032552,69176743.81032552,8918105.207320187,8270025.578109634,8270025.578109634,8270025.578109634,8270025.578109634,8270025.578109634,8270025.578109634,8270025.578109634,0.03098659126976071,0.030658111503650172,2955222.9624411366,2926754.7160448898,2926754.7160448898,2926754.7160448898,22501958.911125526,22501958.911125526,141309805.51564586,92853565.35157306,48456240.164072804,48297474.94378604,48297474.94378604,91802430.10001934,106139476.9581906,-49473432.50646177,-49473432.50646177,59003725.453882165,44666678.5957109,0.0023541049904588526,-177499.51628059748,91.32982635498048,2022-03-09,0,0,0,1,0,0,0,0,0,0,0,-8.275883039563926,0
93.13580322265625,91.57972869873046,91.48125686645508,90.8482388305664,91.85285832911346,91.80508486754316,91.6080033017534,89.90923906209963,49.017587832599766,11.51039338060963,35.70021258419247,0.35555292097758695,0.37623991885108704,-0.02068699787350009,21.108773034442045,-3.0922517638868845,-62.81695879905389,49.42106657824568,4.058667162278362,2.4390089183045207,2.6806386135459874,1.3842057674207808,98.44923551378349,93.13580322265625,87.82237093152901,3.5487899780273438,-1.2877053012534438,-1.1881690881191247,28.571428571428573,78.57142857142857,50.0,-0.1610726227233386,-0.0037634129697281526,1.0153544708338014,0.9975555320531316,0.17066998079313073,0.05852407444714779,1.2176703197378826,0.11954921730321784,1.0,0.48953958685242294,2.9258218091135797,2.7984438680992962,6048175.625613589,9103586.89931989,-9986139.148523545,241795.1367681246,4655655.45158989,3865424.981879519,-640757.1124355302,3865424.981879519,8301266.672771114,9845458.341676638,69438067.93578793,69438067.93578793,8951794.506869683,8301266.672771114,8301266.672771114,8301266.672771114,8301266.672771114,8301266.672771114,8301266.672771114,8301266.672771114,0.031103647138808754,0.030773926497761308,2966386.7006234922,2937810.9117327137,2937810.9117327137,2937810.9117327137,22586962.98055331,22586962.98055331,141843621.64100283,93204331.7424876,48639289.89851525,48479924.922008984,48479924.922008984,92149225.69113578,106540432.60405315,-49660324.81695882,-49660324.81695882,59226619.68254863,44835412.769631244,0.002362997927506672,-178170.0437340031,90.98611450195312,2022-03-10,0,0,0,1,0,0,0,0,0,0,0,-8.052361062616534,0
91.8556411743164,91.60852813720703,91.29917259216309,90.87183517456054,91.12421085059387,91.41632687227252,91.4231378343059,89.89973619274492,45.684691830091786,6.624661201447819,17.11019498527867,0.16203010174046995,0.3333979554289636,-0.17136785368849367,19.671502454567026,-21.14005250688032,-72.29641866788295,44.45850979091418,0.32221734152084736,2.426704789185423,2.7063546961581806,2.266751110637159,96.79799983204501,91.8556411743164,86.9132825165878,0.287994384765625,-1.0984015423844795,-1.011480722671891,21.42857142857143,71.42857142857143,50.0,-0.6024607976486333,-0.014498900361000877,1.0253085231752843,0.9849984564470877,0.17066998079313073,0.05852407444714779,1.2176703197378826,0.11954921730321784,1.0,0.48953958685242294,2.9258218091135797,2.7984438680992962,6137157.663070197,9237520.79287851,-10133057.337208034,245352.4778984996,4724150.43808202,3922293.930768287,-650184.066431024,3922293.930768287,8423396.661669852,9990306.804612543,70459655.45976958,70459655.45976958,9083495.198685048,8423396.661669852,8423396.661669852,8423396.661669852,8423396.661669852,8423396.661669852,8423396.661669852,8423396.661669852,0.03156125056603427,0.031226679005263585,3010028.8084002296,2981032.60646677,2981032.60646677,2981032.60646677,22919267.15132757,22919267.15132757,143930454.96647528,94575573.56012028,49354881.406355,49193171.81864917,49193171.81864917,93504944.5656541,108107877.95475844,-50390938.00620821,-50390938.00620821,60097974.22270158,45495040.83359724,0.0023977628521898824,-180791.31905511714,89.66691589355469,2022-03-11,0,0,0,1,0,0,0,0,0,0,0,-6.782796506234844,0
90.76685485839843,91.89001388549805,91.1807243347168,90.92070022583007,91.15868410547404,91.38201846190195,91.40451809915623,89.95181048382294,50.014896721979994,13.2812106155194,10.472088399192238,0.13306462171158273,0.2933312886854874,-0.16026666697390468,18.458969363794484,-17.487864532498932,-61.08147917608442,45.996006597394974,3.1837678914304224,2.423242546394527,2.6562594359321907,2.3782333901128823,91.96940553256945,90.76685485839843,89.56430418422741,2.8148574829101562,-0.5740801731526878,-0.5276868771284029,14.285714285714286,64.28571428571429,50.0,0.4687492549412248,0.01740569201167186,1.0267474410519462,1.0123711025591977,0.17066998079313073,0.05852407444714779,1.2176703197378826,0.11954921730321784,1.0,0.48953958685242294,2.9258218091135797,2.7984438680992962,6032163.6798939705,9079486.05498124,-9959701.834547812,241155.0081004313,4643330.065061032,3855191.652223713,-639060.771466143,3855191.652223713,8279289.891738898,9819393.46619847,69254237.53080522,69254237.53080522,8928095.517850554,8279289.891738898,8279289.891738898,8279289.891738898,8279289.891738898,8279289.891738898,8279289.891738898,8279289.891738898,0.0310213033147373,0.030692455576418528,2958533.4857412004,2930033.3484202405,2930033.3484202405,2930033.3484202405,22527166.23396347,22527166.23396347,141468104.70647937,92957582.50882216,48510522.19765721,48351579.12413648,48351579.12413648,91905269.7462021,106258377.36468868,-49528854.02731767,-49528854.02731767,59069823.075072914,44716715.45658634,0.0023567421246178514,-177698.35619618598,91.22763061523438,2022-03-14,0,0,0,1,0,0,0,0,0,0,0,-8.571729879468661,0
90.9024887084961,92.0786003112793,91.08225021362304,90.9517286682129,91.20644146256862,91.36746168278484,91.39475029702305,90.00475737374195,50.21843873563236,35.202284529405624,18.369385448790904,0.11478356822972557,0.25762174459433507,-0.1428381763646095,17.1406687184049,-7.580197246288585,-60.54739266840924,42.78109339608877,2.1090882159354507,2.4180369843589853,2.6483955937129533,2.3503646778969483,92.16154944926106,90.9024887084961,89.64342796773113,1.8858642578124858,-0.2659856904477491,-0.24416263286883577,7.142857142857143,57.142857142857146,50.0,-0.01581064617686256,0.0008147264268749677,1.0262938967699007,0.9995931558619658,0.17066998079313073,0.05852407444714779,1.2176703197378826,0.11954921730321784,1.0,0.48953958685242294,2.9258218091135797,2.7984438680992962,6027253.11749768,9072094.77961717,-9951594.007920029,240958.69268571498,4639550.100984949,3852053.282616635,-638540.5356171448,3852053.282616635,8272550.02661457,9811399.85944834,69197860.20541267,69197860.20541267,8920827.483949788,8272550.02661457,8272550.02661457,8272550.02661457,8272550.02661457,8272550.02661457,8272550.02661457,8272550.02661457,0.03099605001366243,0.030667469978181906,2956125.052539749,2927648.116131437,2927648.116131437,2927648.116131437,22508827.697200585,22508827.697200585,141352940.73015,92881909.16284858,48471031.56730144,48312217.88348585,48312217.88348585,91830453.04931092,106171876.3312507,-49488534.41050612,-49488534.41050612,59021736.50658095,44680313.22464117,0.0023548235876103964,-177553.6985058239,91.3019561767578,2022-03-15,0,0,0,1,0,0,0,0,0,0,0,-10.79061562797428,0
90.62750701904297,92.03215103149414,90.92942962646484,90.9704946899414,90.78926694428402,91.11063554186302,91.25762340280322,90.00280288487815,46.521095064088605,46.756880167205146,31.746791770710008,-0.008303313575495963,0.20443673296036885,-0.2127400465358648,16.028228629854855,-43.504018806412695,-78.27377153742589,43.94640119366773,-0.5137091629186741,2.3999315860104846,2.6679270481604855,2.1645614074799795,91.98948814869077,90.62750701904297,89.26552588939516,-0.4644927978515625,0.07110953069764776,0.06514671521308912,0.0,50.0,50.0,-0.6140340310194238,-0.01475366274119172,1.0237624437853947,0.9857477198611937,0.17066998079313073,0.05852407444714779,1.2176703197378826,0.11954921730321784,1.0,0.48953958685242294,2.9258218091135797,2.7984438680992962,6117508.77883692,9207945.705089262,-10100615.076233374,244566.95099838678,4709025.474678028,3909736.2120969375,-648102.4201457249,3909736.2120969375,8396428.094958251,9958321.577470675,70234069.98694126,70234069.98694126,9054413.243260229,8396428.094958251,8396428.094958251,8396428.094958251,8396428.094958251,8396428.094958251,8396428.094958251,8396428.094958251,0.03146020324206521,0.031126702854340133,3000391.821566572,2971488.454630399,2971488.454630399,2971488.454630399,22845888.227126576,22845888.227126576,143469643.46340817,94272777.93416451,49196865.52924366,49035673.675176546,49035673.675176546,93205576.69344428,107761756.94968462,-50229605.06323231,-50229605.06323231,59905562.97909576,45349382.722855404,0.002390086112029689,-180212.49284703855,89.95491790771484,2022-03-16,0,0,0,1,0,0,0,0,0,0,0,-8.81212623205441,0
90.43241577148437,91.78410949707032,90.85975494384766,90.9777409362793,90.52973071757607,90.91063967318978,91.13886481817055,90.00311093896764,46.69598347822577,52.49128949855639,44.81681806505568,-0.10019775591642599,0.14350983518500987,-0.24370759110143586,15.337359928071535,-69.56847818347332,-77.8273389386117,56.95239840187208,-2.681788898613291,2.3612219641224805,2.6232692990566164,1.8579968795784225,91.81236963509683,90.43241577148437,89.05246190787192,-2.4804153442382812,0.34238946378908985,0.31299977424818337,7.142857142857143,42.85714285714286,35.714285714285715,-0.005001068115235503,0.0006196476828814745,1.0210238626904633,0.9998967787814967,0.17066998079313073,0.05852407444714779,1.2176703197378826,0.11954921730321784,1.0,0.48953958685242294,2.9258218091135797,2.7984438680992962,6113720.426141076,9202243.556192355,-10094360.12936904,244415.49950046098,4706109.344927058,3907315.053377824,-647701.0736762215,3907315.053377824,8391228.4896681,9952154.747841498,70190576.55881648,70190576.55881648,9048806.171483226,8391228.4896681,8391228.4896681,8391228.4896681,8391228.4896681,8391228.4896681,8391228.4896681,8391228.4896681,0.03144072107210475,0.031107427209149576,2998533.7870533825,2969648.318930601,2969648.318930601,2969648.318930601,22831740.591972608,22831740.591972608,143380797.8842295,94214398.20062542,49166399.68360409,49005307.649842426,49005307.649842426,93147857.83916886,107695023.97761902,-50198499.67922195,-50198499.67922195,59868465.62309473,45321299.48464457,0.002388606017845414,-180100.89374554422,90.01065826416016,2022-03-17,0,0,0,1,0,0,0,0,0,0,0,-10.16337939444529,0
90.3803939819336,91.118017578125,90.7742877960205,90.96510665893555,90.15542279365097,90.63721554093723,90.9739069255639,89.97972646864737,44.9798864122381,39.75856962613577,46.33557976396572,-0.21922344689691897,0.0709631787686241,-0.2901866256655431,14.829879570529755,-85.58698752060924,-88.52586887130018,57.217695142906976,-6.933565992886315,2.355801487254493,2.63492408210328,2.2853352879706534,91.885769124386,90.3803939819336,88.87501883948119,-6.660919189453125,0.4880982770166524,0.44514450660118143,0.0,35.714285714285715,35.714285714285715,-0.4186988465963914,-0.006708664618219062,1.0259466211140058,0.9894109302473149,0.17066998079313073,0.05852407444714779,1.2176703197378826,0.11954921730321784,1.0,0.48953958685242294,2.9258218091135797,2.7984438680992962,6155012.3396487795,9264395.276996337,-10162537.182999965,246066.27561743258,4737894.288706565,3933704.960665956,-652075.6303861963,3933704.960665956,8447902.635174856,10019371.34991346,70664641.94197169,70664641.94197169,9109921.580062138,8447902.635174856,8447902.635174856,8447902.635174856,8447902.635174856,8447902.635174856,8447902.635174856,8447902.635174856,0.03165307090896974,0.031317525987673234,3018785.8085975023,2989705.2487518056,2989705.2487518056,2989705.2487518056,22985945.591881167,22985945.591881167,144349188.17561188,94850719.86902334,49498468.30658854,49336288.26129523,49336288.26129523,93776976.12087454,108422393.45239574,-50537539.0795367,-50537539.0795367,60272815.72941912,45627398.39789793,0.002404738602624909,-181317.29063791817,89.40680694580078,2022-03-18,0,0,0,1,0,0,0,0,0,0,0,-12.612067400824783,0
90.10541534423828,90.43613510131836,90.7245864868164,90.96938018798828,90.05452767135326,90.49458315654097,90.86712887805855,89.97474650622033,46.542294434997785,44.02801833261179,45.42595915243461,-0.2744061185927933,0.0018893192963406098,-0.2762954378891339,14.019655441763708,-58.92377296682871,-84.76862582968273,55.1563727538533,-7.053599438399772,2.3182528895431003,2.5800581662108977,1.8301211192950007,91.37513599725177,90.10541534423828,88.83569469122479,-6.818824768066406,0.3933385128730985,0.35820100246331776,0.0,28.571428571428573,28.571428571428573,0.14720906545422444,0.00498765693788128,1.020525041908808,1.003007372338583,0.17066998079313073,0.05852407444714779,1.2176703197378826,0.11954921730321784,1.0,0.48953958685242294,2.9258218091135797,2.7984438680992962,6124465.606276818,9218416.975611646,-10112101.489847569,244845.0723934036,4714380.575720262,3914182.361852729,-648839.4418425194,3914182.361852729,8405976.508124443,9969646.175000496,70313940.1306493,70313940.1306493,9064709.91675595,8405976.508124443,8405976.508124443,8405976.508124443,8405976.508124443,8405976.508124443,8405976.508124443,8405976.508124443,0.03149597976696964,0.031162100122796816,3003803.865408165,2974867.6295798537,2974867.6295798537,2974867.6295798537,22871868.557985622,22871868.557985622,143632797.05885398,94379984.88262638,49252812.176227614,49091437.014877416,49091437.014877416,93311570.02127334,107884303.55726983,-50286726.141016126,-50286726.141016126,59973687.550616965,45400954.01462048,0.0023928041165718985,-180417.43038952115,89.85273742675781,2022-03-21,0,0,0,1,0,0,0,0,0,0,0,-13.118397293477265,0
89.82671508789062,90.36460189819336,90.71576118469238,90.98312896728515,90.00583674590868,90.38801438171889,90.7758265939596,89.97214683519285,46.745781072686086,47.45799008951153,43.74819268275298,-0.3100685719565064,-0.060502258954228796,-0.2495663130022776,13.430895959646142,-71.86059220257006,-84.29034905168598,61.38745935237361,-0.7893424624066614,2.2482176708843737,2.50056312669312,1.3377598283209267,90.25933728898002,89.82671508789062,89.39409288680122,-0.7153320312499858,-0.01453948737655451,-0.01322002899952679,85.71428571428572,21.42857142857143,-64.28571428571429,0.1666649006061125,0.0006200976159145277,1.015058062143307,1.0024859940075983,0.17066998079313073,0.05852407444714779,1.2176703197378826,0.11954921730321784,1.0,0.48953958685242294,2.9258218091135797,2.7984438680992962,6120670.193282165,9212704.199701285,-10105834.885728102,244693.33863748432,4711459.011219925,3911756.690854693,-648437.3473893335,3911756.690854693,8400767.212404178,9963467.852339022,70270365.64444374,70270365.64444374,9059092.395159362,8400767.212404178,8400767.212404178,8400767.212404178,8400767.212404178,8400767.212404178,8400767.212404178,8400767.212404178,0.031476461288367306,0.03114278855386164,3001942.368102592,2973024.0644454346,2973024.0644454346,2973024.0644454346,22857694.556086093,22857694.556086093,143543785.8994384,94321496.34761174,49222289.55182668,49061014.396815605,49061014.396815605,93253743.59719363,107817446.21591736,-50255562.78634587,-50255562.78634587,59936521.056803435,45372818.43807971,0.0023913212639572333,-180305.62330237537,89.90845489501953,2022-03-22,0,0,0,1,0,0,0,0,0,0,0,-14.07443399501429,0
89.69851379394531,90.16301040649414,90.69393005371094,91.01137069702149,89.77519497660188,90.19272293740423,90.63659657910519,89.9463336823613,44.78670367754562,49.47874000926134,46.98824947712817,-0.3819036636490125,-0.12478253989318555,-0.25712112375582696,12.541867733035643,-67.56977713451221,-89.39388907027165,54.44012059826494,-2.207290868107803,2.242242702558042,2.5105189846207305,2.1645681143157276,90.26300026682986,89.69851379394531,89.13402732106076,-2.0159149169922017,-0.5223426742545905,-0.4741450089674686,78.57142857142857,14.285714285714286,-64.28571428571429,-0.44205921453316877,-0.006612764703002205,1.0244260598172046,0.9894000329452919,0.17066998079313073,0.05852407444714779,1.2176703197378826,0.11954921730321784,1.0,0.48953958685242294,2.9258218091135797,2.7984438680992962,6161414.175462239,9274031.18578116,-10173107.25027256,246322.20944969883,4742822.178313292,3937796.4119754126,-652753.8550417018,3937796.4119754126,8456689.308970796,10029792.5102291,70738140.32192056,70738140.32192056,9119396.820567079,8456689.308970796,8456689.308970796,8456689.308970796,8456689.308970796,8456689.308970796,8456689.308970796,8456689.308970796,0.03168599330648399,0.03135009938450712,3021925.6513851685,2992814.8448138405,2992814.8448138405,2992814.8448138405,23009853.301821638,23009853.301821638,144499325.94163287,94949374.21801277,49549951.723620094,49387602.99466461,49387602.99466461,93874513.6676868,108535163.71557024,-50590103.23534178,-50590103.23534178,60335505.558297135,45674855.5104137,0.002407239774167511,-181505.87897223033,89.31391143798828,2022-03-23,0,0,0,1,0,0,0,0,0,0,0,-13.836489699401694,0
89.65392150878907,90.04316864013671,90.81144866943359,91.03812576293946,89.77936226386089,90.11908182849054,90.55574898475031,89.94011262965611,46.70356240754249,52.852422171122846,49.92971742329852,-0.39603769313593773,-0.179033570541736,-0.21700412259420174,11.716341522611605,-66.68674721904968,-85.32693194120161,51.75597034774773,-1.317143467587567,2.1537482219272333,2.3987119591719317,1.0033199737267182,90.14290683227654,89.65392150878907,89.1649361853016,-1.1984176635742188,-0.4631426948429238,-0.41983330555451914,71.42857142857143,7.142857142857143,-64.28571428571429,0.4814846211446887,0.005304721210419583,1.011280570870614,1.0054093861158666,0.17066998079313073,0.05852407444714779,1.2176703197378826,0.11954921730321784,1.0,0.48953958685242294,2.9258218091135797,2.7984438680992962,6128902.058714791,9225094.630625952,-10119426.513807485,245022.43374836526,4717795.587991251,3917017.7249681847,-649309.4494331679,3917017.7249681847,8412065.645915467,9976868.006899346,70364874.2808544,70364874.2808544,9071276.22914874,8412065.645915467,8412065.645915467,8412065.645915467,8412065.645915467,8412065.645915467,8412065.645915467,8412065.645915467,0.03151879488672153,0.031184673386155576,3005979.766758354,2977022.5700426376,2977022.5700426376,2977022.5700426376,22888436.527102973,22888436.527102973,143736842.06680238,94448352.04164827,49288490.025154114,49126997.966547236,49126997.966547236,93379163.23983721,107962453.00120583,-50323152.938573346,-50323152.938573346,60017131.40832685,45433841.64695824,0.0023945374207226602,-180548.1215224886,89.7876968383789,2022-03-24,0,0,0,1,0,0,0,0,0,0,0,-13.221606584882739,0
89.9660659790039,90.17322998046875,90.8908790588379,91.08550491333008,90.17541794153226,90.27334500456044,90.59496615733362,89.98040347935097,51.24304500419205,64.20729753211425,55.5128199041661,-0.30848042390080366,-0.20492294121354954,-0.10355748268725412,11.50938127593341,35.21479470166727,-66.0849652960932,56.82983962212571,1.4504941876938071,2.0994451508679903,2.3079060925315384,1.3935052270978332,91.05279033061863,89.9660659790039,88.87934162738917,1.3006134033203125,-0.47801163612014297,-0.433231549385269,64.28571428571429,0.0,-64.28571428571429,0.2932322200934052,0.013140246381637688,1.0137368501884616,1.0039987634013101,0.17066998079313073,0.05852407444714779,1.2176703197378826,0.11954921730321784,1.0,0.48953958685242294,2.9258218091135797,2.7984438680992962,6049411.303720045,9105446.81604818,-9988179.375904113,241844.5369468308,4656606.629576252,3866214.711100018,-640888.0229091017,3866214.711100018,8302962.670724605,9847469.827135047,69452254.54438102,69452254.54438102,8953623.411513058,8302962.670724605,8302962.670724605,8302962.670724605,8302962.670724605,8302962.670724605,8302962.670724605,8302962.670724605,0.031110001798160508,0.03078021379323301,2966992.7509977105,2938411.1239039944,2938411.1239039944,2938411.1239039944,22591577.630883273,22591577.630883273,141872601.1331095,93223373.93955497,48649227.193554536,48489829.657839574,48489829.657839574,92168052.32378697,106562199.44552244,-49670470.715480015,-49670470.715480015,59238720.03177645,44844572.91004098,0.002363480701980392,-178206.44492932156,90.967529296875,2022-03-25,0,0,0,1,0,0,0,0,0,0,0,-14.470092833391035,0
90.13328399658204,90.11934967041016,91.0046817779541,91.1247087097168,90.34655446590432,90.3488872791219,90.60390533422074,90.00818481406851,50.15627525579623,76.63600375795197,64.56524115372964,-0.25859859816598885,-0.2156580726040374,-0.04294052556195144,11.33761465598723,57.30946978211469,-35.40220099457878,57.24614108896382,-0.5906139367560903,2.030440439839332,2.2389091307982416,1.1333791964667768,91.3485021070862,90.13328399658204,88.91806588607787,-0.5388031005859375,-0.48730032934952755,-0.44156998854417395,57.142857142857146,0.0,-57.142857142857146,-0.35245891387549816,-0.003063750157674572,1.0125812231137998,0.9956144794309816,0.17066998079313073,0.05852407444714779,1.2176703197378826,0.11954921730321784,1.0,0.48953958685242294,2.9258218091135797,2.7984438680992962,6068002.146252396,9133429.361695183,-10018874.704860851,242587.76525086808,4670917.152739442,3878096.2290331954,-642857.5779148004,3878096.2290331954,8328479.049726393,9877732.732351255,69665692.82174815,69665692.82174815,8981139.37870065,8328479.049726393,8328479.049726393,8328479.049726393,8328479.049726393,8328479.049726393,8328479.049726393,8328479.049726393,0.031205607984543485,0.030874806486474116,2976110.8109640586,2947441.347798047,2947441.347798047,2947441.347798047,22661005.289411772,22661005.289411772,142308599.1261206,93509864.80258802,48798734.323532574,48638846.93279905,48638846.93279905,92451300.00876606,106889682.72783363,-49823116.29588737,-49823116.29588737,59420770.4265399,44982387.707472324,0.0023707440694971196,-178754.10284008284,90.68882751464844,2022-03-28,0,0,0,1,0,0,0,0,0,0,0,-12.099699783776344,0
90.15558166503907,89.99114837646485,91.03487434387208,91.13492767333985,90.23768405637111,90.28907927151877,90.5482898964192,90.00864592870522,47.54983627043791,68.56855893723926,69.8039534091018,-0.2699286930260598,-0.22651219668844189,-0.04341649633761793,11.9461892881989,50.693573405297364,-57.94769121594078,51.44834741102022,-1.40414619043997,2.161453945821208,2.401083435615288,3.8646295235855916,91.35749876462211,90.15558166503907,88.95366456545602,-1.2820129394531108,-0.4198878539191173,-0.38035025963417013,50.0,100.0,50.0,-0.5384615384615404,-0.007375597366011899,1.0435055000337103,0.9774057103332663,0.17066998079313073,0.05852407444714779,1.2176703197378826,0.11954921730321784,1.0,0.48953958685242294,2.9258218091135797,2.7984438680992962,6113089.835541611,9201294.404468682,-10093318.961608408,244390.28962732223,4705623.940278805,3906912.0391786015,-647634.2675124039,3906912.0391786015,8390362.988887113,9951128.24764342,70183336.85620269,70183336.85620269,9047872.845830366,8390362.988887113,8390362.988887113,8390362.988887113,8390362.988887113,8390362.988887113,8390362.988887113,8390362.988887113,0.031437478165696454,0.03110421867984101,2998224.507746103,2969342.018971965,2969342.018971965,2969342.018971965,22829385.64605045,22829385.64605045,143366009.08510432,94204680.59666276,49161328.48844157,49000253.07027811,49000253.07027811,93138250.24192536,107683915.93456243,-50193322.02964058,-50193322.02964058,59862290.57925973,45316624.88662265,0.0023883596486306492,-180082.31750675093,90.01994323730469,2022-03-29,0,0,0,1,0,0,0,0,0,0,0,-9.022997867463383,0
90.36367340087891,90.03109359741211,91.03162231445313,91.13102554321289,90.27657940997658,90.30095033436763,90.52982134601619,90.02220374001826,48.97747750873183,55.28514831097609,66.8299036687224,-0.2490515097716326,-0.23102005930508002,-0.01803145046655258,11.835241449073655,-66.02659088642062,-48.1836749031657,58.288718709741175,0.4440582224559009,2.2061354281714096,2.44164773138267,2.7869946987240297,91.2217424506959,90.36367340087891,89.50560435106192,0.39945220947265625,-0.511604709155348,-0.4634838593311912,100.0,92.85714285714286,-7.142857142857143,-0.06666564941405886,0.003715031001532809,1.0317292427622424,0.997947907345363,0.17066998079313073,0.05852407444714779,1.2176703197378826,0.11954921730321784,1.0,0.48953958685242294,2.9258218091135797,2.7984438680992962,6090463.574548456,9167237.831725398,-10055960.755650967,243485.73258234787,4688207.105540116,3892451.4613278066,-645237.1913432219,3892451.4613278066,8359307.900883971,9914296.329421237,69923568.63100071,69923568.63100071,9014384.129330179,8359307.900883971,8359307.900883971,8359307.900883971,8359307.900883971,8359307.900883971,8359307.900883971,8359307.900883971,0.0313211192367293,0.030989093237753364,2987127.2374534407,2958351.650875527,2958351.650875527,2958351.650875527,22744887.68318105,22744887.68318105,142835371.2527848,93856002.63718566,48979368.61559912,48818889.38276075,48818889.38276075,92793519.4404627,107285347.54243207,-50007542.45909458,-50007542.45909458,59640723.442716196,45148895.34074681,0.0023795196593274907,-179415.7823132928,90.3543701171875,2022-03-30,0,0,0,1,0,0,0,0,0,0,0,-9.287483635803579,0
90.94894256591797,90.30143203735352,91.04277076721192,91.20051498413086,91.08906716117579,90.73969439422338,90.73784242387886,90.12776605074595,57.72176337992055,59.27857340918312,61.044093552466116,-0.0416205618147103,-0.19314015980700608,0.15151959799229578,12.87335304402981,200.5829294360166,-8.37687090497001,62.84333242216435,3.0034047651115614,2.2841214725805576,2.4636197570079106,3.2979400498994806,92.82513867732196,90.94894256591797,89.07274645451399,2.7033843994140625,-0.5068907909894058,-0.4597910856589351,92.85714285714286,100.0,7.142857142857143,0.8309882765068066,0.026115754482337383,1.0367000444449879,1.0304595211576073,0.17066998079313073,0.05852407444714779,1.2176703197378826,0.11954921730321784,1.0,0.48953958685242294,2.9258218091135797,2.7984438680992962,5935454.69694208,8933921.72538093,-9800025.690789703,237288.7576462398,4568887.169952145,3793384.3665537518,-628815.2077625354,3793384.3665537518,8146554.4841002235,9661966.777250074,68143938.26968993,68143938.26968993,8784958.31484219,8146554.4841002235,8146554.4841002235,8146554.4841002235,8146554.4841002235,8146554.4841002235,8146554.4841002235,8146554.4841002235,0.030523962915402665,0.030200387336794154,2911101.622214551,2883058.405401814,2883058.405401814,2883058.405401814,22166005.719944883,22166005.719944883,139200056.74685645,91467265.97579125,47732790.77106519,47576395.90807108,47576395.90807108,90431824.12424402,104554819.5452434,-48734796.47948954,-48734796.47948954,58122802.60018441,43999807.17918503,0.00231895831336098,-174849.4568274179,92.71404266357422,2022-03-31,0,0,0,1,0,0,0,0,0,0,0,-12.672257691293314,0
91.692138671875,90.82910232543945,90.97355995178222,91.32277145385743,92.28721471633725,91.45675174557552,91.1136202717628,90.30642266940924,63.36513561915018,79.96845731523376,64.84405967846429,0.2784793626918969,-0.09881625530722549,0.37729561799912237,14.460144036516997,279.378281693192,-3.534082246163074,67.42487327652788,5.901902842876572,2.2842081590485206,2.4124667148802224,2.28533508313204,95.22315379044419,91.692138671875,88.16112355330581,5.276702880859375,-0.37856165524703833,-0.34444119380070504,85.71428571428572,100.0,14.285714285714286,0.7764214404674338,0.021242382561533102,1.0246665898091705,1.0190980501141587,0.17066998079313073,0.05852407444714779,1.2176703197378826,0.11954921730321784,1.0,0.48953958685242294,2.9258218091135797,2.7984438680992962,5811994.09493216,8748091.42073834,-9596179.964847103,232353.02578322284,4473851.896444236,3714479.962179976,-615735.5183255405,3714479.962179976,7977101.835184919,9460992.749845956,66726508.25435562,66726508.25435562,8602226.528052336,7977101.835184919,7977101.835184919,7977101.835184919,7977101.835184919,7977101.835184919,7977101.835184919,7977101.835184919,0.02988904831666003,0.029572203281501085,2850549.1663132655,2823089.2632661574,2823089.2632661574,2823089.2632661574,21704941.058504604,21704941.058504604,136304621.8251417,89564698.38861203,46739923.436529666,46586781.66953618,46586781.66953618,88550794.27610342,102380023.91067396,-47721086.89540519,-47721086.89540519,56913817.51548324,43084587.88091269,0.002270722751972405,-171212.49549871933,94.68350982666016,2022-04-01,0,0,0,1,0,0,0,0,0,0,0,-15.680185509570757,0
92.38516998291016,91.2592269897461,90.84768104553223,91.42756240844727,92.90947116749958,91.94715762271164,91.40317872872103,90.45730743020984,61.00723130528806,92.3647629572054,77.20393122720738,0.4838549769287823,0.01771799113997608,0.46613698578880625,15.882324791698945,183.7875847995969,-10.994757977250819,67.26830837988605,4.786995662288529,2.2716804449947547,2.412728964618306,2.1088201622957996,96.204873867168,92.38516998291016,88.56546609865231,4.301246643066406,-0.2005257762724185,-0.1828202956762084,78.57142857142857,92.85714285714286,14.285714285714286,-0.023475641425145296,-0.005592586901408181,1.0213747839518579,0.9995068732642473,0.17066998079313073,0.05852407444714779,1.2176703197378826,0.11954921730321784,1.0,0.48953958685242294,2.9258218091135797,2.7984438680992962,5844680.981230701,8797291.035350516,-9650149.263213184,233659.78845552503,4499013.017716382,3735370.3454458253,-619198.4394071413,3735370.3454458253,8021965.373657184,9514201.749929968,67101780.79468916,67101780.79468916,8650605.792697825,8021965.373657184,8021965.373657184,8021965.373657184,8021965.373657184,8021965.373657184,8021965.373657184,8021965.373657184,0.03005714551496072,0.02973851853070318,2866580.768370282,2838966.429734629,2838966.429734629,2838966.429734629,21827010.511588614,21827010.511588614,137071204.44769612,90068413.81997222,47002790.62772391,46848787.585332766,46848787.585332766,89048807.4703481,102955813.24324195,-47989472.18897474,-47989472.18897474,57233903.09223333,43326897.31933949,0.0022834933871789943,-172175.4013932962,94.15398406982422,2022-04-04,0,0,0,1,0,0,0,0,0,0,0,-17.56273078144464,0
93.47952728271484,91.81755447387695,91.09107818603516,91.58772125244141,93.77022402377575,92.59162527973282,91.79256453896933,90.65473575593997,64.59190415861423,92.85949890977491,88.397573060738,0.7459625343918361,0.1633668997903481,0.582595634601488,17.68969430896504,174.79261107424918,-6.892663047261449,68.19817665217211,6.209955279320312,2.2839368347886917,2.3917640209210793,2.4432699021098756,97.09128570758467,93.47952728271484,89.86776885784501,5.583274841308594,0.05685420448253533,0.0519890418419493,71.42857142857143,100.0,28.571428571428573,0.7680610350429371,0.014208062247390796,1.026099086736384,1.0200456915724223,0.17066998079313073,0.05852407444714779,1.2176703197378826,0.11954921730321784,1.0,0.48953958685242294,2.9258218091135797,2.7984438680992962,5762802.721444977,8674049.598715018,-9514960.11758115,230386.4435249673,4435986.248962552,3683041.463078682,-610524.0753411633,3683041.463078682,7909585.4906549,9380917.095893895,66161750.52483595,66161750.52483595,8529419.272736685,7909585.4906549,7909585.4906549,7909585.4906549,7909585.4906549,7909585.4906549,7909585.4906549,7909585.4906549,0.02963607432616625,0.029321910994086747,2826422.777608576,2799195.2888283525,2799195.2888283525,2799195.2888283525,21521235.45855274,21521235.45855274,135150971.03838742,88806643.50112638,46344327.53726104,46192481.92675594,46192481.92675594,87801320.83847196,101513503.07263525,-47317186.655600555,-47317186.655600555,56432112.13033381,42719929.89617053,0.0022515038799030894,-169763.39254469294,95.49172973632812,2022-04-05,0,0,0,1,0,0,0,0,0,0,0,-19.283898138522176,0
94.45683441162109,92.41025390625,91.28663215637206,91.76423065185547,94.26045126975676,93.0733126400939,92.12097798875499,90.83458556008816,63.41474315306982,87.62187536267196,90.94871240988407,0.9228077106759258,0.31525506196746367,0.6075526487084622,19.50812735236871,136.03847446963854,-14.759397182373737,66.43167014803846,6.636137896441441,2.313897671226023,2.429520858416777,2.703388544911334,96.42989282241874,94.45683441162109,92.48377600082344,5.926994323730483,0.30215067800270534,0.27697176811021507,64.28571428571429,100.0,35.714285714285715,-0.2164962508520764,-0.002626656520956727,1.0288147710037068,0.9938923424770437,0.17066998079313073,0.05852407444714779,1.2176703197378826,0.11954921730321784,1.0,0.48953958685242294,2.9258218091135797,2.7984438680992962,5777979.488947576,8696893.35034577,-9540018.469303593,230993.18327611606,4447668.747080126,3692741.0253731827,-612131.9356817076,3692741.0253731827,7930415.969475021,9405622.435397489,66335992.39182607,66335992.39182607,8551882.129699113,7930415.969475021,7930415.969475021,7930415.969475021,7930415.969475021,7930415.969475021,7930415.969475021,7930415.969475021,0.029714123121427658,0.029399132416960225,2833866.3711919873,2806567.17680481,2806567.17680481,2806567.17680481,21577913.225033913,21577913.225033913,135506901.12385902,89040522.3698385,46466378.75402053,46314133.24686127,46314133.24686127,88032552.11554272,101780846.3965312,-47441799.96885467,-47441799.96885467,56580730.27446973,42832435.99348126,0.0022574333820165886,-170210.4770040508,95.24090576171876,2022-04-06,0,0,0,1,0,0,0,0,0,0,0,-17.67145307021733,0
95.04953460693359,92.99923858642578,91.52120361328124,91.96953918457031,94.73281539321674,93.54680918555623,92.45969852698182,91.02450548479594,64.62342126011906,84.14956635495203,88.21031354246627,1.085676808200489,0.46933941121406875,0.6163373969864203,21.196672321243543,121.02732889948088,-9.73256402147505,70.9430240276416,6.55974817168965,2.24218241356657,2.343478237693777,1.3098840639936782,96.16758279960739,95.04953460693359,93.9314864142598,5.8898468017578125,0.6046579844843349,0.5554932814378049,57.142857142857146,92.85714285714286,35.714285714285715,0.3475171932406637,0.00458456243066796,1.013797788423807,1.0047804669636051,0.17066998079313073,0.05852407444714779,1.2176703197378826,0.11954921730321784,1.0,0.48953958685242294,2.9258218091135797,2.7984438680992962,5751610.869837896,8657203.858780174,-9496481.258104147,229939.01351341762,4427371.187467441,3675888.684212226,-609338.3858105567,3675888.684212226,7894224.404849287,9362698.559332704,66033258.79438278,66033258.79438278,8512854.417160455,7894224.404849287,7894224.404849287,7894224.404849287,7894224.404849287,7894224.404849287,7894224.404849287,7894224.404849287,0.02957851855649872,0.02926496535625315,2820933.6248759734,2793759.0141880237,2793759.0141880237,2793759.0141880237,21479439.39415566,21479439.39415566,134888496.39097568,88634173.46808343,46254322.92289226,46102772.20944023,46102772.20944023,87630803.2272976,101316355.24068256,-47225292.66631937,-47225292.66631937,56322516.182777494,42636964.16939253,0.002247131268426581,-169433.69763936423,95.67754364013672,2022-04-07,0,0,0,1,0,0,0,0,0,0,0,-18.700039958065958,0
95.15510711669921,93.4236228942871,91.79842643737793,92.04921401977539,94.89233438730726,93.84945703827114,92.72176270303005,91.18869634325446,62.258524710953935,75.3742023600168,82.38188135921355,1.1637209653979141,0.6082157220508378,0.5555052433470763,22.796583516991014,96.59247223828875,-15.09940296885045,66.28803410776459,4.6652284737374705,2.1799231400081744,2.2895617252644342,1.3705525837490313,96.21304066882351,95.15510711669921,94.09717356457492,4.243843078613281,1.0245561168820039,0.9423214839055021,50.0,85.71428571428572,35.714285714285715,-0.5986370902447592,-0.004872316396434706,1.0144315846445588,0.9914563373454568,0.17066998079313073,0.05852407444714779,1.2176703197378826,0.11954921730321784,1.0,0.48953958685242294,2.9258218091135797,2.7984438680992962,5779771.7464859495,8699591.018743072,-9542977.664650435,231064.8344951679,4449048.358734232,3693886.467815934,-612321.8114121949,3693886.467815934,7932875.886100014,9408539.942762336,66356568.99350096,66356568.99350096,8554534.817415219,7932875.886100014,7932875.886100014,7932875.886100014,7932875.886100014,7932875.886100014,7932875.886100014,7932875.886100014,0.0297233400736966,0.029408251663021367,2834745.40137481,2807437.73911629,2807437.73911629,2807437.73911629,21584606.425955433,21584606.425955433,135548933.683079,89068141.63497147,46480792.04810752,46328499.31628116,46328499.31628116,88059858.72081074,101812417.55208223,-47456515.82649848,-47456515.82649848,56598280.91488913,42845722.083617635,0.002258133609839141,-170263.2741818712,95.21137237548828,2022-04-08,0,0,0,1,0,0,0,0,0,0,0,-19.036423202929274,0
95.36098785400391,93.87307891845703,91.9962142944336,92.12777175903321,94.9893521769874,94.09198989610323,92.95620318429839,91.3453509084738,62.111580201299944,66.43402801130169,75.31926557542346,1.2093725039499361,0.7284470784306575,0.48092542551927864,24.282207867129753,79.72693176342993,-15.421578433793872,60.79884522141389,4.956024203723697,2.100134056479525,2.2064081831752933,1.062875970607081,95.74636797857046,95.36098785400391,94.97560772943736,4.494560241699219,1.5509911906232507,1.4259754083095544,42.85714285714286,78.57142857142857,35.714285714285715,-0.4122819932807721,-0.0002939209722789826,1.011191825867048,0.9954173046812466,0.17066998079313073,0.05852407444714779,1.2176703197378826,0.11954921730321784,1.0,0.48953958685242294,2.9258218091135797,2.7984438680992962,5781471.04207584,8702148.762768341,-9545783.37057988,231132.76926343536,4450356.411817783,3694972.4977250095,-612501.8385481037,3694972.4977250095,7935208.210212396,9411306.123008426,66376078.31497537,66376078.31497537,8557049.913845737,7935208.210212396,7935208.210212396,7935208.210212396,7935208.210212396,7935208.210212396,7935208.210212396,7935208.210212396,0.029732078955251002,0.029416897906255405,2835578.837463691,2808263.1465507396,2808263.1465507396,2808263.1465507396,21590952.459694818,21590952.459694818,135588786.07091108,89094328.32657777,46494457.74433333,46342120.237318784,46342120.237318784,88085748.96979186,101842351.15495287,-47470468.39272301,-47470468.39272301,56614921.22758184,42858319.04242083,0.0022587975178017545,-170313.3328422523,95.18338775634766,2022-04-11,0,0,0,1,0,0,0,0,0,0,0,-19.24877104831989,0
95.28999938964844,94.38476333618163,92.18795585632324,92.16675109863282,95.03849725617519,94.28195308127552,93.16387787289385,91.49403469302584,61.849793742105994,56.47985966663094,66.09603001264976,1.227639949863601,0.8282856527172462,0.39935429714635484,24.929719096693166,59.040518301011815,-15.958069093519724,58.84223352621797,5.684122865704766,2.0533489234649855,2.1583122357471303,1.4451421942759737,95.68357061563857,95.28999938964844,94.89642816365831,5.116844177246094,1.9943748491360123,1.8324433840238186,35.714285714285715,71.42857142857143,35.714285714285715,0.1935499748968813,-0.0004895848203697595,1.0153465648688893,1.0029487228037839,0.17066998079313073,0.05852407444714779,1.2176703197378826,0.11954921730321784,1.0,0.48953958685242294,2.9258218091135797,2.7984438680992962,5784302.9489960885,8706411.289575612,-9550459.130397685,231245.98378686886,4452536.3060053475,3696782.3862655354,-612801.8570352024,3696782.3862655354,7939095.070646457,9415916.012558052,66408590.953048125,66408590.953048125,8561241.367662866,7939095.070646457,7939095.070646457,7939095.070646457,7939095.070646457,7939095.070646457,7939095.070646457,7939095.070646457,0.029746642459856313,0.02943130702741967,2836967.773821632,2809638.7030104566,2809638.7030104566,2809638.7030104566,21601528.240017917,21601528.240017917,135655200.798026,89137968.9230811,46517231.87494492,46364819.749267206,46364819.749267206,88128895.53928384,101892236.04703504,-47493720.597390376,-47493720.597390376,56642652.610485405,42879312.10273422,0.002259903932462582,-170396.75650767869,95.13678741455078,2022-04-12,0,0,0,1,0,0,0,0,0,0,0,-18.953270104682773,0
95.26171569824218,94.85927505493164,92.44518432617187,92.20163970947266,95.05882727234597,94.43059566735042,93.34822162830277,91.63542499152237,61.62589917160862,49.1572015264899,57.35702973480747,1.2249863451645382,0.9076257912067046,0.3173605539578336,25.463358343873846,50.106744608955886,-16.38748998995058,57.58330239030751,5.2516742481251155,2.0059099656832236,2.109275267969138,1.389203514520318,95.68457049283643,95.26171569824218,94.83886090364794,4.7451171875,2.202928676517791,2.027856044280213,28.571428571428573,64.28571428571429,35.714285714285715,0.10738461223361849,-0.00039206820912240925,1.0147642243380717,1.0015711279248136,0.17066998079313073,0.05852407444714779,1.2176703197378826,0.11954921730321784,1.0,0.48953958685242294,2.9258218091135797,2.7984438680992962,5786571.679791543,8709826.13551033,-9554205.030453563,231336.6835460911,4454282.688642008,3698232.345598193,-613042.2113971415,3698232.345598193,7942208.95828921,9419609.141844928,66434637.86253859,66434637.86253859,8564599.274762372,7942208.95828921,7942208.95828921,7942208.95828921,7942208.95828921,7942208.95828921,7942208.95828921,7942208.95828921,0.029758309747065354,0.029442850633138864,2838080.494958636,2810740.705085007,2810740.705085007,2810740.705085007,21610000.834344175,21610000.834344175,135708407.75041556,89172930.79435983,46535476.95605573,46383005.05099127,46383005.05099127,88163461.62979507,101932200.42230651,-47512348.678848095,-47512348.678848095,56664869.10423526,42896130.31172382,0.002260790316473163,-170463.58986207648,95.0994873046875,2022-04-13,0,0,0,1,0,0,0,0,0,0,0,-18.990403437497992,0
95.06592254638672,95.05772857666015,92.67958030700683,92.20677154541016,94.93874414185044,94.47931970617023,93.47682698568912,91.75554863424146,59.14754775376395,40.17002287302493,48.60236135538188,1.176965973255463,0.9614938276164563,0.21547214563900663,26.119463762725765,50.03146527589136,-21.00299607824037,50.72491215766451,2.1404904373400147,1.949205541503469,2.058326096465537,1.2120480271666594,95.44120297931794,95.06592254638672,94.6906421134555,1.9845352172851562,2.4822280401707326,2.2881748981964876,21.42857142857143,57.142857142857146,35.714285714285715,-0.4384628476521801,-0.004215684386853269,1.012811623206111,0.9944194272740325,0.17066998079313073,0.05852407444714779,1.2176703197378826,0.11954921730321784,1.0,0.48953958685242294,2.9258218091135797,2.7984438680992962,5811069.313969365,8746699.459859759,-9594653.059553998,232316.05471075056,4473140.035248815,3713888.929171408,-615637.544983489,3713888.929171408,7975832.551046814,9459487.354995016,66715891.00259323,66715891.00259323,8600857.776604751,7975832.551046814,7975832.551046814,7975832.551046814,7975832.551046814,7975832.551046814,7975832.551046814,7975832.551046814,0.02988429249233746,0.029567497872277342,2850095.5984741626,2822640.0647356194,2822640.0647356194,2822640.0647356194,21701487.456184704,21701487.456184704,136282933.58572748,89550447.21652627,46732486.36920121,46579368.96950549,46579368.96950549,88536704.4323339,102363733.61589104,-47713493.7093207,-47713493.7093207,56904761.61933149,43077732.435774356,0.0022703614437641533,-171185.25285981715,94.69857788085938,2022-04-14,0,0,0,1,0,0,0,0,0,0,0,-17.79694581163314,0
94.71722564697265,94.93616638183593,92.8826343536377,92.16425048828125,94.44845872070627,94.29542301021527,93.47597564213947,91.82269919283662,52.20669389127082,27.206824641027186,38.844683013513965,1.0277557560578146,0.974746213304728,0.05300954275308656,25.465327111268248,-2.0284502034062424,-35.17142630576465,45.95692543633475,-1.2838792631025941,1.9464991644862928,2.082532523916961,1.9113162632630036,96.01357614374899,94.71722564697265,93.42087515019631,-1.2156219482422017,2.6573922911817798,2.4521818894606326,14.285714285714286,50.0,35.714285714285715,-0.6487804151873064,-0.01299586572450706,1.020510286286646,0.9869068536416575,0.17066998079313073,0.05852407444714779,1.2176703197378826,0.11954921730321784,1.0,0.48953958685242294,2.9258218091135797,2.7984438680992962,5887583.559348473,8861867.094690787,-9720985.684215924,235374.95603428385,4532037.789823757,3762789.6380571653,-623743.6334908522,3762789.6380571653,8080850.195122482,9584040.255250523,67594337.94222736,67594337.94222736,8714105.116609447,8080850.195122482,8080850.195122482,8080850.195122482,8080850.195122482,8080850.195122482,8080850.195122482,8080850.195122482,0.030277778435319244,0.029956812586181582,2887622.756075146,2859805.715816549,2859805.715816549,2859805.715816549,21987230.55209349,21987230.55209349,138077368.52669367,90729556.34806989,47347812.17862378,47192678.684873916,47192678.684873916,89702465.63082938,103711555.05952443,-48341736.42478674,-48341736.42478674,57654025.59443404,43644936.165738985,0.0023002552521532286,-173439.24601235345,93.46788787841795,2022-04-18,0,0,0,1,0,0,0,0,0,0,0,-17.405950507153552,0
94.61280517578125,94.98689651489258,93.12306175231933,92.16733596801758,94.51940094726773,94.36194344479262,93.58886228578244,91.93401629901521,57.42416950276097,30.945193582967278,32.774013699006424,0.9943406502505354,0.9786651006938895,0.015675549556645962,24.857914506343413,5.387113258539245,-21.432329140575007,50.205470275135056,0.5387996435606945,1.9040274359452174,2.011410924636948,1.3518949649112386,95.8234115653431,94.61280517578125,93.4021987862194,0.5073013305664062,2.6196226569602166,2.4223609826503747,7.142857142857143,42.85714285714286,35.714285714285715,0.7253521883495944,0.012767994966624618,1.0141603329301043,1.010248744072606,0.17066998079313073,0.05852407444714779,1.2176703197378826,0.11954921730321784,1.0,0.48953958685242294,2.9258218091135797,2.7984438680992962,5813358.625676651,8750145.283750625,-9598432.940741058,232407.57725765274,4474902.260288259,3715352.0418871124,-615880.0797327798,3715352.0418871124,7978974.686486596,9463213.986700242,66742174.19800565,66742174.19800565,8604246.145136742,7978974.686486596,7978974.686486596,7978974.686486596,7978974.686486596,7978974.686486596,7978974.686486596,7978974.686486596,0.029896065619961696,0.02957914619642853,2851218.4137200215,2823752.0636804807,2823752.0636804807,2823752.0636804807,21710036.9101001,21710036.9101001,136336623.20780978,89585726.24627602,46750896.96153374,46597719.24015938,46597719.24015938,88571584.0909699,102404060.53011402,-47732290.7764081,-47732290.7764081,56927179.6511836,43094703.212039486,0.0022712558686543336,-171252.69249653677,94.66128540039062,2022-04-19,0,0,0,1,0,0,0,0,0,0,0,-19.12987880501415,0
94.97828674316406,95.13414306640625,93.4758487701416,92.21350692749023,95.3343323820001,94.83508013691484,93.91032256822838,92.13127821871912,65.29708809421719,48.79381955997801,35.64861259465745,1.1405371150142827,1.011039503557968,0.12949761145631467,25.7613636578852,151.23028147399293,-11.398673890186002,56.2089505057623,1.5419822420250417,1.9977836227736634,2.0603312569063816,3.216614051543459,97.24430595032949,94.97828674316406,92.71226753599863,1.4724655151367188,2.580395498194962,2.3917809999906154,0.0,100.0,100.0,0.6984605055588924,0.024327895415042766,1.0319473104566501,1.0223139346127987,0.17066998079313073,0.05852407444714779,1.2176703197378826,0.11954921730321784,1.0,0.48953958685242294,2.9258218091135797,2.7984438680992962,5675290.745959,8542328.411553405,-9370469.147334812,226887.87281682354,4368622.860236657,3627112.0395307653,-601252.8629645824,3627112.0395307653,7789473.197206673,9238461.657695932,65157040.5304277,65157040.5304277,8399894.39285008,7789473.197206673,7789473.197206673,7789473.197206673,7789473.197206673,7789473.197206673,7789473.197206673,7789473.197206673,0.029186030912345937,0.028876638358504812,2783501.6760573033,2756687.654724406,2756687.654724406,2756687.654724406,21194421.24662973,21194421.24662973,133098614.0454255,87458055.81129585,45640558.23412966,45491018.49977312,45491018.49977312,86467999.63900426,99971953.30565646,-46598643.84252434,-46598643.84252434,55575153.13796812,42071199.471315905,0.002217313302528048,-167185.42301061485,96.96419525146484,2022-04-20,0,0,0,1,0,0,0,0,0,0,0,-21.81357716964699,0
95.40343780517578,95.33257675170898,93.8714153289795,92.25467956542968,95.96463579291543,95.26965513288415,94.2260292393253,92.33104152836724,66.06316268150519,73.05958567492455,50.932866272623244,1.2629052219141386,1.061412647229202,0.20149257468493653,26.675147452942788,202.77299642780065,-15.42900755620802,56.92142080644344,2.0834922107858755,1.9802861275719987,2.036802454089891,1.7528186899503595,98.30845522944401,95.40343780517578,92.49842038090756,1.9843368530273295,2.60433144974447,2.4199005029140466,0.0,100.0,100.0,0.3404243230959027,0.0026922036799692517,1.0181977052293145,1.006175216069254,0.17066998079313073,0.05852407444714779,1.2176703197378826,0.11954921730321784,1.0,0.48953958685242294,2.9258218091135797,2.7984438680992962,5660052.731167331,8519392.471789751,-9345309.670250112,226278.68450968794,4356893.216286537,3617373.3337298753,-599638.513950673,3617373.3337298753,7768558.655007605,9213656.617444476,64982095.49380716,64982095.49380716,8377340.88489142,7768558.655007605,7768558.655007605,7768558.655007605,7768558.655007605,7768558.655007605,7768558.655007605,7768558.655007605,0.029107667143746224,0.02879910530123301,2776028.0431438535,2749286.0167927085,2749286.0167927085,2749286.0167927085,21137514.751629986,21137514.751629986,132741247.57023321,87223233.1021594,45518014.46807382,45368876.24419244,45368876.24419244,86235835.20611712,99703531.09234373,-46473527.64038973,-46473527.64038973,55425935.23117302,41958239.344946414,0.002211359871344678,-166736.5342993887,97.2252426147461,2022-04-21,0,0,0,1,0,0,0,0,0,0,0,-21.05061032257447,0
95.53583221435547,95.30087738037109,94.15005798339844,92.26115966796876,95.76327383752955,95.286181459043,94.33407882860459,92.44984577928452,56.47313849134955,69.20533682623812,63.686247353713526,1.1956351741823141,1.0882571526198244,0.10737802156248977,26.63284189446932,80.9031477232275,-49.3387195643054,48.079030304184066,-0.33131464429229096,2.0126529524026187,2.110571881085468,2.4334216752006768,98.35948633671994,95.53583221435547,92.71217809199099,-0.31699371337892046,2.3635236091869833,2.20105992830716,7.142857142857143,92.85714285714286,85.71428571428572,-0.8199253428121306,-0.019179100384219328,1.0255480901272231,0.9795058472785447,0.17066998079313073,0.05852407444714779,1.2176703197378826,0.11954921730321784,1.0,0.48953958685242294,2.9258218091135797,2.7984438680992962,5770730.143887184,8685981.788445856,-9528049.080021616,230703.3675550028,4442088.477104508,3688107.925867931,-611363.9240207574,3688107.925867931,7920466.068831528,9393821.666171432,66252763.903443284,66252763.903443284,8541152.50620485,7920466.068831528,7920466.068831528,7920466.068831528,7920466.068831528,7920466.068831528,7920466.068831528,7920466.068831528,0.029676842280938996,0.029362246779727628,2830310.8592316024,2803045.915793284,2803045.915793284,2803045.915793284,21550840.484649375,21550840.484649375,135336887.31778887,88928807.63075864,46408079.687030226,46256025.19477806,46256025.19477806,87922102.02688228,101653147.00308776,-47382277.089114755,-47382277.089114755,56509741.23092723,42778696.254721746,0.0022546010920148,-169996.92233791592,95.3605499267578,2022-04-22,0,0,0,1,0,0,0,0,0,0,0,-19.457724069368833,0
95.93114776611328,95.32418670654297,94.37390480041503,92.303876953125,95.65700443742205,95.31496040052737,94.4398299532334,92.56728185214422,56.777222585032014,56.55515821158152,66.27336023758137,1.135999379508803,1.09780559799762,0.03819378151118302,25.53510003035874,-36.1737456882805,-53.81672152973726,49.776569091798294,0.24481661791357912,2.0134058427404566,2.1095050711411516,2.0231934171323473,97.91445014366427,95.93114776611328,93.9478453885623,0.2330932617187642,2.1524897710599347,2.009030659993485,0.0,85.71428571428572,85.71428571428572,0.04147651761794784,0.0008799834996096045,1.0215748471807578,1.0008799762256488,0.17066998079313073,0.05852407444714779,1.2176703197378826,0.11954921730321784,1.0,0.48953958685242294,2.9258218091135797,2.7984438680992962,5765656.46133679,8678344.98805245,-9519671.925805211,230500.53089116732,4438182.94934084,3684865.3052010704,-610826.4068615934,3684865.3052010704,7913502.317368122,9385562.526013985,66194513.82351391,66194513.82351391,8533643.04113709,7913502.317368122,7913502.317368122,7913502.317368122,7913502.317368122,7913502.317368122,7913502.317368122,7913502.317368122,0.029650750110091068,0.029336431204330386,2827822.4221602753,2800581.450327683,2800581.450327683,2800581.450327683,21531892.774292633,21531892.774292633,135217897.79887396,88850620.55074392,46367277.248130046,46215356.44367905,46215356.44367905,87844800.05230974,101563772.55907767,-47340618.126302294,-47340618.126302294,56460057.312105566,42741084.80533764,0.002252618824618226,-169847.45937621425,95.44446563720705,2022-04-25,0,0,0,1,0,0,0,0,0,0,0,-18.557106311805587,0
95.75586853027343,95.18433685302735,94.5287078857422,92.30764282226562,95.03296603201183,95.0367656406481,94.37745464541987,92.6150311607343,49.423481327906565,29.082990156004367,51.61449506460797,0.9439424544327721,1.0670329692846505,-0.12309051485187839,24.645093431192233,-78.96087909711308,-87.78613564866345,45.338608662791586,-1.469267451097822,2.0314201469200865,2.1660420604954678,2.2656061012552726,98.24699223851407,95.75586853027343,93.2647448220328,-1.39849853515625,1.799847145774857,1.6829216785919954,57.142857142857146,78.57142857142857,21.42857142857143,-0.6913580634526999,-0.017387874770275702,1.024159875332449,0.9835728917539797,0.17066998079313073,0.05852407444714779,1.2176703197378826,0.11954921730321784,1.0,0.48953958685242294,2.9258218091135797,2.7984438680992962,5867682.998506497,8831913.188557025,-9688127.880143562,234579.36755795553,4516719.09534318,3750071.07136968,-621635.3240285821,3750071.07136968,8053536.196205627,9551645.339018935,67365863.01338215,67365863.01338215,8684650.659223257,8053536.196205627,8053536.196205627,8053536.196205627,8053536.196205627,8053536.196205627,8053536.196205627,8053536.196205627,0.030175436826773372,0.029855555871012518,2877862.3319951,2850139.3158291597,2850139.3158291597,2850139.3158291597,21912911.739470653,21912911.739470653,137610654.62861192,90422882.3046241,47187772.32398783,47033163.195370086,47033163.195370086,89399263.24618939,103361000.69529788,-48178337.01699392,-48178337.01699392,57459149.81346867,43497412.36436017,0.002292480182952747,-172853.00579463714,93.7848892211914,2022-04-26,0,0,0,1,0,0,0,0,0,0,0,-16.007478662115734,0
95.37360382080078,95.17594528198242,94.78035430908203,92.343271484375,95.03960125604173,95.03969401582145,94.44178007958004,92.71063275067027,54.29433330757001,24.167068866146113,36.60173907791063,0.8838629253952917,1.0303989605067787,-0.14653603511148705,23.931982748009922,-17.287621770930553,-61.83215025706009,47.86892957648257,-0.08820532280910953,2.0621325540818343,2.1694584467697386,2.461393847184553,97.57553773336183,95.37360382080078,93.17166990823974,-0.08391571044921875,1.5684650489903873,1.4697081247965542,50.0,71.42857142857143,21.42857142857143,0.4199097025203459,0.013520114950710482,1.022889469182522,1.009605798762751,0.17066998079313073,0.05852407444714779,1.2176703197378826,0.11954921730321784,1.0,0.48953958685242294,2.9258218091135797,2.7984438680992962,5789409.516348724,8714097.587482553,-9558890.580691352,231450.1351256986,4456467.147238451,3700046.023804918,-613342.8580831013,3700046.023804918,7946103.957292735,9424228.683890946,66467218.577756874,66467218.577756874,8568799.504927052,7946103.957292735,7946103.957292735,7946103.957292735,7946103.957292735,7946103.957292735,7946103.957292735,7946103.957292735,0.029772903745714868,0.029457289925088913,2839472.3395648208,2812119.141777238,2812119.141777238,2812119.141777238,21620598.75894651,21620598.75894651,135774961.54114732,89216662.76847553,46558298.77267178,46405752.09270257,46405752.09270257,88206698.5424725,101982189.76672657,-47535649.57054348,-47535649.57054348,56692658.55297112,42917167.32871704,0.0022618990478193274,-170547.1882055773,95.05287170410156,2022-04-27,0,0,0,1,0,0,0,0,0,0,0,-16.67469581668174,0
95.27104797363282,95.3372428894043,95.09825897216797,92.41729415893555,95.59722196366323,95.34383390001868,94.65803563189682,92.8675672851109,59.757158626419994,35.03803913340219,29.429366051850852,0.9591086368130703,1.0161408957680371,-0.057032258954966775,23.584864808266737,74.74974409284839,-27.862423810169588,50.37279698976055,1.6960933438588954,2.057353385684148,2.127288783477387,1.9952241965142292,97.14124184128448,95.27104797363282,93.40085410598115,1.6129760742187358,1.4212040469757528,1.3354384593474578,42.85714285714286,64.28571428571429,21.42857142857143,0.6355144851583197,0.017459668972137576,1.021042275849207,1.013285147737255,0.17066998079313073,0.05852407444714779,1.2176703197378826,0.11954921730321784,1.0,0.48953958685242294,2.9258218091135797,2.7984438680992962,5690062.901655185,8564563.149992712,-9394859.444746321,227478.43691879715,4379993.90358193,3636553.012015498,-602817.8578348124,3636553.012015498,7809748.33658034,9262508.354175385,65326637.11860311,65326637.11860311,8421758.391252462,7809748.33658034,7809748.33658034,7809748.33658034,7809748.33658034,7809748.33658034,7809748.33658034,7809748.33658034,0.029261998930917996,0.02895180106239236,2790746.8238356067,2763863.0085633853,2763863.0085633853,2763863.0085633853,21249587.986900907,21249587.986900907,133445055.05393691,87685699.4819307,45759355.57200621,45609426.60221882,45609426.60221882,86693066.30264868,100232169.27089745,-46719934.97154059,-46719934.97154059,55719809.13036427,42180706.1621155,0.0022230847244336994,-167620.58822230092,96.71246337890624,2022-04-28,0,0,0,1,0,0,0,0,0,0,0,-17.833395496602467,0
94.95218505859376,95.2440086364746,95.15086860656739,92.46453582763672,94.98689309296299,95.05699780029937,94.57310227186498,92.90280917006979,48.642149659200946,36.24018579553296,31.815097931693714,0.7721050793401787,0.9673337324824655,-0.19522865314228677,22.385509435568764,-62.94929457128305,-88.167956585759,41.58033709240573,-0.9845369911149704,2.1295017654961756,2.2710752516744717,3.067430703052537,97.16489633903629,94.95218505859376,92.73947377815122,-0.932342529296875,1.1153826885425966,1.0499825599866028,35.714285714285715,57.142857142857146,21.42857142857143,-0.9349332427559864,-0.030463788475750153,1.0290720638985325,0.9735720883225363,0.17066998079313073,0.05852407444714779,1.2176703197378826,0.11954921730321784,1.0,0.48953958685242294,2.9258218091135797,2.7984438680992962,5868850.316286372,8833670.210757772,-9690055.237829907,234626.03481428346,4517617.652151385,3750817.1110992497,-621758.9922578512,3750817.1110992497,8055138.367964922,9553545.54484705,67379264.78878006,67379264.78878006,8686378.384993223,8055138.367964922,8055138.367964922,8055138.367964922,8055138.367964922,8055138.367964922,8055138.367964922,8055138.367964922,0.030181439932928284,0.02986149533999971,2878434.854380687,2850706.322993544,2850706.322993544,2850706.322993544,21917271.09758336,21917271.09758336,137638030.91391724,90440871.04707128,47197159.86684597,47042519.98026384,47042519.98026384,89417048.34969985,103381563.34905544,-48187921.62294811,-48187921.62294811,57470580.74578231,43506065.746426724,0.0022929362493214066,-172887.39319883406,93.7662353515625,2022-04-29,0,0,0,1,0,0,0,0,0,0,0,-14.70230415826426,0
94.12612609863281,95.02863693237305,94.98240165710449,92.46849624633789,93.76265234110944,94.37648380704536,94.26272784953521,92.84050962761224,41.69160673318605,32.314770388345316,34.53099843909345,0.4211871163233951,0.8581044092506513,-0.43691729292725623,22.21128638293407,-235.03167899717533,-84.89458251195742,38.47962222789155,-2.3042320629060753,2.3003863998747858,2.5191997898890697,4.521886646796716,97.67025412025995,94.12612609863281,90.58199807700566,-2.153717041015611,0.7174767836067022,0.6758289826222068,100.0,50.0,-50.0,-0.6969068694460763,-0.02615082609391861,1.0501810491210644,0.9666403744216491,0.17066998079313073,0.05852407444714779,1.2176703197378826,0.11954921730321784,1.0,0.48953958685242294,2.9258218091135797,2.7984438680992962,6026446.880625857,9070881.248814097,-9950262.830704441,240926.46079187508,4638929.490519922,3851538.0118410215,-638455.121098469,3851538.0118410215,8271443.447095603,9810087.435334623,69188603.93804489,69188603.93804489,8919634.187450616,8271443.447095603,8271443.447095603,8271443.447095603,8271443.447095603,8271443.447095603,8271443.447095603,8271443.447095603,0.03099190382004575,0.03066336773714774,2955729.6258057766,2927256.4986212826,2927256.4986212826,2927256.4986212826,22505816.798790116,22505816.798790116,141334032.62217188,92869484.79333356,48464547.828838326,48305755.38877096,48305755.38877096,91818169.32805993,106157674.2262818,-49481914.565545835,-49481914.565545835,59013841.45069348,44674336.5524716,0.0023545085941024156,-177529.94799532215,91.31417083740234,2022-05-02,0,0,0,1,0,0,0,0,0,0,0,-10.227232945581282,0
93.592822265625,94.67434539794922,94.8306209564209,92.47392837524414,92.88122491279042,93.78409948870117,93.96326520254637,92.77297474245694,41.18552830832527,12.261949771156871,26.93896865167835,0.12583210159431246,0.7116499477193836,-0.5858178461250712,22.049507834058996,-203.164742969832,-87.35369879391267,40.20517234870834,-3.7427289617426474,2.273927371992285,2.4955751190357782,1.9299600095197746,97.90180295299405,93.592822265625,89.28384157825596,-3.5429153442382812,0.3945569542714057,0.3716767628987583,92.85714285714286,42.85714285714286,-50.0,-0.05796866419233844,-0.0021442540566748436,1.02133140638185,0.9987736829937791,0.17066998079313073,0.05852407444714779,1.2176703197378826,0.11954921730321784,1.0,0.48953958685242294,2.9258218091135797,2.7984438680992962,6039396.881889719,9090373.318679364,-9971644.570025438,241444.17845097915,4648897.908719762,3859814.4346004254,-639827.0728950948,3859814.4346004254,8289217.635637479,9831167.957108505,69337280.68342914,69337280.68342914,8938801.248289071,8289217.635637479,8289217.635637479,8289217.635637479,8289217.635637479,8289217.635637479,8289217.635637479,8289217.635637479,0.031058501137103227,0.03072925907557916,2962081.0801781486,2933546.7681793966,2933546.7681793966,2933546.7681793966,22554178.687936693,22554178.687936693,141637739.92057484,93069048.47808357,48568691.44249128,48409557.779421315,48409557.779421315,92015473.88120656,106385792.39319347,-49588244.35967746,-49588244.35967746,59140654.038028926,44770335.526042014,0.002359568107589114,-177911.43531221923,91.11837005615234,2022-05-03,0,0,0,1,0,0,0,0,0,0,0,-10.219326409204605,0
93.12664794921875,94.25012588500977,94.692134475708,92.52666915893555,92.82814998255039,93.59099051295011,93.84504948059627,92.7709757377359,46.87346950727363,23.968398297044455,22.848372818848848,0.02091952150550469,0.5735038624766078,-0.5525843409711031,21.577080325772954,-122.21228059555429,-67.21326431680622,41.25295457385056,-4.375011949919139,2.250024376090939,2.426634858101355,1.9392854293734416,97.20087303693091,93.12664794921875,89.05242286150659,-4.242195129394517,0.2453567727935117,0.2313205034304957,85.71428571428572,35.714285714285715,-50.0,0.7259582584455168,0.017599415627493453,1.021324603357919,1.01541754614249,0.17066998079313073,0.05852407444714779,1.2176703197378826,0.11954921730321784,1.0,0.48953958685242294,2.9258218091135797,2.7984438680992962,5934945.312606709,8933155.010779824,-9799184.646619037,237268.39338060623,4568495.065273854,3793058.815998146,-628761.2424586065,3793058.815998146,8145855.341835085,9661137.581379412,68138090.11542419,68138090.11542419,8784204.384371663,8145855.341835085,8145855.341835085,8145855.341835085,8145855.341835085,8145855.341835085,8145855.341835085,8145855.341835085,0.030521343330323438,0.030197795521168063,2910851.7897011642,2882810.9795743655,2882810.9795743655,2882810.9795743655,22164103.419840176,22164103.419840176,139188110.51324672,91459416.1993434,47728694.31390331,47572312.87281155,47572312.87281155,90424063.21004622,104545846.58698103,-48730614.029587775,-48730614.029587775,58117814.46588231,43996031.0889475,0.0023187592989468335,-174834.45114059123,92.72200012207033,2022-05-04,0,0,0,1,0,0,0,0,0,0,0,-11.388271359005147,0
91.76728210449218,93.5191650390625,94.42587089538574,92.52997116088868,91.85731137345807,92.92274390246345,93.47081944961315,92.65900155803149,39.64728355801331,19.852356157443133,18.694234741881456,-0.28538499325448186,0.40172609133038983,-0.6871110845848717,21.785155727159346,-152.17902821788513,-95.52398155337065,40.4658786262215,-7.5182208476834544,2.3170677793608947,2.576935369615031,3.188632021870319,94.44493740295823,91.76728210449218,89.08962680602613,-7.309608459472656,-0.16986280191880201,-0.16013854589218113,100.0,28.571428571428573,-71.42857142857143,-0.7558515456551993,-0.03026645200817768,1.031136081451395,0.9771023852409936,0.17066998079313073,0.05852407444714779,1.2176703197378826,0.11954921730321784,1.0,0.48953958685242294,2.9258218091135797,2.7984438680992962,6120181.492016153,9211968.616821697,-10105027.991360852,244673.80124360416,4711082.827581396,3911444.3589716177,-648385.5732955511,3911444.3589716177,8400096.458149739,9962672.325182755,70264754.94895303,70264754.94895303,9058369.077322815,8400096.458149739,8400096.458149739,8400096.458149739,8400096.458149739,8400096.458149739,8400096.458149739,8400096.458149739,0.03147394806906363,0.03114030197645871,3001702.6798022166,2972786.685109791,2972786.685109791,2972786.685109791,22855869.49707868,22855869.49707868,143532324.7313503,94313965.30391529,49218359.42743501,49057097.149342634,49057097.149342634,93246297.80757956,107808837.59614208,-50251550.160868235,-50251550.160868235,59931735.46097883,45369195.672416314,0.0023911303303352227,-180291.2269072758,89.91563415527344,2022-05-05,0,0,0,1,0,0,0,0,0,0,0,-7.95599852088453,0
91.20228118896485,93.0772331237793,94.18905525207519,92.60004928588867,91.55195117361397,92.56246878818388,93.22990624240482,92.59163799787048,43.09962783403229,25.22224784901182,23.014334101166437,-0.44030093702575357,0.23332068565916114,-0.6736216226849148,22.091271999842487,-119.57000798189202,-81.03810449823543,43.01864300127785,-4.63432641299395,2.3147236455076414,2.5452961498419784,2.2842499054153507,93.00288418036084,91.20228118896485,89.40167819756886,-4.419319152832017,-0.7260230994605429,-0.6846238160744633,100.0,21.42857142857143,-78.57142857142857,0.6285725852157746,0.011406210146738927,1.02558743549078,1.01604167620341,0.17066998079313073,0.05852407444714779,1.2176703197378826,0.11954921730321784,1.0,0.48953958685242294,2.9258218091135797,2.7984438680992962,6051160.681649575,9108079.942959009,-9991067.772754503,241914.47391657394,4657953.234139124,3867332.748929957,-641073.355878921,3867332.748929957,8305363.734054013,9850317.533384861,69472338.85261466,69472338.85261466,8956212.633901654,8305363.734054013,8305363.734054013,8305363.734054013,8305363.734054013,8305363.734054013,8305363.734054013,8305363.734054013,0.031118998235632012,0.030789114862109408,2967850.7504583322,2939260.858086373,2939260.858086373,2939260.858086373,22598110.697543234,22598110.697543234,141913628.06693274,93250332.41612373,48663295.650809,48503852.020273075,48503852.020273075,92194705.62085141,106593015.26386786,-49684834.49748398,-49684834.49748398,59255850.77461971,44857541.13160326,0.0023641641769119727,-178257.97893916274,90.94123077392578,2022-05-06,0,0,0,1,0,0,0,0,0,0,0,-8.952839922720496,0
91.31043243408203,92.71827926635743,94.0212329864502,92.64956939697265,91.65294313673874,92.43382483814831,93.09895584436515,92.56274737297313,46.05994746444899,36.10008297892834,27.05822899512773,-0.48376869969027325,0.08990280858927424,-0.5736715082795475,21.74819575775637,-75.49793093847562,-70.65679151627342,42.84556479539918,-3.7608661227806817,2.321870388200341,2.527758131698422,2.4147780432054304,93.18823067673314,91.31043243408203,89.43263419143092,-3.589538574218764,-1.1659789182532037,-1.0991072043394468,92.85714285714286,14.285714285714286,-78.57142857142857,0.6795355194476278,0.010047107140367384,1.0268282195289895,1.0181892772631198,0.17066998079313073,0.05852407444714779,1.2176703197378826,0.11954921730321784,1.0,0.48953958685242294,2.9258218091135797,2.7984438680992962,5990968.776477708,9017480.35172903,-9891684.95422069,239508.1102716874,4611619.79595849,3828863.7446614755,-634696.4922199716,3828863.7446614755,8222748.8949184315,9752334.780971708,68781285.90388608,68781285.90388608,8867123.692139836,8222748.8949184315,8222748.8949184315,8222748.8949184315,8222748.8949184315,8222748.8949184315,8222748.8949184315,8222748.8949184315,0.030809452366767062,0.03048285039821476,2938329.0437422013,2910023.539801002,2910023.539801002,2910023.539801002,22373323.519061126,22373323.519061126,140501989.52474287,92322755.79713593,48179233.72760694,48021376.109473325,48021376.109473325,91277629.49776858,105532716.751848,-49190611.15689056,-49190611.15689056,58666422.93782132,44411335.68374189,0.0023406474412914903,-176484.8170733784,91.85492706298828,2022-05-09,0,0,0,1,0,0,0,0,0,0,0,-9.98085569057932,0
91.35518341064453,92.47400283813477,93.82916984558105,92.70815643310547,91.5493370708141,92.23533394738769,92.93163861527941,92.51487982654143,44.655733263445654,53.356945387967464,38.22642540530251,-0.5532188974299714,-0.0387215326145749,-0.5144973648153965,21.129878486824392,-58.041178558910495,-76.48319073779642,43.979518196281084,-2.604645910990322,2.301868007960031,2.5200508631676217,2.0418370648360025,93.22317934392885,91.35518341064453,89.48718747736021,-2.4427642822265625,-1.3867784682552253,-1.305461149949295,85.71428571428572,7.142857142857143,-78.57142857142857,-0.42009148327625906,-0.005582739439461859,1.0224845459723104,0.9906967522032201,0.17066998079313073,0.05852407444714779,1.2176703197378826,0.11954921730321784,1.0,0.48953958685242294,2.9258218091135797,2.7984438680992962,6024602.562812203,9068105.220384058,-9947217.678668303,240852.72829705334,4637509.8048469,3850359.2973669847,-638259.7299871914,3850359.2973669847,8268912.07648929,9807085.182204563,69167429.64127061,69167429.64127061,8916904.44626994,8268912.07648929,8268912.07648929,8268912.07648929,8268912.07648929,8268912.07648929,8268912.07648929,8268912.07648929,0.030982419140030044,0.03065398360144315,2954825.0621533953,2926360.6488091983,2926360.6488091983,2926360.6488091983,22498929.178330652,22498929.178330652,141290779.12982324,92841063.2626137,48449715.867209524,48290972.0235592,48290972.0235592,91790069.53913565,106125186.01332481,-49466771.25170027,-49466771.25170027,58995781.0112346,44660664.53704543,0.0023537880265393847,-177475.61720106963,91.34212493896484,2022-05-10,0,0,0,1,0,0,0,0,0,0,0,-9.434453173320794,0
91.11091003417968,92.11877899169922,93.64736213684083,92.74984725952149,91.5331024604581,92.10175200054375,92.79535238903814,92.47510545058867,45.211745393301904,63.72671649710224,51.06124828799931,-0.58868241984257,-0.14871371006017392,-0.43996870978239605,20.576451796370378,-52.730164012668446,-73.50335371733776,46.362592984470844,-3.737118511698989,2.2586540856530157,2.468457327213229,1.6968730956618145,92.44248994582465,91.11091003417968,89.77933012253472,-3.5522384643554688,-1.6292604597307832,-1.5320618947346958,78.57142857142857,0.0,-78.57142857142857,0.28022100095995633,0.0017353253045861994,1.0186935053760746,1.0052238261863988,0.17066998079313073,0.05852407444714779,1.2176703197378826,0.11954921730321784,1.0,0.48953958685242294,2.9258218091135797,2.7984438680992962,6014166.028317282,9052396.3678997,-9929985.922822246,240435.494499328,4629476.157723424,3843689.246155166,-637154.0604232192,3843689.246155166,8254587.681606474,9790096.180568092,69047609.5771502,69047609.5771502,8901457.52178469,8254587.681606474,8254587.681606474,8254587.681606474,8254587.681606474,8254587.681606474,8254587.681606474,8254587.681606474,0.030928747701504465,0.03060088111809629,2949706.36206221,2921291.258166835,2921291.258166835,2921291.258166835,22459953.852071315,22459953.852071315,141046018.40497395,92680232.90921141,48365785.49576255,48207316.64711526,48207316.64711526,91631059.84230526,105941343.31946072,-49381079.01571653,-49381079.01571653,58893581.48899903,44583298.01184358,0.0023497105144252507,-177168.1727876639,91.5006332397461,2022-05-11,0,0,0,1,0,0,0,0,0,0,0,-8.721338168195885,0
91.37756652832032,91.57242431640626,93.45483360290527,92.76643737792969,91.43837384896425,91.94669102334971,92.64807279255609,92.42701961432937,44.44806949360529,58.270937794446944,58.45153322650551,-0.629838557078017,-0.24493867946374254,-0.3848998776142744,20.520945796902936,-61.58503278729392,-73.79462498896667,48.95644672042238,-5.649268524496421,2.2618145855625413,2.4787303446391302,2.3029010843863773,91.97837550942143,91.37756652832032,90.7767575472192,-5.463546752929673,-1.6833822197512722,-1.5802078247070312,71.42857142857143,0.0,-71.42857142857143,-0.20242904975474232,-0.0027509822047897536,1.0256038269871304,0.9949171496793786,0.17066998079313073,0.05852407444714779,1.2176703197378826,0.11954921730321784,1.0,0.48953958685242294,2.9258218091135797,2.7984438680992962,6030756.532218835,9077368.045860186,-9957378.493865225,241098.7528780926,4642246.896325456,3854292.3357829624,-638911.6951269454,3854292.3357829624,8277358.547673789,9817102.855827061,69238082.30947733,69238082.30947733,8926012.824223854,8277358.547673789,8277358.547673789,8277358.547673789,8277358.547673789,8277358.547673789,8277358.547673789,8277358.547673789,0.031014066847500098,0.030685295820848148,2957843.3364453274,2929349.8474688255,2929349.8474688255,2929349.8474688255,22521911.22908037,22521911.22908037,141435103.85882217,92935897.91054949,48499205.948272675,48340299.95205757,48340299.95205757,91883830.62526327,106233590.03519848,-49517300.22747153,-49517300.22747153,59056043.614066616,44706284.20413141,0.0023561923576722685,-177656.90376848905,91.24891662597656,2022-05-12,0,0,0,1,0,0,0,0,0,0,0,-7.299506746471499,0
91.88662719726562,91.54445419311523,93.39423141479492,92.78634658813476,92.12109393886028,92.22666249522293,92.7279262521843,92.46856920273419,52.180583810385826,72.39540250963971,64.79768560039626,-0.47640634544416116,-0.29123221265982624,-0.18517413278433492,19.551676567894294,5.50535199968562,-44.12857721684425,51.067321458436396,-0.2982963236835334,2.278068368049917,2.4367877037334718,2.4893675403857998,93.53898451283254,91.88662719726562,90.23426988169871,-0.27970123291015625,-1.7518105355491662,-1.6432601244021754,64.28571428571429,21.42857142857143,-42.85714285714286,0.7902600853807102,0.024522126677378964,1.0273537358083178,1.0214954452143272,0.17066998079313073,0.05852407444714779,1.2176703197378826,0.11954921730321784,1.0,0.48953958685242294,2.9258218091135797,2.7984438680992962,5886409.258702047,8860099.562025996,-9719046.797122806,235328.0096155643,4531133.857870593,3762039.1355360895,-623619.2254812454,3762039.1355360895,8079238.439210715,9582128.682437386,67580855.99773517,67580855.99773517,8712367.055625971,8079238.439210715,8079238.439210715,8079238.439210715,8079238.439210715,8079238.439210715,8079238.439210715,8079238.439210715,0.03027173941872941,0.029950837587435455,2887046.8088745824,2859235.3168291063,2859235.3168291063,2859235.3168291063,21982845.116406646,21982845.116406646,138049828.4771159,90711459.99740319,47338368.479712725,47183265.92792065,47183265.92792065,89684574.13726254,103690869.40047254,-48332094.48395299,-48332094.48395299,57642526.282561496,43636231.019351505,0.002299796457606651,-173404.65290354152,93.48653411865234,2022-05-13,0,0,0,1,0,0,0,0,0,0,0,-10.029202347384622,0
92.33787994384765,91.82415618896485,93.42639656066895,92.74721588134766,92.784459557873,92.56930400443666,92.85966573253803,92.53298573579946,54.10129569788232,81.87192120596718,70.8460871700179,-0.3009366287946449,-0.29317309588678997,-0.00776353290785492,18.331155344952617,68.83338826240961,-35.84695853580772,57.988324358730345,3.0630732698395446,2.2065862752119316,2.3446587558300234,1.2773190683181213,94.76149525527761,92.33787994384765,89.9142646324177,2.7970199584960938,-1.9199118991558288,-1.7997884994898072,57.142857142857146,14.285714285714286,-42.85714285714286,0.4598566567726151,0.006681782388608948,1.0136959188573496,1.006280579185983,0.17066998079313073,0.05852407444714779,1.2176703197378826,0.11954921730321784,1.0,0.48953958685242294,2.9258218091135797,2.7984438680992962,5847338.6145272665,8801291.24916034,-9654537.279955432,233766.03583427196,4501058.762699891,3737068.854677884,-619479.9949608207,3737068.854677884,8025613.039346619,9518527.950015493,67132292.62715213,67132292.62715213,8654539.307300925,8025613.039346619,8025613.039346619,8025613.039346619,8025613.039346619,8025613.039346619,8025613.039346619,8025613.039346619,0.03007081279140862,0.029752040924361886,2867884.230530455,2840257.3353864043,2840257.3353864043,2840257.3353864043,21836935.465591468,21836935.465591468,137133532.05772486,90109368.80388075,47024163.25384412,46870090.18477153,46870090.18477153,89089298.8293312,103002628.253031,-48011293.46879884,-48011293.46879884,57259927.90471476,43346598.48101496,0.0022845317138349306,-172253.69122315376,94.11119079589844,2022-05-16,0,0,0,1,0,0,0,0,0,0,0,-10.80552124132432,0
92.90474853515624,92.1299659729004,93.4021556854248,92.69731399536133,93.2484623370846,92.86151562099505,92.98507546234468,92.59743601657233,54.30783553596081,94.16542958720692,82.81091776760455,-0.15482358781785877,-0.26550319427300373,0.11067960645514496,17.91901755149717,46.93384701347065,-34.98152306179327,62.43837307858087,3.356181456572238,2.2507596223118242,2.3899384555482834,2.8250131346104297,95.45419029357092,92.90474853515624,90.35530677674157,3.0580978393554545,-1.841765537590812,-1.7257984357002556,50.0,7.142857142857143,-42.85714285714286,0.09570991167020612,0.0006936167639290947,1.0309183548907843,1.002879278316249,0.17066998079313073,0.05852407444714779,1.2176703197378826,0.11954921730321784,1.0,0.48953958685242294,2.9258218091135797,2.7984438680992962,5843285.6136692,8795190.757409047,-9647845.372669153,233604.00418085116,4497938.916864025,3734478.557745698,-619050.6110792556,3734478.557745698,8020050.198081677,9511930.315691203,67085760.81882726,67085760.81882726,8648540.534602605,8020050.198081677,8020050.198081677,8020050.198081677,8020050.198081677,8020050.198081677,8020050.198081677,8020050.198081677,0.030049969628718583,0.02973141871392651,2865896.3967459877,2838288.650797342,2838288.650797342,2838288.650797342,21821799.49963942,21821799.49963942,137038479.87078315,90046910.75703965,46991569.11374349,46837602.83826066,46837602.83826066,89027547.82970503,102931233.42399622,-47978015.11321627,-47978015.11321627,57220238.98771685,43316553.39342565,0.0022829482226765,-172134.2959898081,94.1764678955078,2022-05-17,0,0,0,1,0,0,0,0,0,0,0,-9.833109444034601,0
91.69456329345704,91.40273666381836,92.82643127441406,92.59383239746094,90.64887723513974,91.51391405922323,92.26742132604996,92.31713291910872,32.9566088026126,62.04284507447708,79.36006528921702,-0.7347350510068367,-0.35934956561977033,-0.37538548538706634,19.674186538981644,-219.16406680989016,-97.1783870931408,41.523038893617226,-7.843114990235556,2.7359741439661147,3.2018531590348642,9.043762925471896,98.29201304713891,91.69456329345704,85.09711353977517,-7.272293090820327,-1.971658604101551,-1.8401314172989203,100.0,0.0,-100.0,-0.9297476018913525,-0.09266392188269845,1.0997700235892096,0.9154015083065679,0.17066998079313073,0.05852407444714779,1.2176703197378826,0.11954921730321784,1.0,0.48953958685242294,2.9258218091135797,2.7984438680992962,6440045.485454368,9693421.180450397,-10633155.23911292,257461.3859349375,4957301.958274524,4115871.3378780694,-682272.6727275844,4115871.3378780694,8839117.490757195,10483359.523659864,73937058.64537917,73937058.64537917,9531793.944034606,8839117.490757195,8839117.490757195,8839117.490757195,8839117.490757195,8839117.490757195,8839117.490757195,8839117.490757195,0.03311889646344878,0.03276781275535568,3158583.0938108927,3128155.8391094906,3128155.8391094906,3128155.8391094906,24050404.283404093,24050404.283404093,151033870.6635962,99243172.32472958,51790698.338866636,51621007.87995497,51621007.87995497,98119704.45883167,113443338.03806835,-52877887.55492826,-52877887.55492826,63063996.20573597,47740362.62649928,0.002516099908000526,-189713.93306323964,85.44970703125,2022-05-18,0,0,0,1,0,0,0,0,0,0,0,0.6687104645116314,1
90.12262115478515,90.75009384155274,92.13462944030762,92.43501998901367,88.22898680096556,90.03669439984031,91.42187700286588,91.96701813532474,29.961401278801482,33.76201092465356,63.32342852877914,-1.3450790479716659,-0.5564954620901494,-0.7885835858815164,21.82046939740184,-307.2289928058562,-94.21871199936685,41.634184701191344,-7.258390917185653,2.737007685687369,3.282208596516692,2.750443728063672,99.5389167562544,90.12262115478515,80.7063255533159,-6.52642822265625,-2.1882621703667526,-2.032398370596084,100.0,0.0,-100.0,-0.5919982910156244,-0.02411361220793029,1.0281848938671192,0.9837220000292017,0.17066998079313073,0.05852407444714779,1.2176703197378826,0.11954921730321784,1.0,0.48953958685242294,2.9258218091135797,2.7984438680992962,6599175.442978447,9932940.249716606,-10895894.616555002,263823.11420230026,5079794.144367927,4217572.239315864,-699131.2526360957,4217572.239315864,9057527.188954428,10742397.531928208,75764002.41903241,75764002.41903241,9767319.293796243,9057527.188954428,9057527.188954428,9057527.188954428,9057527.188954428,9057527.188954428,9057527.188954428,9057527.188954428,0.03393724605420499,0.03357748726211094,3236629.9328727657,3205450.837557948,3205450.837557948,3205450.837557948,24644676.454415787,24644676.454415787,154765833.96691123,101695416.15317123,53070417.81373999,52896534.39756121,52896534.39756121,100544188.01847029,116246460.09740174,-54184470.87325789,-54184470.87325789,64622272.627879806,48920000.548948355,0.002578271343340662,-194401.6592878859,83.38920593261719,2022-05-19,0,0,0,1,0,0,0,0,0,0,0,3.852501237421077,1
88.26724700927734,90.07693710327149,91.57708511352538,92.29949096679688,86.8892123310148,88.9772342164354,90.7349995160323,91.66280814535565,32.58855763643471,8.269891124234995,34.69158237445516,-1.7424906551954535,-0.7936945007112103,-0.9487961544842433,23.891813675489903,-199.44453478862818,-84.38686996400567,45.64145164606379,-7.402107191122975,2.6960104851444258,3.2015452580813166,2.1630468780861634,97.95304574991655,88.26724700927734,78.58144826863813,-6.7315673828125,-2.5123940901114565,-2.3229203835511782,100.0,0.0,-100.0,0.03448355240440997,0.009838892807770172,1.026282992897411,1.000886545134625,0.17066998079313073,0.05852407444714779,1.2176703197378826,0.11954921730321784,1.0,0.48953958685242294,2.9258218091135797,2.7984438680992962,6534879.464416356,9836163.293432796,-10789735.564907689,261252.67711640894,5030301.546659583,4176480.29735641,-692319.5943584837,4176480.29735641,8969279.410273803,10637734.007312687,75025831.30698909,75025831.30698909,9672155.987812128,8969279.410273803,8969279.410273803,8969279.410273803,8969279.410273803,8969279.410273803,8969279.410273803,8969279.410273803,0.03360659437451988,0.03325034072390659,3205095.3433508533,3174220.0269643688,3174220.0269643688,3174220.0269643688,24404562.57917873,24404562.57917873,153257945.46949774,100704594.44319467,52553351.02630308,52381161.76183999,52381161.76183999,99564582.76123215,115113867.09833333,-53656549.831035554,-53656549.831035554,63992655.74749566,48443371.41039448,0.002553151162728542,-192507.59766973206,84.20966339111328,2022-05-20,0,0,0,1,0,0,0,0,0,0,0,2.9629820225160906,1
86.52935333251953,89.4336166381836,91.07594795227051,92.21458709716796,86.400049024713,88.33077752473976,90.2289731251825,91.41805968522834,36.384864526280474,15.897979720054494,19.309960589647634,-1.937307113252075,-1.0224170232193832,-0.9148900900326917,25.014109224051428,-115.85849685789142,-74.48582042313936,46.7651295380848,-7.0036576769228915,2.61931597086373,3.0663347646247137,1.6222872852146821,94.33254912135038,86.52935333251953,78.72615754368869,-6.433204650878906,-2.541334712848777,-2.340610895401383,92.85714285714286,64.28571428571429,-28.571428571428573,0.23926383239643134,0.014393348366287473,1.0180249612729977,1.004274902721669,0.17066998079313073,0.05852407444714779,1.2176703197378826,0.11954921730321784,1.0,0.48953958685242294,2.9258218091135797,2.7984438680992962,6442155.27925236,9696596.797755277,-10636638.718387596,257545.73168008705,4958925.997258403,4117219.71963121,-682496.1889522307,4117219.71963121,8842013.23354408,10486793.929046454,73961280.82643737,73961280.82643737,9534916.611381019,8842013.23354408,8842013.23354408,8842013.23354408,8842013.23354408,8842013.23354408,8842013.23354408,8842013.23354408,0.033129746393393014,0.032778547668374715,3159617.862747977,3129180.639913058,3129180.639913058,3129180.639913058,24058283.326170314,24058283.326170314,151083350.17803943,99275684.92575647,51807665.25228297,51637919.201857455,51637919.201857455,98151849.0056979,113480502.69033,-52895210.63742297,-52895210.63742297,63084656.312620595,47756002.62798851,0.002516924195964487,-189776.08437572233,85.42172241210938,2022-05-23,0,0,0,1,0,0,0,0,0,0,0,0.9428837636682376,1
85.16812591552734,89.0364372253418,90.75522003173828,92.13744110107422,86.72347628665763,88.15615084943197,89.95672147616959,91.25932521955455,42.03642456225995,28.8802624532088,17.682711099166045,-1.9124189718170612,-1.200417412938919,-0.7120015588781423,25.15673006368746,-63.772629833691454,-58.56805738151598,46.02595317897466,-4.348261145744026,2.5827295338246783,2.9560715976056544,2.107105852317005,87.86278911878884,85.16812591552734,82.47346271226584,-3.9717941284179688,-2.6164579433357296,-2.4036644666622777,85.71428571428572,57.142857142857146,-28.571428571428573,0.9237674911902539,0.022811626169706667,1.0243316496498844,1.022476786953594,0.17066998079313073,0.05852407444714779,1.2176703197378826,0.11954921730321784,1.0,0.48953958685242294,2.9258218091135797,2.7984438680992962,6298476.781474779,9480334.941114955,-10399411.236867135,251801.72486361102,4848327.756919347,4025393.937933272,-667274.5708885692,4025393.937933272,8644811.0358857,10252908.415128306,72311732.61435491,72311732.61435491,9322260.685565349,8644811.0358857,8644811.0358857,8644811.0358857,8644811.0358857,8644811.0358857,8644811.0358857,8644811.0358857,0.03239085824381905,0.032047492255368674,3089149.342758573,3059390.9570928738,3059390.9570928738,3059390.9570928738,23521714.762145773,23521714.762145773,147713759.12476322,97061553.0618582,50652206.06290502,50486245.835154004,50486245.835154004,95962781.89881699,110949562.74138118,-51715496.07380636,-51715496.07380636,61677687.952046685,46690907.10948249,0.0024607895838943804,-185543.53462563627,87.37033081054688,2022-05-24,0,0,0,1,0,0,0,0,0,0,0,-1.6192994570986372,0
85.49631195068359,88.5954376220703,90.35710830688477,92.0532147216797,86.84586326011551,87.9624210962682,89.68376106958499,91.09584725827914,41.46697806777443,53.94682273389754,32.90835496905356,-1.8934375077616181,-1.3390214319034588,-0.5544160758581593,25.26501123605715,-52.11259437695828,-60.85281429244247,47.52125811936298,-4.819634440299403,2.506135027417543,2.877617052519637,1.5104064441247829,88.61461194864839,85.49631195068359,82.3780119527188,-4.409996032714844,-2.740359429973611,-2.5095098446576998,78.57142857142857,50.0,-28.571428571428573,-0.13579828291819168,-0.0032012423544797164,1.0175495914790131,0.9976503941283565,0.17066998079313073,0.05852407444714779,1.2176703197378826,0.11954921730321784,1.0,0.48953958685242294,2.9258218091135797,2.7984438680992962,6318704.485900484,9510781.256898731,-10432809.187514411,252610.39194950147,4863898.274082219,4038321.5840290757,-669417.5386661789,4038321.5840290757,8672574.047248112,10285835.868561974,72543963.42262524,72543963.42262524,9352199.34220716,8672574.047248112,8672574.047248112,8672574.047248112,8672574.047248112,8672574.047248112,8672574.047248112,8672574.047248112,0.032494882237140414,0.03215041352084564,3099070.2175986567,3069216.262186443,3069216.262186443,3069216.262186443,23597255.295246385,23597255.295246385,148188145.29190347,97373268.4931526,50814876.798750855,50648383.58587504,50648383.58587504,96270968.60100932,111305879.83822192,-51881581.59021034,-51881581.59021034,61875767.27897607,46840856.04176347,0.0024686924667792188,-186139.41199515312,87.09063720703125,2022-05-25,0,0,0,1,0,0,0,0,0,0,0,-2.851860651078953,0
85.96621704101562,88.04441909790039,89.80842170715331,91.96889099121094,86.47681930150279,87.55811387590623,89.30804395669854,90.88576428282809,38.73557525872634,64.87554688293082,49.23421069001233,-1.9648326940602487,-1.4641836843348168,-0.5006490097254319,25.06952790538609,-52.465206406774016,-71.89624228877202,39.296274875146295,-6.038630863186145,2.5016073466679485,2.917709775125842,2.442747496923218,88.27611938309724,85.96621704101562,83.65631469893401,-5.510185241699219,-2.791961530813583,-2.5447106972718814,71.42857142857143,42.85714285714286,-28.571428571428573,-0.648857918277969,-0.015522975443848952,1.0285091955787369,0.9818491937735802,0.17066998079313073,0.05852407444714779,1.2176703197378826,0.11954921730321784,1.0,0.48953958685242294,2.9258218091135797,2.7984438680992962,6418336.160510456,9660744.760586608,-10597310.98571652,256593.48633696174,4940590.946015318,4101996.7793049742,-679972.7387929485,4101996.7793049742,8809320.919559417,10448020.230029559,73687817.60583138,73687817.60583138,9499662.367868437,8809320.919559417,8809320.919559417,8809320.919559417,8809320.919559417,8809320.919559417,8809320.919559417,8809320.919559417,0.03300725301516371,0.0326573528065224,3147935.5437429985,3117610.858994085,3117610.858994085,3117610.858994085,23969330.625958636,23969330.625958636,150524737.08943456,98908624.64469711,51616112.44473746,51446994.010560825,51446994.010560825,97788943.97704491,113060921.75020936,-52699636.75749672,-52699636.75749672,62851408.14420997,47579430.37104553,0.002507618161929399,-189074.40940947665,85.73873138427734,2022-05-26,0,0,0,1,0,0,0,0,0,0,0,-2.7510095927663656,0
86.45477142333985,87.36100921630859,89.45273170471191,91.90172653198242,86.53535796857999,87.39344504442043,89.05512884679719,90.71975138164795,41.538411402627176,70.40746748050806,63.07661236577875,-1.9254897759379759,-1.5564449026554485,-0.36904487328252733,24.888007669762963,-48.755848560325305,-64.4323914319944,52.93935874039069,-7.310249417573001,2.394845226355795,2.7637367813022378,1.0069376622978012,87.9677945937451,86.45477142333985,84.9417482529346,-6.834098815917969,-2.801575491530486,-2.542080756945481,64.28571428571429,35.714285714285715,-28.571428571428573,0.9444467991918438,0.010656839723483191,1.0117493674126243,1.011096652445382,0.17066998079313073,0.05852407444714779,1.2176703197378826,0.11954921730321784,1.0,0.48953958685242294,2.9258218091135797,2.7984438680992962,6350658.2137875,9558877.336871136,-10485567.968466878,253887.84427280576,4888495.037907296,4058743.4013975356,-672802.7873229352,4058743.4013975356,8716431.308147736,10337851.404526336,72910818.69687088,72910818.69687088,9399493.472450603,8716431.308147736,8716431.308147736,8716431.308147736,8716431.308147736,8716431.308147736,8716431.308147736,8716431.308147736,0.032659209058729106,0.03231299836199346,3114742.2349650124,3084737.30791459,3084737.30791459,3084737.30791459,23716586.762047414,23716586.762047414,148937533.66436255,97865685.71757612,51071847.94678645,50904512.77669755,50904512.77669755,96757811.48802206,111868754.36487713,-52143947.071011156,-52143947.071011156,62188673.418967985,47077730.5421129,0.002481176659938783,-187080.72015938428,86.65243530273438,2022-05-27,0,0,0,1,0,0,0,0,0,0,0,-4.003395755552089,0
86.6598907470703,86.59462203979493,89.20938911437989,91.84253677368164,86.5060116559739,87.22142213284612,88.80676600717476,90.55220501494654,41.08400811363763,56.71010831712788,63.99770756018887,-1.8890852005187782,-1.6229729622281144,-0.26611223829066377,25.04754346630108,-47.91777672153949,-66.10794215622404,59.121593933355086,-8.14342237126462,2.386279465988687,2.760385738671138,2.2749245812162826,87.78560633688984,86.6598907470703,85.53417515725077,-7.663871765136719,-2.8756072719141197,-2.5993973169571234,57.142857142857146,28.571428571428573,-28.571428571428573,-0.11475384206493923,-0.002367114914382351,1.0268308197328655,0.9969892604376681,0.17066998079313073,0.05852407444714779,1.2176703197378826,0.11954921730321784,1.0,0.48953958685242294,2.9258218091135797,2.7984438680992962,6365726.6202110825,9581557.985682065,-10510447.40527674,254490.25194374673,4900094.123789595,4068373.709482533,-674399.1676509288,4068373.709482533,8737113.058777813,10362380.349600378,73083816.48888169,73083816.48888169,9421795.946155015,8737113.058777813,8737113.058777813,8737113.058777813,8737113.058777813,8737113.058777813,8737113.058777813,8737113.058777813,0.0327367005909456,0.03238966842920413,3122132.6818007836,3092056.5611165226,3092056.5611165226,3092056.5611165226,23772859.853163358,23772859.853163358,149290922.43343666,98097894.70720705,51193027.72622959,51025295.514721215,51025295.514721215,96987391.78963435,112134188.87577716,-52267670.65375569,-52267670.65375569,62336230.43974829,47189433.35360547,0.0024870638258138885,-187524.6124663672,86.44731903076172,2022-05-31,0,0,0,1,0,0,0,0,0,0,0,-3.5372805664690024,0
86.10234375,85.63523483276367,88.88260040283203,91.73713394165038,85.86487304571436,86.74163553145506,88.40446408508147,90.31810269377982,37.109564128946595,43.864069323103344,56.993881706913044,-1.9877879091042558,-1.6959359516033428,-0.2918519575009131,25.573177687066295,-67.44182842160843,-81.34046509322013,52.89151759780714,-10.187122414653771,2.4142900186987353,2.854357915058893,2.7784272039293683,87.85509708698439,86.10234375,84.34959041301562,-9.593872070312486,-3.249307256504114,-2.9236279512062993,50.0,21.42857142857143,-28.571428571428573,-0.6060588156718472,-0.0215706308359066,1.0330956239291622,0.9805447958530793,0.17066998079313073,0.05852407444714779,1.2176703197378826,0.11954921730321784,1.0,0.48953958685242294,2.9258218091135797,2.7984438680992962,6506066.580615366,9792794.745999832,-10742162.629742179,260100.7900663966,5008122.4850966185,4158065.812106895,-689267.093675951,4158065.812106895,8929733.033506788,10590831.260976275,74695035.5254767,74695035.5254767,9629510.56365406,8929733.033506788,8929733.033506788,8929733.033506788,8929733.033506788,8929733.033506788,8929733.033506788,8929733.033506788,0.033458419813086476,0.033103736917541385,3190963.783587293,3160224.599306719,3160224.599306719,3160224.599306719,24296960.621156894,24296960.621156894,152582217.11085916,100260578.6363665,52321638.47449265,52150208.40831252,52150208.40831252,99125593.37062223,114606319.48484676,-53419973.174363926,-53419973.174363926,63710506.250445366,48229780.136220835,0.002541894084739785,-191658.8139893798,84.58259582519531,2022-06-01,0,0,0,1,0,0,0,0,0,0,0,-4.112332125548306,0
85.66786651611328,85.58208923339843,88.4924129486084,91.63732986450195,85.54933237634212,86.41011107802645,88.07244379484492,90.10634380530209,38.267229508797186,37.03873467694664,45.870970772392575,-2.015690322999774,-1.759886825882629,-0.2558034971171448,26.367318997845267,-74.79582990326494,-78.5985698314577,55.57583256619808,-0.6219518031325588,2.429642222643229,2.8611543372077954,2.6292208739216534,87.29800260513647,85.66786651611328,84.03773042709008,-0.5314559936523438,-3.7358695840635137,-3.3486817188751985,42.85714285714286,14.285714285714286,-28.571428571428573,0.07092361676627022,0.003968372087988836,1.0317925568415716,1.0022007546619858,0.17066998079313073,0.05852407444714779,1.2176703197378826,0.11954921730321784,1.0,0.48953958685242294,2.9258218091135797,2.7984438680992962,6480350.139999398,9754086.899802838,-10699702.230062608,259072.69322185492,4988326.947671715,4141630.2820966532,-686542.6370379155,4141630.2820966532,8894436.599566683,10548969.026733529,74399789.47756168,74399789.47756168,9591448.128617063,8894436.599566683,8894436.599566683,8894436.599566683,8894436.599566683,8894436.599566683,8894436.599566683,8894436.599566683,0.03332616917353861,0.032972888228236075,3178350.9045717563,3147733.222645537,3147733.222645537,3147733.222645537,24200922.356374275,24200922.356374275,151979107.46284613,99864280.01496801,52114827.44787813,51944074.99098191,51944074.99098191,98733780.98999992,114153316.64930432,-53208820.77516496,-53208820.77516496,63458678.60154235,48039142.94223795,0.0025318467746681273,-190901.24680997682,84.91825103759766,2022-06-02,0,0,0,1,0,0,0,0,0,0,0,-5.296438000234493,0
85.2744155883789,85.62031631469726,88.185205078125,91.5264811706543,84.95671383276324,85.93035938122263,87.66282788539354,89.8579176460983,35.839870000625176,28.656144715928964,36.51964957199293,-2.106060928997067,-1.8291216465055167,-0.2769392824915504,27.104735929282885,-82.70094826554691,-87.9663224577905,49.81720116447445,0.4584176197782508,2.403274098271079,2.8688453297406524,2.0604884814331257,87.49052637178156,85.2744155883789,83.05830480497625,0.38227081298828125,-4.239661574824454,-3.7818645086044,35.714285714285715,7.142857142857143,-28.571428571428573,-0.3122184286202484,-0.01350445019745461,1.0248286600542964,0.9923790320915724,0.17066998079313073,0.05852407444714779,1.2176703197378826,0.11954921730321784,1.0,0.48953958685242294,2.9258218091135797,2.7984438680992962,6569061.706661008,9887613.686402531,-10846173.844579669,262619.2214183939,5056613.736037803,4198326.371493143,-695940.936758744,4198326.371493143,9016195.360786952,10693377.206663512,75418271.77269414,75418271.77269414,9722748.501538467,9016195.360786952,9016195.360786952,9016195.360786952,9016195.360786952,9016195.360786952,9016195.360786952,9016195.360786952,0.03378238166427522,0.03342426454415923,3221860.357310205,3190823.5402334863,3190823.5402334863,3190823.5402334863,24532216.45167915,24532216.45167915,154059597.62643218,101231353.79065482,52828243.83577738,52655153.89438798,52655153.89438798,100085379.00628364,115715997.57561296,-53937213.18440323,-53937213.18440323,64327384.56270187,48696765.99337255,0.0025665060274979406,-193514.55447334473,83.77147674560547,2022-06-03,0,0,0,1,0,0,0,0,0,0,0,-5.2297908169282685,0
84.67584533691407,85.56530838012695,87.82112274169921,91.40391891479493,84.52433723697888,85.51749113834764,87.28156656729989,89.61484574018897,35.60257044464976,29.15833718587849,31.617738859584644,-2.1617893293923203,-1.8956551830828774,-0.2661341463094429,27.78948022276067,-85.05620635719076,-88.55792483637839,48.38315030069245,-0.6532259167790211,2.318853137122929,2.7717722524944217,1.2213806421969764,86.68706279998602,84.67584533691407,82.66462787384211,-0.550079345703125,-3.865848320900904,-3.4290076035719608,28.571428571428573,0.0,-28.571428571428573,-0.511446958446181,-0.0013356897185315963,1.0146910980698496,0.9925885159553507,0.17066998079313073,0.05852407444714779,1.2176703197378826,0.11954921730321784,1.0,0.48953958685242294,2.9258218091135797,2.7984438680992962,6577847.670164113,9900838.134103099,-10860680.34365094,262970.4683692722,5063376.836419259,4203941.532976047,-696871.7411785714,4203941.532976047,9028254.307241421,10707679.343872456,75519141.91410112,75519141.91410112,9735752.445982734,9028254.307241421,9028254.307241421,9028254.307241421,9028254.307241421,9028254.307241421,9028254.307241421,9028254.307241421,0.03382756479477456,0.033468968701543735,3226169.518766662,3195091.190686657,3195091.190686657,3195091.190686657,24565027.706622332,24565027.706622332,154265648.6672797,101366748.31417905,52898900.35310064,52725578.90803908,52725578.90803908,100219240.81584041,115870764.96505517,-54009352.921805434,-54009352.921805434,64413420.90674245,48761896.75752768,0.002569938668154251,-193773.3755788305,83.65958404541016,2022-06-06,0,0,0,1,0,0,0,0,0,0,0,-5.886655232549497,0
84.10337982177734,85.38163528442382,87.40762596130371,91.25626815795898,84.2112219763453,85.16612755957136,86.92951179470734,89.37838086626306,35.43413597818505,25.887605552482114,27.900695818096466,-2.1867658117866853,-1.953877308823639,-0.2328885029630463,28.715277667246916,-102.77664150462722,-88.64195825372876,55.285292263696284,-2.1501919010367243,2.252449592027965,2.694801486267448,1.3892035057934322,85.18763216072186,84.10337982177734,83.01912748283281,-1.83673095703125,-3.4210847944315184,-3.021105839655945,100.0,0.0,-100.0,0.5570461551065572,-0.0008916203825678481,1.016880090062642,1.0093447628226355,0.17066998079313073,0.05852407444714779,1.2176703197378826,0.11954921730321784,1.0,0.48953958685242294,2.9258218091135797,2.7984438680992962,6583717.847189743,9909673.80124889,-10870372.589417772,263205.1474435296,5067895.475321779,4207693.197994971,-697493.6407253535,4207693.197994971,9036311.266549906,10717235.049086992,75586536.41061254,75586536.41061254,9744440.788006045,9036311.266549906,9036311.266549906,9036311.266549906,9036311.266549906,9036311.266549906,9036311.266549906,9036311.266549906,0.03385775305750858,0.033498836947358314,3229048.6043185745,3197942.5414388846,3197942.5414388846,3197942.5414388846,24586949.932327166,24586949.932327166,154403317.8125775,101457209.63024382,52946108.18233365,52772632.062427685,52772632.062427685,100308678.07776296,115974169.89878832,-54057551.736765645,-54057551.736765645,64470904.479258746,48805412.6582334,0.0025722321227435846,-193946.3020548663,83.58499145507812,2022-06-07,0,0,0,1,0,0,0,0,0,0,0,-4.995941820715006,0
83.8684295654297,84.98538665771484,87.01091194152832,91.11064849853516,83.94342949871587,84.84643973845967,86.59411491363588,89.14424218693733,35.01052152363507,29.90177986620806,28.315907534856166,-2.1955452503527653,-2.0022108971294643,-0.19333435322330095,29.10436966600174,-75.48654092039192,-80.95999800817087,55.72869188587257,-4.535276712734515,2.18279742248501,2.617016941791047,1.277319218426598,84.94457719425678,83.8684295654297,82.7922819366026,-3.9624862670898438,-3.163292840123686,-2.783834604116592,92.85714285714286,0.0,-92.85714285714286,0.08759307007334195,-0.002119362681472503,1.015388102497656,1.0013432141426128,0.17066998079313073,0.05852407444714779,1.2176703197378826,0.11954921730321784,1.0,0.48953958685242294,2.9258218091135797,2.7984438680992962,6597700.767980924,9930720.599888423,-10893459.781550914,263764.1593595863,5078658.995669125,4216629.765762114,-698975.0223029037,4216629.765762114,9055503.162013432,10739996.997923518,75747071.92808774,75747071.92808774,9765136.654210458,9055503.162013432,9055503.162013432,9055503.162013432,9055503.162013432,9055503.162013432,9055503.162013432,9055503.162013432,0.033929662317619506,0.0335699839184928,3235906.664143288,3204734.5362189733,3204734.5362189733,3204734.5362189733,24639169.268176626,24639169.268176626,154731249.44831586,101672690.9371409,53058558.51117496,52884713.95159705,52884713.95159705,100521720.05993542,116220483.25381917,-54172362.620470665,-54172362.620470665,64607831.90713357,48909068.71324983,0.0025776951937414114,-194358.21760810242,83.40784454345703,2022-06-08,0,0,0,1,0,0,0,0,0,0,0,-6.747894087253953,0
83.17476196289063,84.42131423950195,86.50837593078613,90.9392478942871,83.11225734077803,84.22888942690379,86.10419092423268,88.84250378842616,30.64921268240532,22.822630517912017,26.204005312200675,-2.3335915384547405,-2.0684870253945196,-0.265104513060221,30.020976969375756,-126.77844838733336,-99.5827717455401,47.11030857732065,-6.476843393302789,2.2300016654483796,2.737880965896898,2.8436568239721822,84.91575950869218,83.17476196289063,81.43376441708908,-5.640724182128906,-3.1300671653333647,-2.7429549877460175,100.0,35.714285714285715,-64.28571428571429,-0.7311472375296718,-0.023474189139782498,1.0349249439873331,0.9751088757819725,0.17066998079313073,0.05852407444714779,1.2176703197378826,0.11954921730321784,1.0,0.48953958685242294,2.9258218091135797,2.7984438680992962,6756299.418413771,10169439.956881931,-11155321.918173274,270104.64692913496,5200742.20178098,4317991.105680763,-715777.3143622077,4317991.105680763,9273183.628435256,10998170.123596324,77567915.8560719,77567915.8560719,9999875.626030192,9273183.628435256,9273183.628435256,9273183.628435256,9273183.628435256,9273183.628435256,9273183.628435256,9273183.628435256,0.034745279582247816,0.03437695506370809,3313692.9184624334,3281771.46018899,3281771.46018899,3281771.46018899,25231457.268366605,25231457.268366605,158450752.37900138,104116747.1524156,54334005.22658577,54155981.70929156,54155981.70929156,102938108.69308847,119014246.17895253,-55474583.485663794,-55474583.485663794,66160905.51689648,50084768.03103242,0.0026396590495347282,-199030.29233491851,81.44991302490234,2022-06-09,0,0,0,1,0,0,0,0,0,0,0,-5.48362497884234,0
82.82606201171875,84.05023880004883,86.04732894897461,90.77272003173829,82.75083055710071,83.82872352923876,85.71598007332919,88.57526744337989,33.29139746828565,26.638498458627623,26.45430294758251,-2.369040461698603,-2.128597712655336,-0.2404427490432668,31.213733712472898,-140.43153562343704,-77.94990511465791,51.15566943437576,-4.3279791228771565,2.241868259528921,2.733053211600191,2.396133982575961,84.64593662961913,82.82606201171875,81.00618739381837,-3.71075439453125,-3.1836800809951535,-2.7768425574669493,100.0,28.571428571428573,-71.42857142857143,0.6303513381128389,0.0070971710512079955,1.0298386134538304,1.018758716247483,0.17066998079313073,0.05852407444714779,1.2176703197378826,0.11954921730321784,1.0,0.48953958685242294,2.9258218091135797,2.7984438680992962,6708686.721224275,10097774.32525907,-11076708.62239574,268201.1772977177,5164091.75924151,4287561.547982151,-710733.1198389519,4287561.547982151,9207834.055134827,10920664.301058887,77021282.6386023,77021282.6386023,9929404.940729126,9207834.055134827,9207834.055134827,9207834.055134827,9207834.055134827,9207834.055134827,9207834.055134827,9207834.055134827,0.03450042417057005,0.0341346952924368,3290340.8069388187,3258644.30416727,3258644.30416727,3258644.30416727,25053647.248388167,25053647.248388167,157334125.18040386,103383020.17444706,53951105.005956806,53774336.0481924,53774336.0481924,102212687.76442066,118175534.19867665,-55083645.43190944,-55083645.43190944,65694659.28281551,49731812.84855953,0.0026210569599549685,-197627.69478060462,82.0279769897461,2022-06-10,0,0,0,1,0,0,0,0,0,0,0,-2.952861493450585,0
82.2666519165039,83.47124862670898,85.41612892150879,90.53568984985351,82.12139822784579,83.28941626380188,85.25374707294888,88.27280729145659,30.747922056567518,19.1171532391288,22.859427405222757,-2.4627860680141396,-2.195435383727097,-0.26735068428704256,32.321293545348816,-137.57378335764182,-92.84867694365174,44.213791928926014,-6.6817530438359585,2.1856259621308682,2.702890777292791,1.4544760959561813,84.40878472683131,82.2666519165039,80.12451910617649,-5.7899017333984375,-3.393063891095912,-2.9476550175593417,92.85714285714286,21.42857142857143,-71.42857142857143,-0.2615350305761981,-0.014207877155812842,1.0150428497952104,0.9960951379455346,0.17066998079313073,0.05852407444714779,1.2176703197378826,0.11954921730321784,1.0,0.48953958685242294,2.9258218091135797,2.7984438680992962,6805376.677050848,10243310.015630051,-11236353.350478647,272066.66708180745,5238520.007993347,4349356.673303259,-720976.6677667898,4349356.673303259,9340543.347585872,11078060.016903779,78131363.45255233,78131363.45255233,10072513.982036103,9340543.347585872,9340543.347585872,9340543.347585872,9340543.347585872,9340543.347585872,9340543.347585872,9340543.347585872,0.03499766672006887,0.03462666671950276,3337763.338426356,3305610.0050439606,3305610.0050439606,3305610.0050439606,25414736.705446478,25414736.705446478,159601726.91019958,104873043.4933569,54728683.41684268,54549366.7499024,54549366.7499024,103685843.49154538,119878756.84958713,-55877546.75192904,-55877546.75192904,66641493.435020186,50448580.07697842,0.002658833337390391,-200476.03363923548,80.86253356933594,2022-06-13,0,0,0,1,0,0,0,0,0,0,0,-8.155799318678486,0
81.1758056640625,82.63959274291992,84.61710739135742,90.20463485717774,80.79118554952089,82.35147879635993,84.57536737008434,87.87507995425716,25.77672083189534,22.220700708716794,22.658784135491015,-2.7260867859791915,-2.3015656641775157,-0.4245211218016758,34.1528917700152,-187.27300387883565,-93.54271872168103,38.776836247159956,-9.620377972544446,2.293897140461716,2.935971869208843,3.7014224587627353,84.65761780140396,81.1758056640625,77.69399352672103,-8.316558837890625,-3.5759820616417084,-3.088942209879562,100.0,14.285714285714286,-85.71428571428572,-0.7732994334647798,-0.03378293080716388,1.0477967895183544,0.9646598411677269,0.17066998079313073,0.05852407444714779,1.2176703197378826,0.11954921730321784,1.0,0.48953958685242294,2.9258218091135797,2.7984438680992962,7043320.692663773,10601458.349506456,-11629222.57196857,281579.239030716,5421680.2569732405,4501428.1075955825,-746184.9834313974,4501428.1075955825,9667127.238177264,11465394.651077973,80863157.92146185,80863157.92146185,10424690.582676766,9667127.238177264,9667127.238177264,9667127.238177264,9667127.238177264,9667127.238177264,9667127.238177264,9667127.238177264,0.03622132938440574,0.0358373576948184,3454465.300654102,3421187.7542231996,3421187.7542231996,3421187.7542231996,26303340.642364748,26303340.642364748,165182061.04920974,108539837.30691731,56642223.74229244,56456637.425658554,56456637.425658554,107311127.90023783,124070212.24509326,-57831256.07438123,-57831256.07438123,68971554.69494192,52212470.350086495,0.0027517971087092697,-207485.50199667897,78.1307601928711,2022-06-14,0,0,0,1,0,0,0,0,0,0,0,-4.237324298843201,0
80.10733642578126,81.98788299560547,83.81155891418457,89.88286514282227,79.88262315036418,81.57220962466735,83.95537984455733,87.49039047966083,25.669945763728812,11.095462880270398,17.477772276038603,-2.906516078969048,-2.422555747135822,-0.48396033183322595,35.85366155006256,-159.53500367514457,-94.1535145542563,35.87082889078305,-7.705010007748225,2.2925424385806243,2.9366909671696204,2.274931314126434,83.47038874769676,80.10733642578126,76.74428410386575,-6.517097473144531,-3.8138170991342744,-3.2741576463748316,92.85714285714286,7.142857142857143,-85.71428571428572,-0.22130850238887162,-0.0008352899761785437,1.0292706624704997,0.9935921050475414,0.17066998079313073,0.05852407444714779,1.2176703197378826,0.11954921730321784,1.0,0.48953958685242294,2.9258218091135797,2.7984438680992962,7049208.826136234,10610321.044318812,-11638944.465613997,281814.6359712832,5426212.718065253,4505191.248686378,-746808.7853239005,4505191.248686378,9675208.843141373,11474979.586503431,80930758.57286228,80930758.57286228,10433405.50170975,9675208.843141373,9675208.843141373,9675208.843141373,9675208.843141373,9675208.843141373,9675208.843141373,9675208.843141373,0.03625160999085143,0.03586731730543604,3457353.1931204246,3424047.827051091,3424047.827051091,3424047.827051091,26325329.926572006,26325329.926572006,165320151.31446305,108630575.33760332,56689575.97685972,56503834.51224228,56503834.51224228,107400838.74427408,124173933.48703764,-57879602.32602937,-57879602.32602937,69029214.10554777,52256119.362784214,0.0027540975788102676,-207658.9574422942,78.06549835205078,2022-06-15,0,0,0,1,0,0,0,0,0,0,0,-2.333750089545739,0
79.26822357177734,81.22149276733398,83.40179100036622,89.51811752319335,79.00653168520373,80.78714401197925,83.31718640744548,87.08897707868914,24.321425327053696,12.365716850097677,15.227293479694895,-3.0794624606700154,-2.5539370898426608,-0.5255253708273546,37.77586706835597,-165.1300815724609,-89.22814307443807,36.027004701072904,-9.025035477145716,2.271306223814519,2.940036723396704,1.99523543185515,82.95106225593928,79.26822357177734,75.5853848876154,-7.663902282714844,-4.100903730568343,-3.4984009571564485,100.0,0.0,-100.0,0.28160707865267337,-0.010390628565642879,1.0213262111933201,1.005948741622324,0.17066998079313073,0.05852407444714779,1.2176703197378826,0.11954921730321784,1.0,0.48953958685242294,2.9258218091135797,2.7984438680992962,7123223.596719773,10721726.522193326,-11761150.208939824,284773.61280725966,5483186.472052509,4552494.528377874,-754650.0739392381,4552494.528377874,9776795.897878328,11595463.743306508,81780509.47068118,81780509.47068118,10542953.414626004,9776795.897878328,9776795.897878328,9776795.897878328,9776795.897878328,9776795.897878328,9776795.897878328,9776795.897878328,0.03663224201111567,0.03624391435728759,3493654.458939972,3459999.395608205,3459999.395608205,3459999.395608205,26601738.71273633,26601738.71273633,167055967.82581508,109771166.75860928,57284801.0672058,57097109.367855564,57097109.367855564,108528518.26635942,125477725.93044241,-58487322.36856009,-58487322.36856009,69754002.0316255,52804794.3675425,0.002783014852434583,-209839.31987356755,77.25434875488281,2022-06-16,0,0,0,1,0,0,0,0,0,0,0,-3.647968641151457,0
78.25382843017579,80.53994522094726,83.08013076782227,89.15241943359375,78.32302155071524,80.09057260648089,82.71135925261622,86.69160547880871,23.825651655195163,14.171008240657706,12.544062657008533,-3.2036679717045757,-2.6838832662150436,-0.5197847054895322,39.37788755982951,-133.3306620547113,-91.94226750754122,36.20629143722916,-8.135794817804399,2.231606981241958,2.899847892397601,1.715516827798666,81.01633040352978,78.25382843017579,75.4913264568218,-6.8154754638671875,-4.217815866570168,-3.5745415809826966,92.85714285714286,7.142857142857143,-85.71428571428572,-0.1793491781798908,-0.0038618858090584407,1.0225158628292392,0.9960178373341697,0.17066998079313073,0.05852407444714779,1.2176703197378826,0.11954921730321784,1.0,0.48953958685242294,2.9258218091135797,2.7984438680992962,7150839.321618789,10763293.131195426,-11806746.515760187,285877.6396067842,5504444.0062469905,4570143.902259364,-757575.7449579781,4570143.902259364,9814699.14522746,11640417.707261695,82097560.87598646,82097560.87598646,10583826.945713185,9814699.14522746,9814699.14522746,9814699.14522746,9814699.14522746,9814699.14522746,9814699.14522746,9814699.14522746,0.0367742600039636,0.03638442685904526,3507198.8604486845,3473413.321222428,3473413.321222428,3473413.321222428,26704869.87072283,26704869.87072283,167703620.056238,110196733.96170054,57506886.09453743,57318466.74116024,57318466.74116024,108949267.89796185,125964185.2298311,-58714069.3999679,-58714069.3999679,70024428.3778654,53009511.04599616,0.0027938042052481184,-210652.8370757081,76.95600128173828,2022-06-17,0,0,0,1,0,0,0,0,0,0,0,-3.359616257997971,0
77.66458587646484,79.96561889648437,82.76546363830566,88.79719497680664,78.18745463407058,79.69525409635368,82.25468892387003,86.34747666790567,28.85289324994439,23.25236878808346,16.596364626279556,-3.187864259780028,-2.7846794649280406,-0.4031847948519873,40.23623995146327,-92.57465425205477,-82.19414787025113,40.7308345397443,-6.865039206400403,2.1927457546550744,2.8142316425098555,1.6875498090255832,78.6076898589765,77.66458587646484,76.72148189395318,-5.743263244628906,-4.327425575821503,-3.6452436202611693,85.71428571428572,0.0,-85.71428571428572,0.4367833731611556,0.012478812607833012,1.0210627993089678,1.0091776616186072,0.17066998079313073,0.05852407444714779,1.2176703197378826,0.11954921730321784,1.0,0.48953958685242294,2.9258218091135797,2.7984438680992962,7062705.147577788,10630635.423839146,-11661228.233852768,282354.1945242801,5436601.67274932,4513816.827917696,-748238.6154893422,4513816.827917696,9693732.869281307,11496949.429765914,81085707.5265886,81085707.5265886,10453381.161085743,9693732.869281307,9693732.869281307,9693732.869281307,9693732.869281307,9693732.869281307,9693732.869281307,9693732.869281307,0.03632101684107785,0.03593598839399928,3463972.5955501455,3430603.463470003,3430603.463470003,3430603.463470003,26375732.053038545,26375732.053038545,165636671.07688427,108838557.99201147,56798113.0848728,56612016.002118155,56612016.002118155,107606466.96136007,124411675.24818245,-57990417.842659414,-57990417.842659414,69161376.52056548,52356168.2337431,0.0027593705373963736,-208056.53851968658,77.91632080078125,2022-06-21,0,0,0,1,0,0,0,0,0,0,0,-5.632505888776349,0
77.59932250976563,79.38756408691407,82.38459968566895,88.44905639648438,78.05978420917205,79.35147032599392,81.83085601296574,86.01245575384564,28.615952007929952,32.025211633202254,23.14952955398108,-3.1480781929452775,-2.857359210531488,-0.29071898241378946,41.18270484246184,-85.97673202772822,-81.26874151487291,41.14788483159508,-6.91577279015434,2.163319708564635,2.7804577928439955,1.7807811093889256,78.44442675865733,77.59932250976563,76.75421826087393,-5.780548095703125,-4.232004312389527,-3.539339065551758,78.57142857142857,0.0,-78.57142857142857,0.14135979260785866,-0.0014358665842590934,1.0232897937198204,1.003245932220195,0.17066998079313073,0.05852407444714779,1.2176703197378826,0.11954921730321784,1.0,0.48953958685242294,2.9258218091135797,2.7984438680992962,7072860.832101718,10645921.546846906,-11677996.278480139,282760.200447461,5444419.132252022,4520307.386244183,-749314.5311857716,4520307.386244183,9707671.790816694,11513481.252765253,81202303.20031881,81202303.20031881,10468412.40464782,9707671.790816694,9707671.790816694,9707671.790816694,9707671.790816694,9707671.790816694,9707671.790816694,9707671.790816694,0.03637324396665066,0.035987661875131395,3468953.5500349873,3435536.435436651,3435536.435436651,3435536.435436651,26413658.54270805,26413658.54270805,165874845.224311,108995060.35702743,56879784.867283575,56693420.18971593,56693420.18971593,107761197.66416578,124590570.6853433,-58073804.07735489,-58073804.07735489,69260825.82596718,52431452.804789655,0.0027633383225547322,-208355.7095206268,77.804443359375,2022-06-22,0,0,0,1,0,0,0,0,0,0,0,-4.738475761483838,0
77.92937316894532,79.01835479736329,82.00187072753906,88.13970367431641,78.61177335543111,79.41770329362215,81.62941750201179,85.7655261810654,37.98547749035426,58.49363002719008,37.92373681615854,-2.9285622008329852,-2.8715998085917875,-0.0569623922411977,40.729733556823454,-30.739126362872888,-59.39772561717689,46.36390239234295,-4.426553540277811,2.1593040514676742,2.708754552053734,2.1071005092071857,79.84979743087614,77.92937316894532,76.0089489070145,-3.6920928955078125,-3.989359818060958,-3.3143210288805847,71.42857142857143,0.0,-71.42857142857143,0.8779075956778642,0.024565541581551775,1.020478643462915,1.0179783566452718,0.17066998079313073,0.05852407444714779,1.2176703197378826,0.11954921730321784,1.0,0.48953958685242294,2.9258218091135797,2.7984438680992962,6903278.067681083,10390669.132219227,-11397998.277839419,275980.58784114814,5313880.773159562,4411926.0338059915,-731348.5577790426,4411926.0338059915,9474915.3634736,11237427.75400457,79255352.54189046,79255352.54189046,10217416.04591586,9474915.3634736,9474915.3634736,9474915.3634736,9474915.3634736,9474915.3634736,9474915.3634736,9474915.3634736,0.03550113925411133,0.0351248020888734,3385780.0299239038,3353164.14226995,3353164.14226995,3353164.14226995,25780350.276015617,25780350.276015617,161897739.57092226,106381735.4122404,55516004.15868187,55334107.86215021,55334107.86215021,105177456.48347902,121603319.28889717,-56681394.91370199,-56681394.91370199,67600190.53447178,51174327.729053624,0.002697083017538493,-203360.0595224024,79.71575164794922,2022-06-23,0,0,0,1,0,0,0,0,0,0,0,-7.351464606939387,0
78.85799255371094,79.06310806274413,81.74221115112304,87.8749168395996,79.70699746319106,79.86856554545648,81.65494399503076,85.61383674960052,46.60126837733142,79.05352184913694,56.524121169843035,-2.5491645384525157,-2.807112754563933,0.2579482161114175,38.94893208583999,32.54380931736918,-29.696265288835786,56.52612209223019,0.5494574974828526,2.168895072976277,2.648306128478042,2.2935783525881135,82.38937283418234,78.85799255371094,75.32661227323955,0.44753265380859375,-3.610697397575338,-2.982679758316422,64.28571428571429,0.0,-64.28571428571429,0.8356128591733739,0.027368418231779268,1.0255334327517813,1.0212765278015181,0.17066998079313073,0.05852407444714779,1.2176703197378826,0.11954921730321784,1.0,0.48953958685242294,2.9258218091135797,2.7984438680992962,6719379.28514722,10113868.547860153,-11094363.108276876,268628.6466895127,5172322.488076254,4294395.229122801,-711865.9137272087,4294395.229122801,9222509.856572226,10938070.077475704,77144042.13271238,77144042.13271238,9945230.809704296,9222509.856572226,9222509.856572226,9222509.856572226,9222509.856572226,9222509.856572226,9222509.856572226,9222509.856572226,0.03455541227869641,0.03418910048775616,3295585.0791590675,3263838.0572775793,3263838.0572775793,3263838.0572775793,25093578.71870989,25093578.71870989,157584890.38388696,103547796.02368522,54037094.36020175,53860043.6612473,53860043.6612473,102375598.29267643,118363886.92791498,-55171439.872813374,-55171439.872813374,65799365.967293,49811077.33205446,0.0026252345017384196,-197942.68143107684,81.89744567871094,2022-06-24,0,0,0,1,0,0,0,0,0,0,0,-11.534895740466546,0
79.85933685302734,79.05658264160157,81.5534107208252,87.61218154907226,80.45890590156748,80.24932140597717,81.68425626010595,85.47065580955032,46.83925060726357,95.10387544592676,77.55034244075121,-2.2176580595422593,-2.6892218155595984,0.47156375601733913,37.056432278780065,58.38754678069689,-28.263131837990286,61.366046071762085,-0.07955116512740057,2.0932237453864224,2.553872875902183,1.1094964867183137,83.50314094180158,79.85933685302734,76.21553276425311,-0.06525421142578125,-3.599972038330853,-2.968991793118988,57.142857142857146,0.0,-57.142857142857146,0.15966558957788396,0.0007970590421764179,1.0136452523093549,1.0021660104738053,0.17066998079313073,0.05852407444714779,1.2176703197378826,0.11954921730321784,1.0,0.48953958685242294,2.9258218091135797,2.7984438680992962,6714027.808572973,10105813.617737586,-11085527.28851427,268414.70432237943,5168203.125043633,4290975.068644584,-711298.9664543055,4290975.068644584,9215164.826122418,10929358.73327216,77082602.74719822,77082602.74719822,9937310.186765023,9215164.826122418,9215164.826122418,9215164.826122418,9215164.826122418,9215164.826122418,9215164.826122418,9215164.826122418,0.03452789151056063,0.03416187145921192,3292960.395300464,3261238.65751691,3261238.65751691,3261238.65751691,25073593.584223725,25073593.584223725,157459385.95653474,103465328.04841247,53994057.90812228,53817148.216637075,53817148.216637075,102294063.88409662,118269619.05862953,-55127500.000465415,-55127500.000465415,65746961.75692901,49771406.58239612,0.0026231437013323443,-197785.03508045877,81.96272277832031,2022-06-27,0,0,0,1,0,0,0,0,0,0,0,-11.673889031927526,0
80.46908874511719,79.06683731079102,81.26904296875,87.33751159667969,80.62763068812181,80.3794593796596,81.6157633078321,85.29396657236131,43.63829160678762,87.42782905968268,87.19507545158207,-2.0122423231890565,-2.55382591708549,0.5415835938964335,35.48775665872734,53.43643853362053,-40.4087809292794,54.85149852238445,0.1268160758364001,2.0742369038581754,2.561890752366003,1.8274079639909644,83.59126818296694,80.46908874511719,77.34690930726744,0.10254669189453125,-3.539912827805236,-2.9161589206793366,50.0,7.142857142857143,-42.85714285714286,-0.5459202341748984,-0.012171905511095704,1.0225885304793751,0.9878283781180192,0.17066998079313073,0.05852407444714779,1.2176703197378826,0.11954921730321784,1.0,0.48953958685242294,2.9258218091135797,2.7984438680992962,6796757.2961637275,10230336.30458371,-11222121.895864734,271722.07980302017,5231885.136570879,4343847.9757601,-720063.5114780035,4343847.9757601,9328713.03978278,11064029.049433885,78032405.81761369,78032405.81761369,10059756.593485551,9328713.03978278,9328713.03978278,9328713.03978278,9328713.03978278,9328713.03978278,9328713.03978278,9328713.03978278,0.03495334026557032,0.03458281015674802,3333535.8790379614,3301423.2696066955,3301423.2696066955,3301423.2696066955,25382547.55469031,25382547.55469031,159399582.61462808,104740216.06152509,54659366.55310299,54480277.000505544,54480277.000505544,103554519.71329373,119726923.8630244,-55806774.79008938,-55806774.79008938,66557088.34738705,50384684.197656386,0.002655465779893152,-200222.11980394364,80.96508026123047,2022-06-28,0,0,0,1,0,0,0,0,0,0,0,-11.314296537352336,0
80.87559204101562,79.23745727539062,80.93852500915527,87.06489303588867,80.36407373837027,80.28082309951552,81.44635345364496,85.07996630830272,40.28565988025606,71.01720342946375,84.51630264502434,-1.9183650440901516,-2.426733742486422,0.5083686983962705,35.44036198885051,-21.742408157736616,-54.03853887652364,59.563174058496045,2.1837745361548144,2.2037821077249764,2.760353240119377,3.8878697579933856,82.805987405111,80.87559204101562,78.94519667692025,1.7061996459960938,-3.5646750373842053,-2.9305627773969576,42.85714285714286,0.0,-42.85714285714286,0.036722378473906664,-0.013933419428764249,1.0428208660207414,1.001520435712491,0.17066998079313073,0.05852407444714779,1.2176703197378826,0.11954921730321784,1.0,0.48953958685242294,2.9258218091135797,2.7984438680992962,6892797.535260058,10374894.05498075,-11380693.877043955,275561.59508581006,5305813.258106779,4405227.863258154,-730238.2269773966,4405227.863258154,9460530.580377834,11220367.130812211,79135027.34511997,79135027.34511997,10201904.000902107,9460530.580377834,9460530.580377834,9460530.580377834,9460530.580377834,9460530.580377834,9460530.580377834,9460530.580377834,0.03544724154967466,0.035071475738194004,3380639.750620915,3348073.380292592,3348073.380292592,3348073.380292592,25741210.639129467,25741210.639129467,161651946.9935658,106220227.03664523,55431719.956920564,55250099.81470492,55250099.81470492,105017776.43990715,121418701.55833259,-56595341.419805646,-56595341.419805646,67497560.16356423,51096635.0451388,0.0026929883156113256,-203051.31899709394,79.83695983886719,2022-06-29,0,0,0,1,0,0,0,0,0,0,0,-10.811905901825142,0
80.45603637695312,79.19270477294921,80.59029388427734,86.7240267944336,79.44870693479241,79.79666859553755,81.08174582259656,84.78733913259032,34.647092324876525,44.98696602662259,67.81066617192296,-1.9999659283804618,-2.3413801796652303,0.34141425128476843,35.48826959370442,-54.73330600815326,-76.75049694671205,56.41625652124216,-0.5732686447422197,2.268134860050742,2.922177380845305,3.1047206402856915,83.6864850139429,80.45603637695312,77.22558773996334,-0.4475250244140625,-3.541399783819816,-2.9007986019819185,35.714285714285715,0.0,-35.714285714285715,-0.42642564208307526,-0.027793975568571105,1.0404420935044698,0.9832290279951119,0.17066998079313073,0.05852407444714779,1.2176703197378826,0.11954921730321784,1.0,0.48953958685242294,2.9258218091135797,2.7984438680992962,7089852.728788781,10671497.392796196,-11706051.588910569,283439.50578475953,5457498.847746552,4531167.0083863605,-751114.6903296128,4531167.0083863605,9730993.578146767,11541141.330999436,81397384.25443329,81397384.25443329,10493561.801232865,9730993.578146767,9730993.578146767,9730993.578146767,9730993.578146767,9730993.578146767,9730993.578146767,9730993.578146767,0.036460627335039526,0.036074118918060304,3477287.3914230275,3443789.9952848284,3443789.9952848284,3443789.9952848284,26477114.924466334,26477114.924466334,166273344.26167953,109256910.95029528,57016433.311384246,56829620.90984429,56829620.90984429,108020084.0159618,124889888.05571471,-58213321.04262989,-58213321.04262989,69427218.58058693,52557414.540834,0.0027699769883510594,-208856.26492166988,77.61797332763672,2022-06-30,0,0,0,1,0,0,0,0,0,0,0,-9.070576494344202,0
79.49198760986329,79.17499008178712,80.19824142456055,86.32628692626953,78.65820523761552,79.30222009512377,80.70036068170752,84.48498080751861,33.419478478371744,23.42788903158775,46.47735282922465,-2.084245076610685,-2.2899531590543214,0.20570808244363636,35.57355468885586,-85.45236132359815,-84.8738953658612,53.485052711723135,-0.22930348190903782,2.1920344904797826,2.843946637992043,1.2027296860573102,83.25886004194962,79.49198760986329,75.72511517777696,-0.17714691162109375,-3.180641214014348,-2.592705555451232,28.571428571428573,78.57142857142857,50.0,-0.42635865225954195,-0.00696709101244275,1.0156934423773716,0.9933909752019928,0.17066998079313073,0.05852407444714779,1.2176703197378826,0.11954921730321784,1.0,0.48953958685242294,2.9258218091135797,2.7984438680992962,7139594.936503375,10746368.318927396,-11788180.918239081,285428.109400462,5495788.506456169,4562957.548915568,-756384.4899112243,4562957.548915568,9799265.955916772,11622113.654587904,81968466.01732633,81968466.01732633,10567184.336248768,9799265.955916772,9799265.955916772,9799265.955916772,9799265.955916772,9799265.955916772,9799265.955916772,9799265.955916772,0.03671643407287762,0.036327213923695166,3501683.9421447595,3467951.529215614,3467951.529215614,3467951.529215614,26662877.61949498,26662877.61949498,167439913.3772947,110023454.3703972,57416459.00689749,57228335.93479264,57228335.93479264,108777949.89301336,125766112.00432995,-58621744.068865806,-58621744.068865806,69914317.9971459,52926155.88582931,0.002789411069140879,-210321.5946132223,77.07720184326172,2022-07-01,0,0,0,1,0,0,0,0,0,0,0,-9.538326676837583,0
78.78153381347656,79.32043533325195,79.93019027709961,85.94999114990235,78.57562142387259,79.14008076808067,80.48227431167697,84.24676406198402,39.14450994852777,18.400396363090625,28.938417140433604,-2.0201673864949328,-2.235996004542444,0.21582861804751108,35.13761877505374,-52.56830794314394,-64.8459591279499,55.44707542470848,1.8899793263992937,2.205947410051642,2.813333303464819,2.3868153644858126,81.64902331233267,78.78153381347656,75.91404431462044,1.4544525146484375,-2.747067612074173,-2.2301060603215177,21.42857142857143,71.42857142857143,50.0,0.6523417127359981,0.0172976174697701,1.0313188800451754,1.0202595919296686,0.17066998079313073,0.05852407444714779,1.2176703197378826,0.11954921730321784,1.0,0.48953958685242294,2.9258218091135797,2.7984438680992962,7018196.852029426,10563642.472353213,-11587740.613763286,280574.83326303354,5402340.880464591,4485371.31175495,-743523.3081470389,4485371.31175495,9632644.16198042,11424497.074410249,80574715.41238725,80574715.41238725,10387505.244071588,9632644.16198042,9632644.16198042,9632644.16198042,9632644.16198042,9632644.16198042,9632644.16198042,9632644.16198042,0.03609212627883568,0.035709524233476994,3442143.0680769435,3408984.2241458576,3408984.2241458576,3408984.2241458576,26209515.44722092,26209515.44722092,164592849.23300266,108152670.84184107,56440178.39116159,56255254.06923823,56255254.06923823,106928344.29669328,123627648.23644856,-57624969.39162231,-57624969.39162231,68725530.06762888,52026226.12787359,0.002741981325070555,-206745.39191031986,78.41045379638672,2022-07-05,0,0,0,1,0,0,0,0,0,0,0,-10.371781230980748,0
78.1456787109375,79.30738372802735,79.63650131225586,85.59849624633789,78.31234919876012,78.89384876452694,80.22546768661584,83.99339310851543,37.516843129754804,26.256049553964726,22.694778316214315,-1.9967717711445943,-2.188151157862874,0.1913793867182796,34.71338478463308,-35.866601740534655,-74.22935532108502,51.19484952962544,-0.1675079763837961,2.1242994735365732,2.7309603344774516,1.0628762988406777,80.0388586298463,78.1456787109375,76.2524987920287,-0.13051605224609375,-2.3244832364935175,-1.8799362671681052,14.285714285714286,64.28571428571429,50.0,0.043862349587081295,-0.007966400111312,1.0137035624016404,1.0005997008084067,0.17066998079313073,0.05852407444714779,1.2176703197378826,0.11954921730321784,1.0,0.48953958685242294,2.9258218091135797,2.7984438680992962,7074555.592488913,10648472.46458035,-11680794.496339135,282827.9539065166,5445723.69430911,4521390.517678267,-749494.0778522689,4521390.517678267,9709997.89025418,11516240.050429888,81221760.45390823,81221760.45390823,10470920.788607491,9709997.89025418,9709997.89025418,9709997.89025418,9709997.89025418,9709997.89025418,9709997.89025418,9709997.89025418,0.036381959525247365,0.03599628504264756,3469784.761789492,3436359.6399641763,3436359.6399641763,3436359.6399641763,26419987.639694646,26419987.639694646,165914591.25121462,109021177.15970148,56893414.09151314,56707004.75825658,56707004.75825658,107787018.81538214,124620424.39925453,-58087719.405963846,-58087719.405963846,69277421.72779258,52444016.14392017,0.0027640004586318664,-208405.63458084274,77.78580474853516,2022-07-06,0,0,0,1,0,0,0,0,0,0,0,-11.494152198495401,0
77.59559326171875,79.23559265136718,79.31157836914062,85.23133758544923,77.90374366343123,78.56524582420812,79.92652148720228,83.72253583338829,35.725935856111676,31.82980620967261,25.495417375575936,-2.0114690334107195,-2.152814732972443,0.1413456995617235,34.640787686186876,-60.61641696807174,-84.73373006864591,49.70327210687758,-0.9227117830347686,2.0784516468025127,2.6962577987291123,1.4824298992597278,78.58697669729746,77.59559326171875,76.60420982614004,-0.7179107666015625,-1.8645949254140926,-1.5011393229166714,7.142857142857143,57.142857142857146,50.0,-0.5220149325348836,-0.00898971422899486,1.0193218655997196,0.9900610488585463,0.17066998079313073,0.05852407444714779,1.2176703197378826,0.11954921730321784,1.0,0.48953958685242294,2.9258218091135797,2.7984438680992962,7138730.7418155745,10745067.551237216,-11786754.04690829,285393.5604578278,5495123.282269812,4562405.236955365,-756292.9352132437,4562405.236955365,9798079.827899879,11620706.884460097,81958544.34620501,81958544.34620501,10565905.257442532,9798079.827899879,9798079.827899879,9798079.827899879,9798079.827899879,9798079.827899879,9798079.827899879,9798079.827899879,0.03671198982252967,0.036322816785541716,3501260.0894348966,3467531.759562608,3467531.759562608,3467531.759562608,26659650.277131,26659650.277131,167419646.02530155,110010136.85229623,57409509.17300532,57221408.87179448,57221408.87179448,108764783.13393481,125750888.95500207,-58614648.344211325,-58614648.344211325,69905855.3906883,52919749.569621034,0.0027890734317469537,-210296.1367537203,77.08653259277344,2022-07-07,0,0,0,1,0,0,0,0,0,0,0,-13.412720610664056,0
77.44434967041016,78.95019302368163,78.98427391052246,84.89287490844727,77.55641423265207,78.25552028727823,79.63463899995385,83.45348561918067,35.14516719482066,29.57073300341408,29.21886292235042,-2.017992204910911,-2.1258502273601367,0.10785802244922582,34.61345462813714,-71.60557295244207,-89.74441581723732,51.10760494545053,-3.580216228104638,2.0196312416254605,2.627615296937397,1.254965974323781,78.59402630606999,77.44434967041016,76.29467303475033,-2.8539962768554688,-1.5227872357106211,-1.2203442500187833,0.0,50.0,50.0,-0.17910235314882103,-0.002915907800226547,1.0163794647020425,0.9970842197680946,0.17066998079313073,0.05852407444714779,1.2176703197378826,0.11954921730321784,1.0,0.48953958685242294,2.9258218091135797,2.7984438680992962,7159607.497163113,10776490.804834103,-11821223.645143384,286228.1754272006,5511193.414134644,4575747.695352111,-758504.6648820816,4575747.695352111,9826733.67728021,11654690.888531195,82198226.79688685,82198226.79688685,10596804.562523872,9826733.67728021,9826733.67728021,9826733.67728021,9826733.67728021,9826733.67728021,9826733.67728021,9826733.67728021,0.03681935165722626,0.03642904050891644,3511499.297627338,3477672.3314404874,3477672.3314404874,3477672.3314404874,26737614.696383633,26737614.696383633,167909253.92856207,110331854.3670586,57577399.56150347,57388749.17315372,57388749.17315372,109082858.69246718,126118639.27902974,-58786063.08410288,-58786063.08410288,70110290.53373176,53074509.947169185,0.0027972298962203697,-210911.13417501588,76.86175537109375,2022-07-08,0,0,0,1,0,0,0,0,0,0,0,-11.770429753601794,0
77.44996032714843,78.47097396850586,78.767041015625,84.5339225769043,77.40602786408576,78.04638116721912,79.3937452977633,83.2045354037992,36.352240360559044,29.324355156942833,30.241631456676455,-1.9806814076996488,-2.096816463428039,0.11613505572839022,34.58807393137667,-66.76986413227047,-86.26473091709562,45.59805769761668,-5.851453011804408,1.9449433948221135,2.522452447138371,0.9740013863786032,78.59266786394386,77.44996032714843,76.307252790353,-4.7921905517578125,-1.2410822964620265,-0.9910199091984708,0.0,42.85714285714286,42.85714285714286,0.1634596339360999,0.0031680223107544148,1.012676754070227,1.0020691110195716,0.17066998079313073,0.05852407444714779,1.2176703197378826,0.11954921730321784,1.0,0.48953958685242294,2.9258218091135797,2.7984438680992962,7136997.3303886475,10742458.4567707,-11783892.01234077,285324.2618000186,5493788.968113085,4561297.403412116,-756109.2937700493,4561297.403412116,9795700.67897973,11617885.169111667,81938643.3466517,81938643.3466517,10563339.666783426,9795700.67897973,9795700.67897973,9795700.67897973,9795700.67897973,9795700.67897973,9795700.67897973,9795700.67897973,0.036703075495184215,0.036313996956366,3500409.9209011374,3466689.780870226,3466689.780870226,3466689.780870226,26653176.83750992,26653176.83750992,167378993.54266727,109983424.42466807,57395569.117999196,57207514.49090373,57207514.49090373,108738373.10044982,125720354.39140183,-58600415.65987291,-58600415.65987291,69888880.99945183,52906899.70849981,0.002788396194863818,-210245.07309273188,77.10525512695312,2022-07-11,0,0,0,1,0,0,0,0,0,0,0,-9.59553112204814,0
77.17581176757812,77.97867279052734,78.51762771606445,84.14046752929687,77.28392224223556,77.8633502274584,79.16955155497968,82.96277758398492,36.157163592657696,28.35236806610106,29.08248540881927,-1.9341060251691857,-2.0642743757762685,0.13016835060708276,34.24691375389586,-60.739501321697645,-87.27045445714882,45.557066301172455,-6.0064034147573775,1.9097073318121172,2.4788609758004267,1.451638512682166,77.80965420030908,77.17581176757812,76.54196933484717,-4.923011779785156,-1.1452201599605478,-0.9110025259164729,64.28571428571429,35.714285714285715,-28.571428571428573,-0.03870802610724419,-0.0008500604570992332,1.018920936113319,0.9992711666810474,0.17066998079313073,0.05852407444714779,1.2176703197378826,0.11954921730321784,1.0,0.48953958685242294,2.9258218091135797,2.7984438680992962,7143069.3712034235,10751597.965051418,-11793917.555288807,285567.0110239421,5498462.994079175,4565178.080778201,-756752.5792134465,4565178.080778201,9804034.701199247,11627769.476147605,82008355.4067347,82008355.4067347,10572326.783721797,9804034.701199247,9804034.701199247,9804034.701199247,9804034.701199247,9804034.701199247,9804034.701199247,9804034.701199247,0.036734301872625275,0.036344892312138076,3503388.012516453,3469639.1839408963,3469639.1839408963,3469639.1839408963,26675852.92524106,26675852.92524106,167521396.85785416,110076996.52665164,57444400.33120253,57256185.710300386,57256185.710300386,108830885.93309261,125827315.21649033,-58650271.936844535,-58650271.936844535,69948341.31844632,52951912.035048604,0.0027907685168248883,-210423.9461685966,77.03971099853516,2022-07-12,0,0,0,1,0,0,0,0,0,0,0,-10.880167451181446,0
77.18767547607422,77.66667709350585,78.36675720214843,83.82204528808593,77.47098925849558,77.86003623901426,79.04341552984025,82.76208525877044,40.39028350335319,45.429947114954054,34.36889011266593,-1.811324832901363,-2.0136844672012875,0.20235963429992454,34.098489332544574,-52.39700248632711,-74.91203087982416,50.01550526405971,-3.853459985648666,1.9084286375926751,2.4515712184798266,1.8918056127399296,77.867309511482,77.18767547607422,76.50804144066643,-3.1199569702148438,-1.2868827954576485,-1.020759386894028,57.142857142857146,28.571428571428573,-28.571428571428573,0.554457726663269,0.010454508227526693,1.0247730760410347,1.0136585700802687,0.17066998079313073,0.05852407444714779,1.2176703197378826,0.11954921730321784,1.0,0.48953958685242294,2.9258218091135797,2.7984438680992962,7069164.730368049,10640358.252160376,-11671893.64712413,282612.4369763712,5441574.013781402,4517945.185663171,-748922.9579873837,4517945.185663171,9702598.802193327,11507464.592883334,81159868.88968253,81159868.88968253,10462941.871838529,9702598.802193327,9702598.802193327,9702598.802193327,9702598.802193327,9702598.802193327,9702598.802193327,9702598.802193327,0.03635423621105139,0.035968855615174516,3467140.760905572,3433741.10926291,3433741.10926291,3433741.10926291,26399855.41955184,26399855.41955184,165788163.1422569,108938102.2404873,56850060.90176958,56663793.61376243,56663793.61376243,107704884.33368133,124525462.74172044,-58043456.147001624,-58043456.147001624,69224631.83537588,52404053.42733676,0.0027618942704509004,-208246.82799199788,77.84512329101562,2022-07-13,0,0,0,1,0,0,0,0,0,0,0,-12.860916980322868,0
77.21015167236328,77.40287246704102,78.32016487121582,83.53974014282227,77.38029736373663,77.73983211814235,78.86774867692391,82.54392166329782,38.201662444197034,47.76020360484748,40.514172928634146,-1.746036356733427,-1.9601548451077153,0.21411848837428837,33.96066665557552,-59.67445711548281,-84.82761507753176,42.45009202992013,-3.304291984530394,1.8617524151636544,2.411630331265961,1.2549615235863882,77.88231150015143,77.21015167236328,76.53799184457513,-2.6380462646484375,-1.4787267613334354,-1.169256161420762,50.0,21.42857142857143,-28.571428571428573,0.33593805879408334,-0.008301222857353463,1.0156517339007458,1.0052439061606804,0.17066998079313073,0.05852407444714779,1.2176703197378826,0.11954921730321784,1.0,0.48953958685242294,2.9258218091135797,2.7984438680992962,7128338.658172225,10729425.605240874,-11769595.683836604,284978.1037248572,5487123.851720433,4555763.5945469225,-755191.9748708716,4555763.5945469225,9783816.44288112,11603790.241669415,81839234.61469434,81839234.61469434,10550524.123852512,9783816.44288112,9783816.44288112,9783816.44288112,9783816.44288112,9783816.44288112,9783816.44288112,9783816.44288112,0.03665854697915209,0.03626994047407274,3496163.1906972257,3462483.960257015,3462483.960257015,3462483.960257015,26620840.95295246,26620840.95295246,167175927.77510285,109849991.50081395,57325936.27428889,57138109.79683387,57138109.79683387,108606450.68456002,125567829.27625675,-58529321.08501795,-58529321.08501795,69804091.15238684,52842712.56069012,0.002785013286402014,-209990.00179471183,77.19891357421875,2022-07-14,0,0,0,1,0,0,0,0,0,0,0,-10.448760976797617,0
77.14833984375,77.29634475708008,78.24452476501465,83.24842666625976,77.1044303185002,77.52398922903053,78.64726749131471,82.30897164622839,36.09529525288519,44.92583570070932,46.03866214017023,-1.7265366681871086,-1.913431209723594,0.18689454153648533,33.97722027299342,-75.50435506511144,-94.74331634234915,40.1528846273564,-1.3724618847141046,1.8250994789192345,2.3841086844058568,1.348611307741777,77.97611406919259,77.14833984375,76.3205656183074,-1.065277099609375,-1.607183107571954,-1.2664819375062564,42.85714285714286,14.285714285714286,-28.571428571428573,-0.8194476086530336,-0.00837080881416985,1.017672984200843,0.9857694123102658,0.17066998079313073,0.05852407444714779,1.2176703197378826,0.11954921730321784,1.0,0.48953958685242294,2.9258218091135797,2.7984438680992962,7188512.320465143,10819997.737672683,-11868948.381563926,287383.7380523953,5533443.24722703,4594220.939683065,-761566.9058388475,4594220.939683065,9866406.243226098,11701743.297606168,82530078.12005582,82530078.12005582,10639586.0646617,9866406.243226098,9866406.243226098,9866406.243226098,9866406.243226098,9866406.243226098,9866406.243226098,9866406.243226098,0.0369679990312854,0.0365761121157594,3525675.9500155225,3491712.4173366027,3491712.4173366027,3491712.4173366027,26845560.003248982,26845560.003248982,168587138.4798456,110777286.99116945,57809851.48867615,57620439.479505256,57620439.479505256,109523248.86148627,126627806.43447746,-59023394.63708831,-59023394.63708831,70393340.34621581,53288782.77322461,0.002808522894602954,-211762.62625306274,76.55269622802734,2022-07-15,0,0,0,1,0,0,0,0,0,0,0,-6.717019229283884,0
76.88985595703124,77.16990814208984,78.17244911193848,82.91024337768555,76.6738987767866,77.21287040436304,78.37732160579515,82.05422121670411,33.79759411752119,19.602190900084494,37.42941006854705,-1.750603716471204,-1.880865711073116,0.1302619946019119,34.27192279813099,-132.14500095978292,-99.19389677457127,38.68749138737449,-1.6403892716207569,1.7636376668169773,2.3263048409775533,0.9646341094876334,78.24754757291663,76.88985595703124,75.53216434114586,-1.2643661499023438,-1.6682240674664368,-1.3097098912948297,100.0,7.142857142857143,-92.85714285714286,-0.708741963201093,-0.009664722095014788,1.0127333265801541,0.9910626425782796,0.17066998079313073,0.05852407444714779,1.2176703197378826,0.11954921730321784,1.0,0.48953958685242294,2.9258218091135797,2.7984438680992962,7258665.303403261,10925590.533906816,-11984777.929624211,290188.32759380655,5587444.344033475,4639056.127942807,-768999.0681235873,4639056.127942807,9962692.901436457,11815941.084478723,83335492.49567774,83335492.49567774,10743418.21607054,9962692.901436457,9962692.901436457,9962692.901436457,9962692.901436457,9962692.901436457,9962692.901436457,9962692.901436457,0.037328771231385116,0.03693305987557537,3560083.1644349266,3525788.1802647496,3525788.1802647496,3525788.1802647496,27107546.910819627,27107546.910819627,170232387.19364312,111858367.02244353,58374020.17119958,58182759.68255821,58182759.68255821,110592090.68385237,127863572.32709466,-59599406.336357065,-59599406.336357065,71080311.80625021,53808830.16300793,0.002835931383303109,-213829.22630105444,75.81283569335938,2022-07-18,0,0,0,1,0,0,0,0,0,0,0,-5.8315034608239555,0
76.83366088867187,77.004736328125,78.16258583068847,82.64710540771485,76.7021777367705,77.13030045024945,78.22317056302782,81.8465551163133,39.13229301110718,18.273890855421296,27.60063915207165,-1.674053358743663,-1.8395032406072254,0.16544988186356235,34.29529346646554,-108.1254397608369,-78.31479860168643,44.779393917186425,-2.1065024619517647,1.7186072656654223,2.2389728686399413,1.1332120506952066,78.18513555760279,76.83366088867187,75.48218621974095,-1.6517181396484375,-1.5331309948290743,-1.2008831317608184,92.85714285714286,0.0,-92.85714285714286,0.5294104447469618,0.012476778565634783,1.0125709179212918,1.0066322884754535,0.17066998079313073,0.05852407444714779,1.2176703197378826,0.11954921730321784,1.0,0.48953958685242294,2.9258218091135797,2.7984438680992962,7169216.575699183,10790954.187991338,-11837089.188951986,286612.3290303144,5518590.1171473265,4581888.914543708,-759522.6719303333,4581888.914543708,9839922.368936203,11670332.924788894,82308546.98093744,82308546.98093744,10611026.784525989,9839922.368936203,9839922.368936203,9839922.368936203,9839922.368936203,9839922.368936203,9839922.368936203,9839922.368936203,0.03686876777980863,0.036477932785676376,3516212.1638764483,3482339.79771832,3482339.79771832,3482339.79771832,26773499.88137269,26773499.88137269,168134608.9090651,110479933.35798979,57654675.551075295,57465771.970578045,57465771.970578045,109229261.3767666,126287906.08732541,-58864961.24957149,-58864961.24957149,70204387.21266174,53145742.50210294,0.0028009841246144362,-211194.2029959285,76.75873565673828,2022-07-19,0,0,0,1,0,0,0,0,0,0,0,-8.659783731529151,0
76.62574768066406,76.90671157836914,78.10704765319824,82.36439193725586,76.73663757483918,77.07125623219983,78.0881597714039,81.64886892551579,39.392636787813906,31.31144043580667,23.0625073971041,-1.5912654201433156,-1.7898556765144433,0.1985902563711277,33.948585830898516,-70.28118700122066,-74.5261918648518,44.89181833812723,-1.2601881548021776,1.6620766507108915,2.164005718075509,0.9271786563019901,77.53994627559955,76.62574768066406,75.71154908572858,-0.9802474975585938,-1.3089528477874963,-1.022657883472931,85.71428571428572,0.0,-85.71428571428572,-0.35353185061883197,0.0006099839169793064,1.0121443269618715,0.9957503828129269,0.17066998079313073,0.05852407444714779,1.2176703197378826,0.11954921730321784,1.0,0.48953958685242294,2.9258218091135797,2.7984438680992962,7164846.13478933,10784375.89214247,-11829873.156586561,286437.60669701116,5515225.918038815,4579095.739788129,-759059.6577470796,4579095.739788129,9833923.833556933,11663218.549053755,82258370.69777486,82258370.69777486,10604558.174592815,9833923.833556933,9833923.833556933,9833923.833556933,9833923.833556933,9833923.833556933,9833923.833556933,9833923.833556933,0.03684629213420644,0.03645569539780142,3514068.6385237873,3480216.921368686,3480216.921368686,3480216.921368686,26757178.432864893,26757178.432864893,168032112.02319485,110412583.45784836,57619528.5653465,57430740.14275074,57430740.14275074,109162673.90135232,126210919.45630987,-58829076.459080696,-58829076.459080696,70161589.77131154,53113344.216353975,0.002799276610902609,-211065.45646205675,76.80555725097656,2022-07-20,0,0,0,1,0,0,0,0,0,0,0,-8.237491032633368,0
76.73251190185547,76.97133178710938,78.10346221923828,82.0819480895996,77.06866994328472,77.19152504092273,78.0543097627155,81.49529503354167,44.45877518088739,63.42846488415831,37.67126539179537,-1.4343061243790913,-1.7187457660873728,0.2844396417082815,33.092505609220765,40.32617539497471,-31.105286786341342,53.314809588852974,0.8382814295410768,1.6249696534556448,2.0904573345340722,1.1425786891374372,77.96039037129563,76.73251190185547,75.50463343241532,0.6462020874023438,-1.229057246674169,-0.9587575961381987,78.57142857142857,0.0,-78.57142857142857,0.7950821722490345,0.012071749263786957,1.0149126177375736,1.0118249571515041,0.17066998079313073,0.05852407444714779,1.2176703197378826,0.11954921730321784,1.0,0.48953958685242294,2.9258218091135797,2.7984438680992962,7079385.56727946,10655742.441173136,-11688769.264819404,283021.0475743197,5449441.62511281,4524477.383267647,-750005.7760719472,4524477.383267647,9716627.146949258,11524102.473503435,81277212.56680883,81277212.56680883,10478069.546261821,9716627.146949258,9716627.146949258,9716627.146949258,9716627.146949258,9716627.146949258,9716627.146949258,9716627.146949258,0.03640679839251476,0.03602086060036796,3472153.67001404,3438705.728027984,3438705.728027984,3438705.728027984,26438025.221362926,26438025.221362926,166027865.26293886,109095608.62475015,56932256.63818872,56745720.0386511,56745720.0386511,107860607.68988039,124705505.85778104,-58127377.33453664,-58127377.33453664,69324719.14402245,52479820.976121806,0.002765887510385397,-208547.91828305894,77.73273468017578,2022-07-21,0,0,0,1,0,0,0,0,0,0,0,-10.94263825644091,0
77.17643127441406,77.16238555908203,78.05628929138183,81.83055145263671,77.63654432579658,77.47893741363139,78.12268912729691,81.38851064363102,49.55065261178181,77.94899879438597,57.562968038116935,-1.2120592117559283,-1.617408455221084,0.40534924346515555,30.817970595943553,224.9054730497375,-16.36361308618514,51.83797295114937,2.485680570919002,1.6252986344666431,2.063287192354245,1.62957538760962,79.18195534463354,77.17643127441406,75.17090720419458,1.9105377197265625,-1.1549388002673304,-0.901224576509918,71.42857142857143,100.0,28.571428571428573,0.04511114298007334,0.013373495927059498,1.0159452600799288,1.0007138317241562,0.17066998079313073,0.05852407444714779,1.2176703197378826,0.11954921730321784,1.0,0.48953958685242294,2.9258218091135797,2.7984438680992962,6985958.874721764,10515118.546123998,-11534512.508762846,279286.017161328,5377525.312251751,4464767.828892685,-740107.9454775192,4464767.828892685,9588396.761906864,11372018.826050801,80204596.71925245,80204596.71925245,10339790.401441494,9588396.761906864,9588396.761906864,9588396.761906864,9588396.761906864,9588396.761906864,9588396.761906864,9588396.761906864,0.03592633766211628,0.035545493093259925,3426331.637811019,3393325.108510135,3393325.108510135,3393325.108510135,26089122.4485566,26089122.4485566,163836794.55821213,107655873.24241863,56180921.3157935,55996846.440846264,55996846.440846264,106437170.62207828,123059766.57076205,-57360269.99735202,-57360269.99735202,68409840.42177111,51787244.47308733,0.002729386076803887,-205795.7101910131,78.77229309082031,2022-07-22,0,0,0,1,0,0,0,0,0,0,0,-12.010401708810653,0
77.85448303222657,77.3721694946289,77.92157173156738,81.58460067749023,78.15872771133834,77.79242051704784,78.22558487540405,81.3028080490738,51.53362168365272,87.02837837707692,76.13528068520702,-0.9897555741968631,-1.4918778790162397,0.5021223048193766,29.064553144983616,220.7123651977984,-20.000034562947803,49.847371285280424,2.7207475703370454,1.622259152158444,2.0482269824930692,1.5827458821518547,79.84984934725422,77.85448303222657,75.85911671719892,2.09783935546875,-0.9844231421603806,-0.7685981163611757,64.28571428571429,100.0,35.714285714285715,0.3372789613156923,0.0054689456749070775,1.0201670017955478,1.0067857106526692,0.17066998079313073,0.05852407444714779,1.2176703197378826,0.11954921730321784,1.0,0.48953958685242294,2.9258218091135797,2.7984438680992962,6947960.854258442,10457924.72393652,-11471773.99996224,277766.924938553,5348275.881998684,4440483.068222232,-736082.3510871655,4440483.068222232,9536243.56391314,11310164.152725264,79768347.95769474,79768347.95769474,10283550.223921686,9536243.56391314,9536243.56391314,9536243.56391314,9536243.56391314,9536243.56391314,9536243.56391314,9536243.56391314,0.03573092716255023,0.03535215408308857,3407695.13822343,3374868.138003419,3374868.138003419,3374868.138003419,25947218.52005547,25947218.52005547,162945653.63054442,107070311.52529141,55875342.10525302,55692268.45017988,55692268.45017988,105858237.6710141,122390420.01258415,-57048276.074652635,-57048276.074652635,68037745.68676703,51505563.34519696,0.0027145404028085865,-204676.3463717674,79.20309448242188,2022-07-25,0,0,0,1,0,0,0,0,0,0,0,-11.32422812231368,0
78.39580535888672,77.6147331237793,77.79670295715331,81.34892929077148,78.59426757090525,78.09658902122807,78.34365748632167,81.23075076440577,52.75115079895026,82.12222906809012,82.3665354131843,-0.783386339898243,-1.3501795711926403,0.5667932312943973,27.109692177759317,150.29645157668833,-13.912546695278573,59.64578043770982,3.148553207254401,1.6361612326884372,2.0589619104244816,1.8168882795783503,80.37690211643223,78.39580535888672,76.4147086013412,2.4256362915039062,-0.8145626271512307,-0.6366705283140561,57.142857142857146,92.85714285714286,35.714285714285715,0.6133986156992246,0.0033111434512875793,1.0233622642102296,1.014224178339962,0.17066998079313073,0.05852407444714779,1.2176703197378826,0.11954921730321784,1.0,0.48953958685242294,2.9258218091135797,2.7984438680992962,6925031.082938208,10423411.313824674,-11433914.668285763,276850.2340989289,5330625.416559377,4425828.515117877,-733653.1203621615,4425828.515117877,9504771.900678227,11272838.168446386,79505095.1824374,79505095.1824374,10249612.287318295,9504771.900678227,9504771.900678227,9504771.900678227,9504771.900678227,9504771.900678227,9504771.900678227,9504771.900678227,0.03561300738636222,0.035235484339863676,3396449.0083318595,3363730.344301986,3363730.344301986,3363730.344301986,25861587.095304944,25861587.095304944,162407897.78336167,106716956.37405212,55690941.409309536,55508471.936835244,55508471.936835244,105508882.6252568,121986505.19476305,-56860004.443300016,-56860004.443300016,67813206.43237764,51335583.862871386,0.0027055818332395324,-204000.87022626074,79.46534729003906,2022-07-26,0,0,0,1,0,0,0,0,0,0,0,-11.52210676170797,0
79.03078155517578,77.82826461791993,77.74747085571289,81.07880737304687,79.05632445807746,78.43910705962695,78.49954136690265,81.1817189004064,55.135084075517305,85.73467527013115,84.96176090509935,-0.5716836869682282,-1.194480394347758,0.6227967073795297,25.507749362012365,143.26293942407995,-4.449132619839647,67.90311341311487,2.743029815013087,1.664456006980157,2.0810788784918564,2.0322880727725163,80.54659919680809,79.03078155517578,77.51496391354347,2.13531494140625,-0.6558684136604469,-0.5133964342948616,50.0,100.0,50.0,0.33179807753159063,0.006481956726405391,1.026006688703888,1.0085026124009013,0.17066998079313073,0.05852407444714779,1.2176703197378826,0.11954921730321784,1.0,0.48953958685242294,2.9258218091135797,2.7984438680992962,6880432.417747412,10356282.33985132,-11360277.838933852,275067.2600226114,5296295.061162645,4397325.243179657,-728928.2390599203,4397325.243179657,9443559.1588672,11200238.705829786,78993065.54985712,78993065.54985712,10183602.61584349,9443559.1588672,9443559.1588672,9443559.1588672,9443559.1588672,9443559.1588672,9443559.1588672,9443559.1588672,0.03538365208472683,0.03500856036651418,3374575.158186492,3342067.209274729,3342067.209274729,3342067.209274729,25695033.003294032,25695033.003294032,161361956.5636281,106029676.59862508,55332279.965003036,55150985.63453359,55150985.63453359,104829383.10034458,121200886.29459947,-56493813.98573489,-56493813.98573489,67376475.03681129,51004971.84255641,0.002688157313857339,-202687.06146484337,79.98043823242188,2022-07-27,0,0,0,1,0,0,0,0,0,0,0,-14.32817816246114,0
79.87928619384766,78.30589904785157,77.8543857574463,80.83608871459961,80.02930226323002,79.08204357124663,78.83056198658194,81.21283807582321,62.934723276695195,92.12943374365476,86.66211269395863,-0.24017395974659905,-1.0036191074275262,0.7634451476809272,25.227419076931934,192.92817581981,-1.3373552835837619,71.97164333828788,6.1870615507100934,1.7087918247772043,2.0845214386679833,2.285157456138819,82.11666741193108,79.87928619384766,77.64190497576425,4.776344299316406,-0.32921384013723687,-0.25821382571490403,42.85714285714286,100.0,57.142857142857146,0.85655501913601,0.024941344223650797,1.0286452504421744,1.0244615669261472,0.17066998079313073,0.05852407444714779,1.2176703197378826,0.11954921730321784,1.0,0.48953958685242294,2.9258218091135797,2.7984438680992962,6713001.145406077,10104268.305905603,-11083832.16557507,268373.66018341575,5167412.838804314,4290318.922113969,-711190.1994860517,4290318.922113969,9213755.706206087,10927687.490559265,77070815.8033092,77070815.8033092,9935790.641324095,9213755.706206087,9213755.706206087,9213755.706206087,9213755.706206087,9213755.706206087,9213755.706206087,9213755.706206087,0.034522611741775754,0.034156647659707454,3292456.8583410867,3260739.9712285013,3260739.9712285013,3260739.9712285013,25069759.501951713,25069759.501951713,157435308.34523305,103449506.83879185,53985801.5064412,53808918.86677486,53808918.86677486,102278421.77617331,118251534.07818078,-55119070.28057935,-55119070.28057935,65736908.181654125,49763795.879646644,0.0026227425881561084,-197754.7911469706,81.97525787353516,2022-07-28,0,0,0,1,0,0,0,0,0,0,0,-15.207199184785821,0
80.48616485595703,78.83129806518555,78.0638214111328,80.5886930847168,80.62176364260908,79.57743317672309,79.11400240703767,81.23612624545238,61.95454304233077,94.47893672811888,90.78101524730154,0.008845611775427642,-0.8011261635869354,0.8099717753623631,25.050976439250405,162.53513725712924,-6.240934612457727,72.97508376720624,6.863233344113429,1.6623271642696384,2.0320186984640625,1.0582865776712822,82.83653038854617,80.48616485595703,78.13579932336789,5.253990173339844,-0.1043627766614736,-0.0820159912109375,35.714285714285715,100.0,64.28571428571429,0.32743010309836074,-0.002056370135828378,1.013040937490122,1.004253795158747,0.17066998079313073,0.05852407444714779,1.2176703197378826,0.11954921730321784,1.0,0.48953958685242294,2.9258218091135797,2.7984438680992962,6726834.005964617,10125089.23703524,-11106671.593348084,268926.67296242336,5178060.848494661,4299159.585494741,-712655.683350422,4299159.585494741,9232741.640387198,10950205.165442675,77229628.50496793,77229628.50496793,9956264.406113239,9232741.640387198,9232741.640387198,9232741.640387198,9232741.640387198,9232741.640387198,9232741.640387198,9232741.640387198,0.034593749294711734,0.03422703110430843,3299241.3196617304,3267459.076493444,3267459.076493444,3267459.076493444,25121418.436594374,25121418.436594374,157759720.7235656,103662675.66923814,54097045.05432748,53919797.92896588,53919797.92896588,102489177.45994756,118495204.07708378,-55232649.050609715,-55232649.050609715,65872366.148177594,49866339.531041354,0.002628147031223683,-198162.2861542657,81.80668640136719,2022-07-29,0,0,0,1,0,0,0,0,0,0,0,-14.273010769996661,0
81.07805938720703,79.4662712097168,78.31808967590332,80.52295028686524,81.13536480796334,80.04745753344105,79.40434190528855,81.27245726087276,63.255644991417924,94.50652783286564,93.70496610154636,0.23223495754747603,-0.5944539393600531,0.8266888969075291,25.00680165750442,139.5961504060876,-3.7974258206695515,72.83288767939649,8.375536130841077,1.6165055132174095,1.9674476705299544,1.020824049538433,83.32619319468465,81.07805938720703,78.82992557972942,6.3497314453125,0.30186701720653136,0.23751351772210683,28.571428571428573,100.0,71.42857142857143,0.7431265223843009,0.004350264666125536,1.0125416671494842,1.0093189738271036,0.17066998079313073,0.05852407444714779,1.2176703197378826,0.11954921730321784,1.0,0.48953958685242294,2.9258218091135797,2.7984438680992962,6697697.25027235,10081233.204435013,-11058563.913497107,267761.83809920354,5155632.482673756,4280538.111794995,-709568.8709628894,4280538.111794995,9192750.741651293,10902775.207693933,76895114.40577082,76895114.40577082,9913139.625071919,9192750.741651293,9192750.741651293,9192750.741651293,9192750.741651293,9192750.741651293,9192750.741651293,9192750.741651293,0.034443909173670274,0.034078779394444085,3284950.9137715925,3253306.3329053232,3253306.3329053232,3253306.3329053232,25012606.97625787,25012606.97625787,157076396.82457733,103213668.89239435,53862727.93218297,53686248.53889031,53686248.53889031,102045253.59887056,117981951.36282952,-54993413.14852006,-54993413.14852006,65587045.14313582,49650347.37917686,0.002616763417787671,-197303.9617011904,82.16256713867188,2022-08-01,0,0,0,1,0,0,0,0,0,0,0,-12.776812268158524,0
81.73737945556641,80.06659240722657,78.53566436767578,80.51040512084961,81.67755908258754,80.54100118769466,79.72411387924544,81.33086864796935,65.40172437881935,91.707028702318,93.56416442110077,0.45242237653812367,-0.38507867618041774,0.8375010527185414,25.455599047658655,133.20266509686888,-7.080750444604565,72.84965104780503,7.8208843902064284,1.6207840864439451,1.9583687102845317,1.6764055383889058,83.60901116500933,81.73737945556641,79.86574774612349,6.003211975097656,0.916856111965908,0.7217010595859534,21.42857142857143,100.0,78.57142857142857,0.10055877827455857,0.007295055571382658,1.0205393102029472,1.0020410511417706,0.17066998079313073,0.05852407444714779,1.2176703197378826,0.11954921730321784,1.0,0.48953958685242294,2.9258218091135797,2.7984438680992962,6649191.032187802,10008222.663930867,-10978475.325905573,265822.6471163577,5118294.2417495055,4249537.499582863,-704430.014858348,4249537.499582863,9126174.789408408,10823814.876674237,76338222.82801983,76338222.82801983,9841346.455779776,9126174.789408408,9126174.789408408,9126174.789408408,9126174.789408408,9126174.789408408,9126174.789408408,9126174.789408408,0.03419445869724056,0.033831973269354616,3261160.566213861,3229745.162463746,3229745.162463746,3229745.162463746,24831460.094946668,24831460.094946668,155938814.50701314,102466172.47003855,53472642.036974594,53297440.74682972,53297440.74682972,101306219.10080354,117127499.7432653,-54595138.57866139,-54595138.57866139,65112049.1263922,49290768.48393044,0.0025978122331825866,-195875.04238196704,82.76194763183594,2022-08-02,0,0,0,1,0,0,0,0,0,0,0,-13.101388358570155,0
82.30117340087891,80.66597747802734,78.78634452819824,80.48220001220703,82.05150870805315,80.95162060065643,80.01699902969676,81.3884584248719,65.53719944319334,90.03235143574288,92.08196932364211,0.6227663647900528,-0.18350966798632365,0.8062760327763764,25.872339481373302,111.94298594413817,-6.58387172498463,76.31622930118468,7.80392841682247,1.5652199690490998,1.8903757981270217,0.8428864429161109,83.11628104352313,82.30117340087891,81.48606575823469,5.9938507080078125,1.6149646738896777,1.271735215798401,14.285714285714286,92.85714285714286,78.57142857142857,0.07778578391895387,0.00045262742383833654,1.0102681290383455,1.0007924759692197,0.17066998079313073,0.05852407444714779,1.2176703197378826,0.11954921730321784,1.0,0.48953958685242294,2.9258218091135797,2.7984438680992962,6646182.787594295,10003694.717362083,-10973508.415061196,265702.3829312638,5115978.609531062,4247614.9125875225,-704111.3147678492,4247614.9125875225,9122045.90127198,10818917.93771937,76303685.6873378,76303685.6873378,9836894.00778646,9122045.90127198,9122045.90127198,9122045.90127198,9122045.90127198,9122045.90127198,9122045.90127198,9122045.90127198,0.034178988349794395,0.03381666691852449,3259685.143324914,3228283.9526148555,3228283.9526148555,3228283.9526148555,24820225.78009274,24820225.78009274,155868264.25610477,102419814.45327257,53448449.802832186,53273327.777718395,53273327.777718395,101260385.87320888,117074508.610036,-54570438.50166466,-54570438.50166466,65082590.96090884,49268468.22408171,0.0025966369241009874,-195786.42407721444,82.79940795898438,2022-08-03,0,0,0,1,0,0,0,0,0,0,0,-11.75370995783163,0
82.44352569580079,81.16140594482422,79.0663688659668,80.42750595092774,82.26334558808361,81.26714764565426,80.27128667907274,81.4393823826473,64.71841756410744,82.38529860701482,88.04155958169184,0.7401642286265542,0.001225111336251921,0.7389391172903023,26.454534174011823,98.13387288387659,-8.074609081139673,72.8843542385667,6.37348562140867,1.5149624043189591,1.8321647294364036,0.8616140628271296,83.22931746011632,82.44352569580079,81.65773393148525,4.95428466796875,2.156404224040471,1.6995304303291618,7.142857142857143,85.71428571428572,78.57142857142857,-0.10869420994146432,-0.0013573600779309691,1.0104545246471057,0.9988686675550219,0.17066998079313073,0.05852407444714779,1.2176703197378826,0.11954921730321784,1.0,0.48953958685242294,2.9258218091135797,2.7984438680992962,6655216.312526913,10017291.7893259,-10988423.662660282,266063.52694092697,5122932.273280757,4253388.292051091,-705068.3463934564,4253388.292051091,9134444.631749187,10833623.06516738,76407398.03909466,76407398.03909466,9850264.363390394,9134444.631749187,9134444.631749187,9134444.631749187,9134444.631749187,9134444.631749187,9134444.631749187,9134444.631749187,0.034225444601946514,0.03386263070157252,3264115.7236980083,3232671.8523322623,3232671.8523322623,3232671.8523322623,24853961.555286318,24853961.555286318,156080121.1815552,102559023.97805195,53521097.20350328,53345737.15165585,53345737.15165585,101398019.49685517,117233636.86851197,-54644610.91499474,-54644610.91499474,65171051.544512145,49335434.17285533,0.0026001662860136044,-196052.53796542576,82.68701934814453,2022-08-04,0,0,0,1,0,0,0,0,0,0,0,-9.835030655696698,0
82.62708740234375,81.55662612915039,79.35950584411621,80.33458923339843,82.41706203674975,81.53211987991385,80.5049255605022,81.48977895329179,64.87599541771317,75.82356417988025,82.74707140754593,0.8266971974207848,0.1663195285531585,0.6603776688676264,26.04656074884686,71.7962384977667,-7.8203909107933995,74.32542581199726,5.017248690101028,1.4950530357420118,1.807267650208473,1.2362312442416936,83.09761119257853,82.62708740234375,82.15656361210897,3.9522018432617188,2.6376137449996007,2.0817161951309515,0.0,78.57142857142857,78.57142857142857,0.37121636852295226,0.00045322211675946633,1.0151636949861953,1.0055783869944526,0.17066998079313073,0.05852407444714779,1.2176703197378826,0.11954921730321784,1.0,0.48953958685242294,2.9258218091135797,2.7984438680992962,6652201.387732855,10012753.787859574,-10983445.722140782,265942.99569348135,5120611.498898123,4251461.435699882,-704748.9385877256,4251461.435699882,9130306.574876659,10828715.251919119,76372784.20417482,76372784.20417482,9845802.028153999,9130306.574876659,9130306.574876659,9130306.574876659,9130306.574876659,9130306.574876659,9130306.574876659,9130306.574876659,0.03420993990057056,0.03384729036098854,3262637.0244395738,3231207.3976757987,3231207.3976757987,3231207.3976757987,24842702.29316698,24842702.29316698,156009414.26458782,102512563.01724683,53496851.24734099,53321570.63654302,53321570.63654302,101352084.49058436,117180528.06154093,-54619855.98824665,-54619855.98824665,65141527.96331966,49313084.39236309,0.002598988367004477,-195963.7228721376,82.72449493408203,2022-08-05,0,0,0,1,0,0,0,0,0,0,0,-10.513097783657733,0
82.89868469238282,81.98837203979492,79.68027076721191,80.26318756103515,82.78489255412224,81.89365328154173,80.7921282298703,81.56941717429474,68.13198806798614,75.1416252641824,77.78349601702575,0.9485758867732557,0.32277080019717796,0.6258050865760777,26.35004312871165,97.48578936804601,-5.08048757526758,70.43076241154542,5.451124270660301,1.4725518155858832,1.7631011197968953,1.1800359535562137,83.52505078838969,82.89868469238282,82.27231859637594,4.3174591064453125,2.952590403774498,2.337012119782287,0.0,100.0,100.0,0.3775554690541044,0.009623010154603984,1.011059651515504,1.004166228541307,0.17066998079313073,0.05852407444714779,1.2176703197378826,0.11954921730321784,1.0,0.48953958685242294,2.9258218091135797,2.7984438680992962,6588797.324175685,9917319.32330496,-10878759.310823236,263408.2157584319,5071805.463421443,4210939.521920023,-698031.7717598445,4210939.521920023,9043282.971015617,10725503.621654695,75644853.01546349,75644853.01546349,9751958.829312246,9043282.971015617,9043282.971015617,9043282.971015617,9043282.971015617,9043282.971015617,9043282.971015617,9043282.971015617,0.03388387502710737,0.0335246820056186,3231539.8833273076,3200409.8214649474,3200409.8214649474,3200409.8214649474,24605919.282052424,24605919.282052424,154522443.22432593,101535486.00437409,52986957.21995183,52813347.25956559,52813347.25956559,100386068.33561002,116063646.41352323,-54099258.27649539,-54099258.27649539,64520645.13995626,48843067.06204305,0.002574216654002857,-194095.93571181543,83.52055358886719,2022-08-08,0,0,0,1,0,0,0,0,0,0,0,-11.422384853267582,0
83.26393432617188,82.50065689086914,80.05769500732421,80.24017684936524,83.38599363634191,82.38357010322164,81.15365847471897,81.68780064984323,71.89494449488959,81.46370607689306,77.47629850698517,1.1184229464838893,0.48190122945452024,0.6365217170293691,27.140704476892584,121.79385505300522,-3.8418517124994533,72.00365894118936,6.446644588419659,1.4663744832843018,1.7335450524773557,1.386069163363743,84.72246300797205,83.26393432617188,81.8054056443717,5.1228485107421875,3.188295708688023,2.532786295964172,0.0,100.0,100.0,0.2601616434787493,0.012782987732212314,1.0137538113914375,1.0035555521647135,0.17066998079313073,0.05852407444714779,1.2176703197378826,0.11954921730321784,1.0,0.48953958685242294,2.9258218091135797,2.7984438680992962,6505635.86077713,9792146.435547333,-10741451.46847556,260083.57066526782,5007790.933354883,4157790.5364988493,-689221.4622629597,4157790.5364988493,8929141.860158036,10590130.118270313,74690090.50482252,74690090.50482252,9628873.063071968,8929141.860158036,8929141.860158036,8929141.860158036,8929141.860158036,8929141.860158036,8929141.860158036,8929141.860158036,0.03345620477194127,0.03310154535739772,3190752.5328434445,3160015.3835830037,3160015.3835830037,3160015.3835830037,24295352.09428145,24295352.09428145,152572115.74053696,100253941.10512139,52318174.63541558,52146755.9183862,52146755.9183862,99119030.97858204,114598732.2253594,-53416436.622452095,-53416436.622452095,63706288.43640887,48226587.18963152,0.0025417258042287534,-191646.12563884803,84.58819580078125,2022-08-09,0,0,0,1,0,0,0,0,0,0,0,-14.05386274409352,0
83.52616882324219,82.91367111206054,80.37096786499023,80.18933975219727,83.62752257233991,82.69757198342424,81.43527009087296,81.78281162217627,68.02520856998903,81.20430071804823,79.26987735304117,1.20064807370332,0.6256505983042803,0.5749974753990398,28.043052928934305,111.99034893143352,-15.375042492809916,66.19957865804324,5.163940462431493,1.4827144208118581,1.7628155851250045,1.6951336086700906,85.0271878480024,83.52616882324219,82.02514979848198,4.1301422119140625,3.417686990321203,2.722507819151275,0.0,100.0,100.0,-0.6685086831900152,-0.005646359423130076,1.0202846295024048,0.9867062279817737,0.17066998079313073,0.05852407444714779,1.2176703197378826,0.11954921730321784,1.0,0.48953958685242294,2.9258218091135797,2.7984438680992962,6542577.6054914575,9847750.373666316,-10802445.961020421,261560.43489153564,5036227.28272975,4181400.2250615037,-693135.1524625694,4181400.2250615037,8979845.294253495,10650265.344356256,75114212.34551059,75114212.34551059,9683549.866107816,8979845.294253495,8979845.294253495,8979845.294253495,8979845.294253495,8979845.294253495,8979845.294253495,8979845.294253495,0.03364618321559299,0.033289509895286354,3208870.9716920666,3177959.283932158,3177959.283932158,3177959.283932158,24433311.352072496,24433311.352072496,153438484.57378092,100823225.27321316,52615259.30056777,52442867.1957529,52442867.1957529,99681870.64823192,115249472.16854905,-53719757.68245066,-53719757.68245066,64068039.61561397,48500438.09529684,0.0025561587955309165,-192734.3731830311,84.11058044433594,2022-08-10,0,0,0,1,0,0,0,0,0,0,0,-14.091841638410013,0
83.77716217041015,83.11034393310547,80.70812149047852,80.13923309326172,83.73234374288806,82.923829092617,81.67400494735976,81.86748513048246,66.66123554996784,74.80523457916844,79.15774712470318,1.2379377477793554,0.7481080281992953,0.48982971958006005,28.880947920115897,100.6842014469057,-17.625273607410563,60.44350762027745,2.3991729473828993,1.4704602478362243,1.7517577513177036,1.3111559991529873,85.03257174247213,83.77716217041015,82.52175259834817,1.9667282104492188,3.578126221895847,2.8587848467704475,14.285714285714286,92.85714285714286,78.57142857142857,-0.4357142467888373,-0.0020044370097188624,1.0156564700799235,0.9932402413032806,0.17066998079313073,0.05852407444714779,1.2176703197378826,0.11954921730321784,1.0,0.48953958685242294,2.9258218091135797,2.7984438680992962,6555718.129535583,9867529.214418178,-10824142.272389662,262085.76930725574,5046342.35811607,4189798.4120619018,-694527.2886642277,4189798.4120619018,8997880.979898648,10671656.006610895,75265076.45028687,75265076.45028687,9702998.91624079,8997880.979898648,8997880.979898648,8997880.979898648,8997880.979898648,8997880.979898648,8997880.979898648,8997880.979898648,0.033713760324524264,0.03335637063910527,3215315.8698194693,3184342.097083157,3184342.097083157,3184342.097083157,24482384.750151876,24482384.750151876,153746660.06934458,101025724.9752873,52720935.094057284,52548196.74610478,52548196.74610478,99882077.98194656,115480946.45153385,-53827651.819904745,-53827651.819904745,64196717.8928609,48597849.42327359,0.0025612927455027266,-193121.47301090558,83.94198608398438,2022-08-11,0,0,0,1,0,0,0,0,0,0,0,-11.38487048877504,0
84.21546173095703,83.4212745666504,81.12628631591797,80.14590103149413,84.12689340753084,83.28604066428962,81.98276568921277,81.98703444837791,70.3589475403041,72.86907050098598,76.29286859940082,1.3307442881186233,0.8646352801831609,0.4661090079354624,29.60201962595071,104.73066815208668,-4.625194177349408,63.086747570285254,3.800797309151549,1.4557363923059021,1.714325353078925,1.2643262704117149,85.19458816474969,84.21546173095703,83.23633529716437,3.1093063354492188,3.7020558728430983,2.96894797300682,7.142857142857143,85.71428571428572,78.57142857142857,0.36296179081871727,0.011603331041721177,1.015105722643303,1.0054335535829602,0.17066998079313073,0.05852407444714779,1.2176703197378826,0.11954921730321784,1.0,0.48953958685242294,2.9258218091135797,2.7984438680992962,6480522.481855299,9754346.305144003,-10699986.783597536,259079.5831379549,4988459.60987444,4141740.4268008517,-686560.8953155804,4141740.4268008517,8894673.142913515,10549249.571589999,74401768.10487661,74401768.10487661,9591703.208656806,8894673.142913515,8894673.142913515,8894673.142913515,8894673.142913515,8894673.142913515,8894673.142913515,8894673.142913515,0.03332705546729147,0.032973765126648805,3178435.431315183,3147816.935126152,3147816.935126152,3147816.935126152,24201565.968491413,24201565.968491413,151983149.2755372,99866935.85839994,52116213.41713724,51945456.41915996,51945456.41915996,98736406.76834342,114156352.50292698,-53210235.8386607,-53210235.8386607,63460366.25517324,48040420.52058969,0.0025319141079391044,-190906.32373860848,84.9159927368164,2022-08-12,0,0,0,1,0,0,0,0,0,0,0,-11.381406956571585,0
84.7155746459961,83.80712966918945,81.63670043945312,80.16795837402344,84.75830165970807,83.78332748243014,82.36737068681751,82.14523380977731,73.8965987480079,81.91928618543251,76.53119708852891,1.4764489416904638,0.9869980124846215,0.4894509292058423,30.844123971340373,138.18050339177955,-1.175070186706608,67.95255926724556,4.696239613446185,1.4614640507523404,1.6989596065991435,1.5359236105560399,86.19213657323508,84.7155746459961,83.23901271875712,3.858551025390625,3.6670837629164064,2.9538198128724673,0.0,100.0,100.0,0.7073149173326821,0.013014337954821542,1.0181596659725785,1.0127907818005,0.17066998079313073,0.05852407444714779,1.2176703197378826,0.11954921730321784,1.0,0.48953958685242294,2.9258218091135797,2.7984438680992962,6397266.296288413,9629030.843568403,-10562522.545534529,255751.15122359636,4924372.166287065,4088530.903879038,-677740.5507425304,4088530.903879038,8780402.023599196,10413721.87573171,73445918.1052527,73445918.1052527,9468477.245861625,8780402.023599196,8780402.023599196,8780402.023599196,8780402.023599196,8780402.023599196,8780402.023599196,8780402.023599196,0.03289889808921717,0.03255014651936681,3137601.6234203936,3107376.487366696,3107376.487366696,3107376.487366696,23890645.039982405,23890645.039982405,150030600.33915862,98583931.26006655,51446669.07909208,51278105.82033107,51278105.82033107,97467926.23654541,112689769.75528073,-52526636.440395355,-52526636.440395355,62645081.98698709,47423238.46825177,0.002499386250594237,-188453.72329480547,86.0211181640625,2022-08-15,0,0,0,1,0,0,0,0,0,0,0,-11.68822771876796,0
85.11829071044922,84.19111251831055,82.12885246276855,80.22456436157226,85.37279314748767,84.295772689815,82.77064739502983,82.32000017500357,75.54791688225502,89.24255479955701,81.34363716199177,1.6200996733629864,1.1136183446602945,0.5064813287026919,32.39502549441965,159.9533029889623,-6.418473718081958,64.89813324305105,4.639606245484096,1.4467142023643018,1.6705364106028946,1.2549661733198008,87.207486422717,85.11829071044922,83.02909499818144,3.8398284912109375,3.692970185307872,2.9881598154703823,0.0,100.0,100.0,0.6268667763626122,0.0067501791580635295,1.0146240751658995,1.0091673468565319,0.17066998079313073,0.05852407444714779,1.2176703197378826,0.11954921730321784,1.0,0.48953958685242294,2.9258218091135797,2.7984438680992962,6354373.139161883,9564468.964506248,-10491701.679524781,254036.3602790504,4891354.646100261,4061117.632279183,-673196.3547394836,4061117.632279183,8721530.132671217,10343898.706271516,72953469.11850056,72953469.11850056,9404991.865787432,8721530.132671217,8721530.132671217,8721530.132671217,8721530.132671217,8721530.132671217,8721530.132671217,8721530.132671217,0.032678313617714214,0.03233190039915187,3116564.256332532,3086541.7773904623,3086541.7773904623,3086541.7773904623,23730460.18224893,23730460.18224893,149024657.2040622,97922933.91247414,51101723.29158807,50934290.235949606,50934290.235949606,96814411.61307465,111934193.89259231,-52174449.558402784,-52174449.558402784,62225051.73962485,47105269.46010719,0.002482628066363447,-187190.1562038039,86.60177612304688,2022-08-16,0,0,0,1,0,0,0,0,0,0,0,-13.899978398508406,0
85.63713073730469,84.58164978027344,82.62381362915039,80.28546829223633,85.81678895786287,84.73377412414196,83.1453267458473,82.49195234769415,75.83989664406262,90.46145022945802,87.20776373814913,1.7224007482129906,1.2353748253708337,0.48702592284215696,33.84637347990823,144.18815770362613,-6.614154628978863,62.36114617369645,4.716667323954149,1.388866530260382,1.6018338562094943,0.6368467929094237,87.75588861100684,85.63713073730469,83.51837286360254,3.9053726196289062,3.684427979275874,2.9949441567445376,0.0,100.0,100.0,0.19118356539397874,0.0011894034993007452,1.0073656879053683,1.0014062183569923,0.17066998079313073,0.05852407444714779,1.2176703197378826,0.11954921730321784,1.0,0.48953958685242294,2.9258218091135797,2.7984438680992962,6346824.20424391,9553106.466246102,-10479237.637608606,253734.56749657643,4885543.763252262,4056293.063115724,-672396.6038659276,4056293.063115724,8711169.037734736,10331610.252883326,72866801.09030092,72866801.09030092,9393818.82480541,8711169.037734736,8711169.037734736,8711169.037734736,8711169.037734736,8711169.037734736,8711169.037734736,8711169.037734736,0.032639492091605056,0.03229349040865518,3112861.807605726,3082874.9950834033,3082874.9950834033,3082874.9950834033,23702268.621009737,23702268.621009737,148847617.32715073,97806602.39732805,51041014.929822676,50873780.783063576,50873780.783063576,96699397.01188844,111801217.1337074,-52112466.80802413,-52112466.80802413,62151128.96934323,47049308.84752426,0.0024796787278074514,-186967.77607668182,86.70478057861328,2022-08-17,0,0,0,1,0,0,0,0,0,0,0,-11.125164535496243,0
86.09416351318359,84.93566284179687,83.04853439331055,80.33831146240234,85.95357595970155,85.00529700400322,83.43883371894555,82.63843068556415,71.57212079296917,83.14697466228768,87.61699323043418,1.7448210768863106,1.3372640756739291,0.4075570012123815,34.12842030791449,107.76389892607176,-15.27093216741764,58.66098911410208,4.2813619878218745,1.3960256108371796,1.6190093392047382,1.4890936583355483,87.37217170080709,86.09416351318359,84.81615532556009,3.540130615234375,3.628678139817751,2.9613253764617156,0.0,100.0,100.0,-0.3459146657453775,-0.005508699889982593,1.017394117429072,0.994061724946579,0.17066998079313073,0.05852407444714779,1.2176703197378826,0.11954921730321784,1.0,0.48953958685242294,2.9258218091135797,2.7984438680992962,6381980.62018419,9606023.164998299,-10537284.374885252,255140.05750327487,4912605.834472147,4078761.7374500805,-676121.1523836784,4078761.7374500805,8759422.065101068,10388839.25051971,73270425.87727001,73270425.87727001,9445853.195262948,8759422.065101068,8759422.065101068,8759422.065101068,8759422.065101068,8759422.065101068,8759422.065101068,8759422.065101068,0.032820289215194,0.032472370954962256,3130104.6145515405,3099951.6986647896,3099951.6986647896,3099951.6986647896,23833560.55340819,23833560.55340819,149672116.0966257,98348374.07477373,51323742.02185195,51155581.529406615,51155581.529406615,97235035.64203216,112420507.97361344,-52401128.90103623,-52401128.90103623,62495397.35789307,47309925.0263118,0.002493414198327459,-188003.43055389042,86.2271499633789,2022-08-18,0,0,0,1,0,0,0,0,0,0,0,-8.547717144761995,0
86.3020736694336,85.2587677001953,83.40769691467285,80.38926544189454,85.95423181248984,85.17806909746926,83.67852036648087,82.7685135417407,69.18779308492972,72.48541683203096,82.03128057459217,1.7208362495611595,1.4139785104513751,0.3068577391097844,34.15700425771101,77.03787797294535,-20.504395377923167,61.26647116617151,3.9057942711635762,1.365212432819144,1.5882773547144162,0.9646411185846802,86.90647560121958,86.3020736694336,85.69767173764761,3.231048583984375,3.5237265809520593,2.8875432136731263,0.0,92.85714285714286,92.85714285714286,-0.2718417836376509,-0.0031498947306950464,1.0112939302977824,0.9969585185018208,0.17066998079313073,0.05852407444714779,1.2176703197378826,0.11954921730321784,1.0,0.48953958685242294,2.9258218091135797,2.7984438680992962,6402146.7083660085,9636376.737306133,-10570580.590989197,255946.2612830314,4928128.921795095,4091650.004238279,-678257.5924000331,4091650.004238279,8787100.506685164,10421666.402606342,73501949.2800029,73501949.2800029,9475700.654825225,8787100.506685164,8787100.506685164,8787100.506685164,8787100.506685164,8787100.506685164,8787100.506685164,8787100.506685164,0.032923996337771766,0.032574978708749446,3139995.269104099,3109747.0745888315,3109747.0745888315,3109747.0745888315,23908870.980125356,23908870.980125356,150145057.22120667,98659139.97993141,51485917.24127524,51317225.38724779,51317225.38724779,97542283.56706001,112775739.68178734,-52566708.49914768,-52566708.49914768,62692873.3091818,47459417.19445447,0.0025012930079932614,-188597.4928026919,85.9555435180664,2022-08-19,0,0,0,1,0,0,0,0,0,0,0,-9.375792458348368,0
86.0192367553711,85.36740570068359,83.67788887023926,80.45240585327149,85.50513240624322,85.07422627861122,83.76694067383983,82.84060844574107,58.72646378333797,48.01408432805841,67.88215860745896,1.5748526302063937,1.446153334402379,0.12869929580401474,32.846262720450106,14.679048923687029,-44.705971070009305,59.363778533891164,1.300733721462799,1.395467064182515,1.6493530788895057,1.7887772719063406,87.5295234564565,86.0192367553711,84.50895005428569,1.0863800048828125,3.3283581901243213,2.737757707253479,21.42857142857143,85.71428571428572,64.28571428571429,-0.7388917852404773,-0.015689621275362553,1.0200288791293235,0.9854914164108138,0.17066998079313073,0.05852407444714779,1.2176703197378826,0.11954921730321784,1.0,0.48953958685242294,2.9258218091135797,2.7984438680992962,6504195.065647093,9789977.780983984,-10739072.572500361,260025.9702784591,5006681.864088876,4156869.71576973,-689068.8212379166,4156869.71576973,8927164.334150916,10587784.735247439,74673548.98283076,74673548.98283076,9626740.568460539,8927164.334150916,8927164.334150916,8927164.334150916,8927164.334150916,8927164.334150916,8927164.334150916,8927164.334150916,0.03344879526763815,0.03309421439907661,3190045.880825278,3159315.538883278,3159315.538883278,3159315.538883278,24289971.432693694,24289971.432693694,152538325.78271535,100231737.98874621,52306587.793969125,52135207.04083105,52135207.04083105,99097079.2093493,114573352.18583177,-53404606.550281346,-53404606.550281346,63692179.483480014,48215906.50699755,0.0025411628913576683,-191603.6820083682,84.60693359375,2022-08-22,0,0,0,1,0,0,0,0,0,0,0,-6.929916317991632,0
85.37489166259766,85.24659118652343,83.87362403869629,80.47944732666015,84.7967718238887,84.76619434780548,83.73009400577696,82.86176304234651,51.149423502636246,26.681927099058246,49.06047608638249,1.3446599578093696,1.425854659083777,-0.08119470127440742,30.57218489266067,-65.98757360196673,-66.7230863758921,51.777885673328996,-1.4282668286801359,1.4141972694367786,1.6960858841611692,1.6576899377422052,87.80820307577471,85.37489166259766,82.94158024942061,-1.2081451416015625,3.0302183285992648,2.5013406215569916,14.285714285714286,78.57142857142857,64.28571428571429,-0.7070068956133414,-0.014500973885442248,1.0177260889718165,0.9876858152000494,0.17066998079313073,0.05852407444714779,1.2176703197378826,0.11954921730321784,1.0,0.48953958685242294,2.9258218091135797,2.7984438680992962,6599900.043829189,9934030.903695652,-10897091.004585138,263852.0824354755,5080351.914530337,4218035.336025306,-699208.01845401,4218035.336025306,9058521.721068846,10743577.065713588,75772321.43723139,75772321.43723139,9768391.762308545,9058521.721068846,9058521.721068846,9058521.721068846,9058521.721068846,9058521.721068846,9058521.721068846,9058521.721068846,0.033940972422381616,0.03358117412815142,3236985.3204243104,3205802.801591027,3205802.801591027,3205802.801591027,24647382.48241571,24647382.48241571,154782827.52253452,101706582.48534375,53076245.03719076,52902342.52831283,52902342.52831283,100555227.94380714,116259224.15930766,-54190420.42165693,-54190420.42165693,64629368.26492228,48925372.04942176,0.002578554441983056,-194423.0049255224,83.38005065917969,2022-08-23,0,0,0,1,0,0,0,0,0,0,0,-5.560450882485618,0
84.67061462402344,85.15387268066407,84.03377189636231,80.52586456298827,84.25897967783986,84.47841271833943,83.67802747053555,82.87437607542086,50.03505888268739,11.311117339127797,28.669042922081427,1.1332982130895175,1.367343369884925,-0.2340451567954076,28.421715715058742,-91.13376712871703,-70.25217762721002,47.09066420522115,-1.1023405779577944,1.3753961482999093,1.6534503573962733,0.8709815735206092,87.19335538899962,84.67061462402344,82.14787385904727,-0.92718505859375,2.6887832633366733,2.22614180736052,7.142857142857143,71.42857142857143,64.28571428571429,-0.5268792505147746,-0.0023585410644728633,1.0105167963583208,0.9945135160993812,0.17066998079313073,0.05852407444714779,1.2176703197378826,0.11954921730321784,1.0,0.48953958685242294,2.9258218091135797,2.7984438680992962,6615502.979267934,9957516.1143515,-10922853.001931392,264475.8596109296,5092362.460508626,4228007.26478018,-700861.0279689635,4228007.26478018,9079937.125642506,10768976.13815776,75951456.06526783,75951456.06526783,9791485.382665748,9079937.125642506,9079937.125642506,9079937.125642506,9079937.125642506,9079937.125642506,9079937.125642506,9079937.125642506,0.0340212128499514,0.03366056395048195,3244637.9322268134,3213381.6942727948,3213381.6942727948,3213381.6942727948,24705651.776655518,24705651.776655518,155148752.2257607,101947028.73902574,53201723.48673495,53027409.851991385,53027409.851991385,100792952.2607235,116534074.55956674,-54318532.912092015,-54318532.912092015,64782159.64869898,49041037.349855736,0.002584650446197721,-194882.64364330817,83.18339538574219,2022-08-24,0,0,0,1,0,0,0,0,0,0,0,-5.936963852380636,0
84.10307159423829,85.09861755371094,84.1044807434082,80.63103805541992,83.96913139004428,84.28041673581464,83.65054245567056,82.8945744573437,51.2338256173088,12.854974659611065,16.949339699265646,0.9712225189401948,1.288119199695979,-0.31689668075578425,26.55806837261673,-100.57279877403913,-83.54433364688327,47.27573638692846,-0.6582537479854489,1.3453868985716575,1.6133781234580018,0.9552666521043847,86.21273890404571,84.10307159423829,81.99340428443087,-0.55255126953125,2.255375619965948,1.8730189983661347,0.0,64.28571428571429,64.28571428571429,0.17647146821449233,0.002476929773730374,1.0115567257917355,1.0020256617593903,0.17066998079313073,0.05852407444714779,1.2176703197378826,0.11954921730321784,1.0,0.48953958685242294,2.9258218091135797,2.7984438680992962,6599157.3299957365,9932912.986435523,-10895864.71022011,263822.39007796877,5079780.201683071,4217560.663200982,-699129.3337066172,4217560.663200982,9057502.328449536,10742368.046902018,75763794.46698177,75763794.46698177,9767292.485100668,9057502.328449536,9057502.328449536,9057502.328449536,9057502.328449536,9057502.328449536,9057502.328449536,9057502.328449536,0.033937152905484165,0.03357739510083239,3236621.0491838073,3205442.03944732,3205442.03944732,3205442.03944732,24644608.8113288,24644608.8113288,154765409.1758295,101695137.02628174,53070272.149547756,52896389.210632734,52896389.210632734,100543912.05139606,116246141.0317639,-54184322.15128609,-54184322.15128609,64622095.25691627,48919866.276548445,0.0025782642666710583,-194401.1257069978,83.38943481445312,2022-08-25,0,0,0,1,0,0,0,0,0,0,0,-5.446897626902787,0
83.13281860351563,84.7174461364746,84.0693603515625,80.69181365966797,83.01418044818057,83.70293706829436,83.40804113269748,82.82436677526955,39.82225546998146,10.1644320771389,11.44350802529253,0.6508804079235944,1.1606714413415022,-0.5097910334179079,26.044442747606954,-166.43600142565543,-98.15958368103831,39.92476718201935,-4.488805994622336,1.4212096216134953,1.752323856113297,2.4069050211573852,85.39865589237323,83.13281860351563,80.86698131465803,-3.8117141723632812,1.7947595326867103,1.4928190769293366,100.0,57.142857142857146,-42.85714285714286,-0.9260720488043814,-0.027403426526209418,1.0297178491566072,0.9732523624070301,0.17066998079313073,0.05852407444714779,1.2176703197378826,0.11954921730321784,1.0,0.48953958685242294,2.9258218091135797,2.7984438680992962,6785092.102911434,10212778.100747848,-11202861.502281172,271255.726447486,5222905.714688867,4336392.681435492,-718827.675085838,4336392.681435492,9312702.281172099,11045039.988711726,77898479.73284417,77898479.73284417,10042491.153567566,9312702.281172099,9312702.281172099,9312702.281172099,9312702.281172099,9312702.281172099,9312702.281172099,9312702.281172099,0.03489335026574479,0.0345234560933164,3327814.5712807486,3295757.076336955,3295757.076336955,3295757.076336955,25338983.791919477,25338983.791919477,159126007.01754385,104560451.68148252,54565555.336061336,54386773.15272094,54386773.15272094,103376790.32971168,119521437.97563614,-55710994.29001458,-55710994.29001458,66442857.212736934,50298209.56681247,0.002650908235736795,-199878.48097455435,81.10427856445312,2022-08-26,0,0,0,1,0,0,0,0,0,0,0,-1.1695028455858145,0
82.2955535888672,84.15739517211914,83.9822624206543,80.75513885498047,82.14965647228965,83.1061500596059,83.12352374106037,82.73010174567105,37.15582157792595,11.956930930521088,11.658779222423627,0.3379448996850698,0.9961261330102158,-0.658181233325146,26.262344033771523,-188.77193277443374,-91.17644189009852,39.766284083264914,-6.510621767172564,1.4146863812578743,1.7591092722173562,1.3298842566347986,84.84043524122545,82.2955535888672,79.75067193650894,-5.6005096435546875,1.3646983580905656,1.1359741993439485,100.0,50.0,-50.0,-0.09629437063075716,-0.008429518837307692,1.0158487728255978,0.9984884040300236,0.17066998079313073,0.05852407444714779,1.2176703197378826,0.11954921730321784,1.0,0.48953958685242294,2.9258218091135797,2.7984438680992962,6842773.390102733,10299598.762533335,-11298099.040972821,273561.7201204073,5267306.574682024,4373257.134833965,-724938.5583190793,4373257.134833965,9391871.236679256,11138935.858357312,78560708.70676005,78560708.70676005,10127864.175415928,9391871.236679256,9391871.236679256,9391871.236679256,9391871.236679256,9391871.236679256,9391871.236679256,9391871.236679256,0.035189984906397846,0.03481694619714274,3356104.920931724,3323774.8994629486,3323774.8994629486,3323774.8994629486,25554395.04633859,25554395.04633859,160478765.79681602,105449338.86986773,55029426.926948294,54849124.88414166,54849124.88414166,104255615.0002514,120537511.19687237,-56184603.463274926,-56184603.463274926,67007699.881129585,50725803.684508614,0.0026734440829948893,-201577.68385781467,80.42060852050781,2022-08-29,0,0,0,1,0,0,0,0,0,0,0,0.8061084026111647,1
81.49762420654297,83.4362579345703,83.81368522644043,80.80382690429687,81.22990556404596,82.43055982105184,82.76798850358401,82.59913319672546,33.514194705884,7.45276995185317,9.858044319837662,0.0067347059331837045,0.7982478475948094,-0.7915131416616257,26.800247818883438,-166.19685855136058,-96.48305834264615,37.12879862122371,-8.327049049481516,1.4092981387391135,1.7751492273805851,1.3392509859952213,84.61862833851139,81.49762420654297,78.37662007457455,-7.211372375488281,0.8027953300196053,0.6683042477338716,100.0,42.85714285714286,-57.142857142857146,-0.699300550063224,-0.012810208625647412,1.016929090618094,0.9883409112843792,0.17066998079313073,0.05852407444714779,1.2176703197378826,0.11954921730321784,1.0,0.48953958685242294,2.9258218091135797,2.7984438680992962,6931568.22517007,10433250.882988133,-11444708.139904644,277111.5772374006,5335657.4598983135,4430006.441563354,-734345.6796791116,4430006.441563354,9513744.285791302,11283479.585875612,79580146.99218969,79580146.99218969,10259287.792386962,9513744.285791302,9513744.285791302,9513744.285791302,9513744.285791302,9513744.285791302,9513744.285791302,9513744.285791302,0.03564662561735653,0.03526874619385098,3399655.2134715645,3366905.663434417,3366905.663434417,3366905.663434417,25886000.10820827,25886000.10820827,162561208.79592928,106817695.83846946,55743512.95745983,55560871.23609882,55560871.23609882,105608481.68325171,122101658.92119046,-56913679.572248675,-56913679.572248675,67877221.24622293,51384044.00828418,0.002708135868456415,-204193.44448161367,79.3904037475586,2022-08-30,0,0,0,1,0,0,0,0,0,0,0,2.102334848088947,1
80.6079116821289,82.63926315307617,83.6104564666748,80.8201971435547,80.39821463058793,81.75860944698276,82.38387843311618,82.44759200327238,31.404856411211078,7.432573445581305,8.947424775985132,-0.3051334697201753,0.5775715841318124,-0.8827050538519877,27.534590845401176,-146.0985966630772,-98.67400407926857,35.88465334043314,-9.192051189974737,1.3949294257566722,1.771680178636628,1.208136156984935,83.83394127869353,80.6079116821289,77.38188208556427,-7.969947814941406,0.10719961920436301,0.08921051025390625,100.0,35.714285714285715,-64.28571428571429,-0.6511654039731976,-0.008257559515269186,1.0153663009222345,0.9901071260033403,0.17066998079313073,0.05852407444714779,1.2176703197378826,0.11954921730321784,1.0,0.48953958685242294,2.9258218091135797,2.7984438680992962,6989282.642560048,10520121.411652712,-11540000.379847463,279418.89539582236,5380083.822257743,4466892.068668669,-740460.0727989293,4466892.068668669,9592958.713293847,11377429.386162622,80242756.32823937,80242756.32823937,10344709.849638544,9592958.713293847,9592958.713293847,9592958.713293847,9592958.713293847,9592958.713293847,9592958.713293847,9592958.713293847,0.03594343063500806,0.03556240486855921,3427961.8121514753,3394939.579059242,3394939.579059242,3394939.579059242,26101535.0876343,26101535.0876343,163914744.55451837,107707093.57387239,56207650.980646,56023488.52686238,56023488.52686238,106487811.12123607,123118315.74084015,-57387560.77074926,-57387560.77074926,68442388.34131853,51811883.721714444,0.0027306846595500822,-205893.6233300762,78.73483276367188,2022-08-31,0,0,0,1,0,0,0,0,0,0,0,1.5177716287277863,1
79.81185150146484,81.95746154785157,83.44656219482422,80.85229095458985,80.06852105743623,81.33143207682822,82.10056943102252,82.32843678397279,35.87540618939023,12.540719634147061,9.142021010527122,-0.4922069235574753,0.36361588259395483,-0.8558228061514301,28.604984074900553,-122.55898992773831,-82.34704864584099,43.22327694560396,-7.907040943765087,1.4250693057831543,1.7945911705547084,1.8168877461274207,81.49487778759875,79.81185150146484,78.12882521533093,-6.818016052246094,-0.5868031501484935,-0.4882030976124412,100.0,28.571428571428573,-71.42857142857143,0.577320276860148,0.008564203717621455,1.023365078524968,1.0133859539989536,0.17066998079313073,0.05852407444714779,1.2176703197378826,0.11954921730321784,1.0,0.48953958685242294,2.9258218091135797,2.7984438680992962,6929933.282181918,10430790.00114716,-11442008.686517335,277046.2151699113,5334398.942998838,4428961.539784445,-734172.470200265,4428961.539784445,9511500.287174273,11280818.161327569,79561376.4919083,79561376.4919083,10256867.943069357,9511500.287174273,9511500.287174273,9511500.287174273,9511500.287174273,9511500.287174273,9511500.287174273,9511500.287174273,0.03563821767867495,0.03526042738526143,3398853.3397435932,3366111.514314422,3366111.514314422,3366111.514314422,25879894.39980385,25879894.39980385,162522865.62453824,106792500.84115449,55730364.78338374,55547766.141567215,55547766.141567215,105583571.90223123,122072858.90875314,-56900255.3919876,-56900255.3919876,67861211.10489172,51371924.09836982,0.00270749710279686,-204145.28155088326,79.40913391113281,2022-09-01,0,0,0,1,0,0,0,0,0,0,0,-0.7193960520407052,0
79.14691009521485,81.13986434936524,83.19931602478027,80.81356735229492,79.30553788269187,80.68563925071457,81.68904582170639,82.1500499113936,30.67278147070277,14.387529920502637,11.453607666743613,-0.7631588286659081,0.13826094034198222,-0.9014197690078903,28.970657247721995,-110.4626227471651,-95.58110868092722,36.9697626901487,-9.511861190366188,1.5259728799687178,1.9619198844741632,2.8377193443810427,80.88812361165536,79.14691009521485,77.40569657877434,-8.175971984863281,-1.289322358406534,-1.0705979665120395,100.0,21.42857142857143,-78.57142857142857,-0.729371092461517,-0.02052109496312271,1.0366873294956342,0.9740792982746884,0.17066998079313073,0.05852407444714779,1.2176703197378826,0.11954921730321784,1.0,0.48953958685242294,2.9258218091135797,2.7984438680992962,7075122.543778527,10649325.827751689,-11681730.589273432,282850.61959499837,5446160.111838241,4521752.859616405,-749554.1419267457,4521752.859616405,9710776.044550102,11517162.956054524,81228269.52451092,81228269.52451092,10471759.922877755,9710776.044550102,9710776.044550102,9710776.044550102,9710776.044550102,9710776.044550102,9710776.044550102,9710776.044550102,0.03638487515699297,0.035999169766636155,3470062.828576821,3436635.02807923,3436635.02807923,3436635.02807923,26422104.924076416,26422104.924076416,165927887.56223318,109029914.0614302,56897973.500802964,56711549.22879717,56711549.22879717,107795656.81228839,124630411.41672888,-58092374.52627457,-58092374.52627457,69282973.58516033,52448218.980719835,0.0027642219642238473,-208422.33610247812,77.77957153320312,2022-09-02,0,0,0,1,0,0,0,0,0,0,0,1.3606351677593234,1
78.45948944091796,80.37752151489258,82.87246360778809,80.71528854370118,78.53152700480238,80.01252397767982,81.24089910049848,81.94744031679085,28.498524027043654,16.667312795434267,14.531854116694598,-1.030249981221985,-0.09544124397081126,-0.9348087372511737,29.651553605913993,-117.59174405677621,-96.68759974298915,33.048918119522256,-9.010406146299232,1.5300281098766568,1.9874752454144269,1.5827460986798627,80.35370330581522,78.45948944091796,76.56527557602071,-7.6234283447265625,-1.9980575509573402,-1.6553947253104866,100.0,14.285714285714286,-85.71428571428572,-0.6035546767429136,-0.010234901896314264,1.0206525085444929,0.9877432797704985,0.17066998079313073,0.05852407444714779,1.2176703197378826,0.11954921730321784,1.0,0.48953958685242294,2.9258218091135797,2.7984438680992962,7148284.534718309,10759447.719620526,-11802528.308640843,285775.5038411826,5502477.42850568,4568511.122770178,-757305.0851791339,4568511.122770178,9811192.638692966,11636258.92458779,82068229.80537307,82068229.80537307,10580045.652186409,9811192.638692966,9811192.638692966,9811192.638692966,9811192.638692966,9811192.638692966,9811192.638692966,9811192.638692966,0.0367611216304794,0.03637142776160506,3505945.840306145,3472172.371670369,3472172.371670369,3472172.371670369,26695328.997455202,26695328.997455202,167643704.43061522,110157363.8738355,57486340.55677971,57297988.52015711,57297988.52015711,108910343.49343762,125919181.89023964,-58693092.57072725,-58693092.57072725,69999410.68633477,52990572.28953274,0.002792806060266103,-210577.57694406415,76.98350524902344,2022-09-06,0,0,0,1,0,0,0,0,0,0,0,4.157384725375115,1
78.50256958007813,80.00009689331054,82.62334403991699,80.66815017700195,78.88961948432139,79.93857497143973,81.08517579981857,81.85561145900922,42.865726409660105,34.802258137363665,21.952366951100135,-1.0185824301867399,-0.280069481213997,-0.7385129489727429,28.931269074491354,-71.25629092326334,-71.6205525786333,46.11518664740246,-4.526557834856371,1.6133996298879907,2.026736167255174,2.697229390035332,80.48715313418028,78.50256958007813,76.51798602597599,-3.7742462158203125,-2.5210339509623076,-2.086202621459961,92.85714285714286,7.142857142857143,-85.71428571428572,0.9513890544575058,0.034063130612894454,1.0350407247581133,1.0333089933456583,0.17066998079313073,0.05852407444714779,1.2176703197378826,0.11954921730321784,1.0,0.48953958685242294,2.9258218091135797,2.7984438680992962,6912812.499640601,10405020.158917518,-11413740.572730238,276361.7572089646,5321220.016078064,4418019.545926948,-732358.6566037562,4418019.545926948,9488001.600905953,11252948.27762684,79364815.72138716,79364815.72138716,10231527.784880562,9488001.600905953,9488001.600905953,9488001.600905953,9488001.600905953,9488001.600905953,9488001.600905953,9488001.600905953,0.035550171495516814,0.03517331455386822,3390456.285031798,3357795.35008892,3357795.35008892,3357795.35008892,25815956.69273378,25815956.69273378,162121343.91761163,106528664.07541738,55592679.84219422,55410532.32039741,55410532.32039741,105322721.8621419,121771271.17529729,-56759680.17149935,-56759680.17149935,67693556.23853038,51245006.925375015,0.0027008080818148815,-203640.92936884207,79.60580444335938,2022-09-07,0,0,0,1,0,0,0,0,0,0,0,1.376717782438568,1
77.60911254882812,79.10851211547852,82.13119239807129,80.53419952392578,77.34892885868821,78.90747908707286,80.43587787673317,81.55804032757443,29.757256576242007,37.744887381377765,29.73815277139185,-1.423677259676225,-0.5087910369064427,-0.9148862227697824,29.988182181073643,-163.28866077194448,-88.80490962531138,38.70848649834859,-10.718302296961191,1.9885010863963963,2.6774831678940165,6.86482002100567,81.48863338965403,77.60911254882812,73.72959170800222,-8.915847778320312,-3.179988368131163,-2.621110427073944,100.0,0.0,-100.0,0.11347508136669211,-0.06705863816420254,1.0363074515424893,1.0040516546115863,0.17066998079313073,0.05852407444714779,1.2176703197378826,0.11954921730321784,1.0,0.48953958685242294,2.9258218091135797,2.7984438680992962,7409696.66736385,11152919.770266177,-12234145.724090124,296226.2887188892,5703702.540969158,4735581.170110606,-784999.6651050564,4735581.170110606,10169987.084971681,12061795.883380951,85069457.70441227,85069457.70441227,10966956.985107243,10169987.084971681,10169987.084971681,10169987.084971681,10169987.084971681,10169987.084971681,10169987.084971681,10169987.084971681,0.03810547259429347,0.03770152765513135,3634157.9693285543,3599149.4079345036,3599149.4079345036,3599149.4079345036,27671574.815735873,27671574.815735873,173774419.86128363,114185808.919218,59588610.94206564,59393370.88813728,59393370.88813728,112893185.1138992,130524035.22519527,-60839493.77033768,-60839493.77033768,72559282.93856137,54928432.8272653,0.0028949387306618714,-218278.3802919051,74.26754760742188,2022-09-08,0,0,0,1,0,0,0,0,0,0,0,9.4874196611685,1
76.6913070678711,78.25157928466797,81.67509841918945,80.4338624572754,76.50598807457469,78.16432043603191,79.90104250812503,81.2938076287028,32.07278138997971,44.02281066507206,38.85665206127111,-1.6807562337530868,-0.7431840762757715,-0.9375721574773153,30.67693884831935,-137.64296943373805,-84.14281735566321,42.26861840654596,-10.276275798214463,2.044476352976083,2.7325226445683177,2.772154818512007,80.60436170473625,76.6913070678711,72.77825243100594,-8.569328308105469,-3.6868083201563357,-3.027542896759826,92.85714285714286,0.0,-92.85714285714286,0.12837749018617456,0.007440112360335371,1.037977918806173,1.004779238375153,0.17066998079313073,0.05852407444714779,1.2176703197378826,0.11954921730321784,1.0,0.48953958685242294,2.9258218091135797,2.7984438680992962,7354974.828234348,11070553.607535,-12143794.528318606,294038.60843386455,5661579.751481137,4700608.117554098,-779202.3123497411,4700608.117554098,10094880.043186268,11972717.519775266,84441205.64655967,84441205.64655967,10885964.188394995,10094880.043186268,10094880.043186268,10094880.043186268,10094880.043186268,10094880.043186268,10094880.043186268,10094880.043186268,0.03782405735762894,0.037423095618855484,3607319.1098318202,3572569.0924714543,3572569.0924714543,3572569.0924714543,27467215.645110685,27467215.645110685,172491066.9420804,113342527.77735007,59148539.16473035,58954740.99098984,58954740.99098984,112059450.21327503,129560093.57160695,-60390184.0157988,-60390184.0157988,72023420.59674588,54522777.23841396,0.0028735591278764034,-216666.35824188084,74.82010650634766,2022-09-09,0,0,0,1,0,0,0,0,0,0,0,5.747356865185976,1
76.38412170410156,77.7655158996582,81.24148101806641,80.40637588500977,76.41854028783494,77.81510666845438,79.5527189087184,81.09576202421859,37.764715779956035,32.989482702244004,38.25239358289789,-1.7494588637015482,-0.9444390337609269,-0.8050198299406214,30.840055882243863,-95.71970640580192,-70.00793912005261,46.98112367804058,-5.9930671181976365,2.021530067731566,2.651407963647551,1.7232283595528486,80.14542610938904,76.38412170410156,72.62281729881408,-4.860633850097656,-4.101643250883433,-3.3580333514091194,85.71428571428572,0.0,-85.71428571428572,0.766307863267708,0.0190261451697753,1.0230778409685168,1.0176250457763671,0.17066998079313073,0.05852407444714779,1.2176703197378826,0.11954921730321784,1.0,0.48953958685242294,2.9258218091135797,2.7984438680992962,7217650.757144185,10863856.300458893,-11917058.836891163,288548.6401184301,5555872.90700759,4612843.487711448,-764653.8963138397,4612843.487711448,9906399.449156828,11749175.99173135,82864611.51837407,82864611.51837407,10682713.333700908,9906399.449156828,9906399.449156828,9906399.449156828,9906399.449156828,9906399.449156828,9906399.449156828,9906399.449156828,0.0371178477970526,0.03672437237870928,3539967.1803620127,3505865.9774389253,3505865.9774389253,3505865.9774389253,26954377.741244804,26954377.741244804,169270501.80183795,111226319.67256013,58044182.12927783,57854002.34374523,57854002.34374523,109967198.33386151,127141088.75981934,-59262644.341414295,-59262644.341414295,70678677.81228164,53504787.3863238,0.0028199071647937485,-212621.00022544863,76.24364471435547,2022-09-12,0,0,0,1,0,0,0,0,0,0,0,4.180376121977219,1
75.87464752197266,77.16706848144531,80.66223182678223,80.3535545349121,75.75773830468293,77.20074806298611,79.06542514011464,80.83460015418567,33.882434362019765,34.30832222087786,37.10687186273125,-1.9275377192809344,-1.1410587708649285,-0.786478948416006,31.15831047179538,-105.0285982408672,-84.51655287214717,42.02467260240244,-7.441468414906138,2.0209600722488896,2.7150255587720555,2.013550130974096,79.8567914639569,75.87464752197266,71.89250357998843,-5.984474182128906,-4.641669828814902,-3.7853586245805815,78.57142857142857,0.0,-78.57142857142857,-0.7405385119781511,-0.023707030044908595,1.0233408834753923,0.9830551002715726,0.17066998079313073,0.05852407444714779,1.2176703197378826,0.11954921730321784,1.0,0.48953958685242294,2.9258218091135797,2.7984438680992962,7392914.810680436,11127660.072118128,-12206437.210583761,295555.38040154387,5690784.506277,4724855.785782862,-783221.7580640913,4724855.785782862,10146953.582603913,12034477.716531955,84876788.083587,84876788.083587,10942118.464903321,10146953.582603913,10146953.582603913,10146953.582603913,10146953.582603913,10146953.582603913,10146953.582603913,10146953.582603913,0.038019169388016784,0.037616139323832856,3625927.1441080314,3590997.871878758,3590997.871878758,3590997.871878758,27608902.830146037,27608902.830146037,173380846.74482933,113927195.1099642,59453651.63486511,59258853.77050955,59258853.77050955,112637498.90457565,130228417.77265663,-60701701.40028799,-60701701.40028799,72394946.9958109,54804028.127729915,0.0028883821266514516,-217784.01234951944,74.4361343383789,2022-09-13,0,0,0,1,0,0,0,0,0,0,0,7.936878548470235,1
74.82760162353516,76.66508560180664,80.05067176818848,80.27275695800782,75.29535052017924,76.68617113356534,78.61829655069153,80.58110896975376,33.74692361137565,39.87203798113698,35.72328096808622,-2.050321757027376,-1.322911368097418,-0.7274103889299581,31.53001752448272,-98.16011754835878,-85.01280333470224,44.22009458590902,-6.322966705583843,1.9401564460837193,2.608768921522433,0.8897093059365062,76.2921192171214,74.82760162353516,73.36308402994892,-5.019828796386719,-4.919447563340289,-3.9945783370580443,71.42857142857143,0.0,-71.42857142857143,-0.10526188984723879,-0.000880746801130261,1.0120176712405715,0.9987423157912919,0.17066998079313073,0.05852407444714779,1.2176703197378826,0.11954921730321784,1.0,0.48953958685242294,2.9258218091135797,2.7984438680992962,7399431.836600704,11137469.362631952,-12217197.468172632,295815.9193262138,5695801.064844736,4729020.855774065,-783912.1862144667,4729020.855774065,10155898.357594969,12045086.38783738,84951608.94141302,84951608.94141302,10951764.196185846,10155898.357594969,10155898.357594969,10155898.357594969,10155898.357594969,10155898.357594969,10155898.357594969,10155898.357594969,0.03805268416787205,0.03764929882333631,3629123.483006596,3594163.4198134984,3594163.4198134984,3594163.4198134984,27633240.71851373,27633240.71851373,173533685.98364776,114027624.5755496,59506061.408098154,59311091.82490588,59311091.82490588,112736791.47303522,130343217.14420542,-60755211.35834385,-60755211.35834385,72458764.82114096,54852339.14997076,0.0028909283025061808,-217975.99400896602,74.37057495117188,2022-09-14,0,0,0,1,0,0,0,0,0,0,0,8.411739964505175,1
74.67962799072265,76.1443702697754,79.39181671142578,80.1875944519043,74.70612682790595,76.11189991716425,78.13347587380275,80.30450389028731,31.97620480687469,28.259255739861256,34.146538647291976,-2.1903941147792665,-1.4964079174337876,-0.6939861973454788,32.08413139446873,-99.14294766614773,-92.61861158345339,42.932999220525545,-6.613531949629126,1.87783483539255,2.5539155452867295,1.06765389640735,76.45674271316918,74.67962799072265,72.90251326827612,-5.2071533203125,-5.129828549699774,-4.143584618201629,64.28571428571429,0.0,-64.28571428571429,-0.7105245546171174,-0.011333723160885989,1.0145259854852915,0.9897882304373408,0.17066998079313073,0.05852407444714779,1.2176703197378826,0.11954921730321784,1.0,0.48953958685242294,2.9258218091135797,2.7984438680992962,7484256.325863146,11265145.401985178,-12357251.131526902,299207.0491895134,5761095.728939903,4783232.690906903,-792898.6803522104,4783232.690906903,10272322.011492703,12183167.030180277,85925464.36701939,85925464.36701939,11077311.376696253,10272322.011492703,10272322.011492703,10272322.011492703,10272322.011492703,10272322.011492703,10272322.011492703,10272322.011492703,0.038488906782105585,0.038080897169574426,3670726.4807386207,3635365.6476525874,3635365.6476525874,3635365.6476525874,27950018.490425862,27950018.490425862,175523015.24681917,115334797.23826501,60188218.00855415,59991013.362497434,59991013.362497434,114029166.47816531,131837426.03310844,-61451687.77535897,-61451687.77535897,73289406.66692953,55481147.111986406,0.002924068889806608,-220474.79429141825,73.52767944335938,2022-09-15,0,0,0,1,0,0,0,0,0,0,0,9.18084923143331,1
74.53914642333984,75.61522674560547,78.78634414672851,80.1282177734375,74.50998410841517,75.74931787212232,77.75102090195807,80.0618840777048,34.56445492801692,31.896815502676706,33.34270307455825,-2.228108597949003,-1.6427480535368306,-0.5853605444121723,32.83713687770911,-89.17835994879769,-83.40855597046001,41.941519157374884,-6.663509575133874,1.8373577813103987,2.478973058115378,1.3111560782424334,76.36014085843594,74.53914642333984,72.71815198824375,-5.291435241699219,-5.222833351040985,-4.198635101318359,57.142857142857146,0.0,-57.142857142857146,0.47142522384073604,0.008024450527215787,1.017992566120114,1.0084097350214567,0.17066998079313073,0.05852407444714779,1.2176703197378826,0.11954921730321784,1.0,0.48953958685242294,2.9258218091135797,2.7984438680992962,7424677.369630011,11175468.40862173,-12258880.35261826,296825.1901360353,5715234.11552839,4745155.425947438,-786586.7538604937,4745155.425947438,10190548.459533976,12086182.060175475,85241448.5800208,85241448.5800208,10989129.649486786,10190548.459533976,10190548.459533976,10190548.459533976,10190548.459533976,10190548.459533976,10190548.459533976,10190548.459533976,0.03818251309477182,0.03777775147185904,3641505.40080527,3606426.060152829,3606426.060152829,3606426.060152829,27727520.37493483,27727520.37493483,174125751.7662566,114416666.35957366,59709085.40668292,59513450.622275084,59513450.622275084,113121429.16625278,130787924.80098572,-60962497.23230282,-60962497.23230282,72705981.11841215,55039485.483679205,0.0029007916308748907,-218719.68896796677,74.1176986694336,2022-09-16,0,0,0,1,0,0,0,0,0,0,0,9.200756992842331,1
74.06151275634765,75.2228172302246,78.18134078979492,80.06809219360352,74.29181486540828,75.40498305526272,77.38001666171392,79.81849554051617,33.94625999186021,27.63104001461797,29.26237041905192,-2.253183448664032,-1.7648351325622709,-0.4883483161017612,33.37680407384831,-78.14039304117836,-85.540562166453,49.861750220829585,-5.0451488436567775,1.7970960675520595,2.4332604102645043,1.2736937886936488,74.73468234657332,74.06151275634765,73.38834316612198,-3.9240951538085938,-5.271497045415217,-4.217305452395706,50.0,0.0,-50.0,-0.31617655308597725,-0.003537917322670503,1.0174292019944566,0.9945768659325166,0.17066998079313073,0.05852407444714779,1.2176703197378826,0.11954921730321784,1.0,0.48953958685242294,2.9258218091135797,2.7984438680992962,7451038.527909788,11215146.670302887,-12302405.245245928,297879.0616282307,5735525.932078115,4762002.99884767,-789379.5133148114,4762002.99884767,10226729.78399103,12129093.791207684,85544096.52095449,85544096.52095449,11028146.319387091,10226729.78399103,10226729.78399103,10226729.78399103,10226729.78399103,10226729.78399103,10226729.78399103,10226729.78399103,0.03831807929126786,0.037911880570865725,3654434.487884521,3619230.598783003,3619230.598783003,3619230.598783003,27825966.34328077,27825966.34328077,174743981.52552816,114822900.28754021,59921081.23798795,59724751.85646025,59724751.85646025,113523064.3822534,131252284.53207181,-61178943.27549989,-61178943.27549989,72964122.15010044,55234902.00028201,0.002911090829548618,-219496.2485479658,73.85547637939453,2022-09-19,0,0,0,1,0,0,0,0,0,0,0,10.378688450924214,1
73.66441802978515,74.7695327758789,77.57352714538574,79.97500030517578,73.67809681212766,74.86783353713612,76.91055418969988,79.52956084110637,30.77104989583136,24.961037118768022,28.16296421202084,-2.359216750712932,-1.883711456192403,-0.4755052945205287,34.205645024218946,-98.69082000442289,-97.40564748198715,43.86355638060824,-5.888072423819035,1.7837931631456967,2.4620799117276335,1.6108554058629778,75.00083967342081,73.66441802978515,72.3279963861495,-4.532844543457031,-5.429578334779331,-4.317742372170471,100.0,0.0,-100.0,-0.7272702051611568,-0.01902114430366153,1.0213897010491853,0.9847250892880035,0.17066998079313073,0.05852407444714779,1.2176703197378826,0.11954921730321784,1.0,0.48953958685242294,2.9258218091135797,2.7984438680992962,7595513.8937431425,11432607.956001172,-12540948.435135417,303654.9257902038,5846737.571124106,4854338.0636552125,-804685.5533440401,4854338.0636552125,10425025.70224277,12364276.478312025,87202793.43863311,87202793.43863311,11241981.67508806,10425025.70224277,10425025.70224277,10425025.70224277,10425025.70224277,10425025.70224277,10425025.70224277,10425025.70224277,0.03906106545392167,0.03864699055511684,3725293.8395807273,3689407.348350976,3689407.348350976,3689407.348350976,28365510.817793082,28365510.817793082,178132260.96650964,117049312.14448477,61082948.82202485,60882812.62093586,60882812.62093586,115724272.46830934,133797261.5514772,-62365200.75865713,-62365200.75865713,74378893.82264774,56305904.73947988,0.0029675367747679007,-223752.2728174997,72.4506607055664,2022-09-20,0,0,0,1,0,0,0,0,0,0,0,12.09018967797088,1
73.26920013427734,74.04840087890625,77.0242488861084,79.88209579467774,73.25022636596272,74.41813388922643,76.4804524072173,79.24975396395055,30.647600993695324,15.32104131183551,22.63770614840711,-2.419886829216452,-1.990946530797213,-0.428940298419239,34.87970863637726,-88.9453438336837,-98.11297879608642,34.90695084822642,-9.058785373945334,1.7634123187624866,2.435837905643723,1.4984613417807537,74.70185185381693,73.26920013427734,71.83654841473775,-7.2113189697265625,-5.370225824883252,-4.242398286477112,92.85714285714286,14.285714285714286,-78.57142857142857,-0.2937462747061507,-0.0007753584492746768,1.0207012350261164,0.9939566206558337,0.17066998079313073,0.05852407444714779,1.2176703197378826,0.11954921730321784,1.0,0.48953958685242294,2.9258218091135797,2.7984438680992962,7601407.709437036,11441479.203573864,-12550679.710693242,303890.54989572015,5851274.4061739575,4858104.83628749,-805309.9572236584,4858104.83628749,10433115.106192611,12373870.663481187,87270459.32664411,87270459.32664411,11250705.004273418,10433115.106192611,10433115.106192611,10433115.106192611,10433115.106192611,10433115.106192611,10433115.106192611,10433115.106192611,0.03909137528204037,0.038676979077637105,3728184.5189479487,3692270.181233,3692270.181233,3692270.181233,28387521.322304294,28387521.322304294,178270484.4929175,117140137.7400307,61130346.752886795,60930055.25409189,60930055.25409189,115814069.8859403,133901082.88746102,-62413593.66585554,-62413593.66585554,74436608.8762753,56349595.87475458,0.0029698394648899925,-223925.89565270543,72.39448547363281,2022-09-21,0,0,0,1,0,0,0,0,0,0,0,9.823604236111915,1
72.92455444335937,73.80209121704101,76.45530166625977,79.76128234863282,72.76830124023165,73.94291881641608,76.0351189387937,78.95778129825717,29.31719399028887,5.316539019996496,15.199539150199953,-2.4869115866175235,-2.090139541961275,-0.3967720446562484,35.756923765442004,-116.08836914955468,-99.44449507071288,34.63881833945669,-3.3165180459064914,1.6983290720204558,2.36521420139551,0.8522468643740524,74.72464087052397,72.92455444335937,71.12446801619477,-2.4630966186523438,-5.233827218293875,-4.104858251718369,100.0,7.142857142857143,-92.85714285714286,-0.6813246698805376,-0.008150268366479141,1.0118767423661499,0.9919782282411969,0.17066998079313073,0.05852407444714779,1.2176703197378826,0.11954921730321784,1.0,0.48953958685242294,2.9258218091135797,2.7984438680992962,7663870.309182767,11535496.59657657,-12653811.67167629,306387.6918081426,5899355.738633146,4898025.05495108,-811927.3832915779,4898025.05495108,10518846.528304096,12475549.741897007,87987581.73066655,87987581.73066655,11343154.759687375,10518846.528304096,10518846.528304096,10518846.528304096,10518846.528304096,10518846.528304096,10518846.528304096,10518846.528304096,0.03941259853713835,0.03899479713921815,3758819.9099553498,3722610.4554689326,3722610.4554689326,3722610.4554689326,28620788.428859722,28620788.428859722,179735376.04261485,118102706.49275418,61632669.549860686,61430732.20753259,61430732.20753259,116765742.01940955,135001380.36729965,-62926461.212086886,-62926461.212086886,75048272.43707813,56812634.08918805,0.0029942433517613936,-225765.9487228091,71.80445098876953,2022-09-22,0,0,0,1,0,0,0,0,0,0,0,9.34951968075832,1
72.34202728271484,73.44058685302734,75.84608306884766,79.64140533447265,72.24722178222474,73.44512682546969,75.57511359854773,78.65375312445144,27.988038114882713,10.803580065385498,10.480386799072447,-2.558897425279824,-2.183891118624985,-0.3750063066548388,37.11037236547322,-155.04546030594244,-89.41640643259464,38.32746089178322,-4.831647278970419,1.691411611217824,2.3754091958262316,1.6014846207836086,74.10537809450607,72.34202728271484,70.57867647092361,-3.6150436401367188,-5.407429021189439,-4.208777060875519,100.0,0.0,-100.0,-0.029851341118323847,-0.008347506516724668,1.0178762537840365,0.9994741564915497,0.17066998079313073,0.05852407444714779,1.2176703197378826,0.11954921730321784,1.0,0.48953958685242294,2.9258218091135797,2.7984438680992962,7728383.03694743,11632599.7992069,-12760328.59780199,308966.7941356414,5949015.181629895,4939255.522613867,-818762.0044594498,4939255.522613867,10607391.80048409,12580566.099395799,88728241.30316222,88728241.30316222,11438638.872215657,10607391.80048409,10607391.80048409,10607391.80048409,10607391.80048409,10607391.80048409,10607391.80048409,10607391.80048409,0.03974436488199387,0.03932304652635436,3790460.8062368007,3753946.5487480434,3753946.5487480434,3753946.5487480434,28861711.755825303,28861711.755825303,181248347.80708006,119096868.37765817,62151479.429421864,61947842.224196106,61947842.224196106,117748649.63961174,136137791.4687576,-63456161.93738555,-63456161.93738555,75680011.82900657,57290869.99986071,0.0030194482154164955,-227666.39544240377,71.20506286621094,2022-09-23,0,0,0,1,0,0,0,0,0,0,0,9.516435783173453,1
71.68644714355469,72.87397994995118,75.31974792480469,79.52190292358398,71.69067308268107,72.92375389058316,75.09915760664735,78.3370402836335,26.627039131142872,12.272291109880088,9.464136731753973,-2.6361913199929035,-2.2743511588985688,-0.3618401610943347,38.376113836076456,-149.07740307986217,-95.75936283354851,40.53471151930098,-7.4315296074702,1.6542160450483843,2.3438266744445833,1.1706736848456671,73.11769618963903,71.68644714355469,70.25519809747034,-5.666069030761719,-5.068367965207164,-3.9143680181258844,100.0,7.142857142857143,-92.85714285714286,-0.4400024414062506,-0.008812395598838063,1.0166822366863604,0.9927545379367128,0.17066998079313073,0.05852407444714779,1.2176703197378826,0.11954921730321784,1.0,0.48953958685242294,2.9258218091135797,2.7984438680992962,7797094.114808495,11736022.270208754,-12873777.417254223,311713.7389165671,6001906.354775356,4983169.180770758,-826041.4081289029,4983169.180770758,10701699.409258327,12692416.696430039,89517101.4136809,89517101.4136809,11540336.88620072,10701699.409258327,10701699.409258327,10701699.409258327,10701699.409258327,10701699.409258327,10701699.409258327,10701699.409258327,0.04009772186972205,0.03967265768029036,3824160.8242537035,3787321.9278362906,3787321.9278362906,3787321.9278362906,29118313.856701687,29118313.856701687,182859780.53224692,120155728.18791656,62704052.344330356,62498604.65277171,62498604.65277171,118795522.78173518,137348157.76979667,-64020334.45093714,-64020334.45093714,76352863.46698168,57800228.478920184,0.0030462933575937244,-229690.5191625668,70.57757568359375,2022-09-26,0,0,0,1,0,0,0,0,0,0,0,10.690167190876755,1
71.1413803100586,72.40289916992188,74.7849838256836,79.40015274047852,71.03555756781603,72.34222164467457,74.58736417154627,77.99932601910223,24.858910587378343,13.581458435480604,12.219109870248674,-2.7346928352075537,-2.3664194941603656,-0.3682733410471881,39.77544599854826,-143.7433290155733,-96.34645939204086,30.622848171413025,-6.328657233700675,1.6899179407043114,2.4236787758623555,2.1540425842313624,73.00408258059801,71.1413803100586,69.27867803951918,-4.710807800292969,-4.8490209325266695,-3.7146939008663793,100.0,0.0,-100.0,-0.5217404284396878,-0.012075353074304074,1.0310057029158215,0.9841374150240273,0.17066998079313073,0.05852407444714779,1.2176703197378826,0.11954921730321784,1.0,0.48953958685242294,2.9258218091135797,2.7984438680992962,7892397.602461003,11879471.077809284,-13031132.948566359,315523.80020741787,6075267.353084646,5044078.206043131,-836138.0705496575,5044078.206043131,10832505.740757396,12847555.464809315,90611264.42411116,90611264.42411116,11681393.841233619,10832505.740757396,10832505.740757396,10832505.740757396,10832505.740757396,10832505.740757396,10832505.740757396,10832505.740757396,0.04058783429940876,0.040157574571853184,3870903.3489082768,3833614.1725201276,3833614.1725201276,3833614.1725201276,29474225.536648385,29474225.536648385,185094866.39622244,121624385.58631663,63470480.80990581,63262521.941587284,63262521.941587284,120247554.45813881,139026957.36684757,-64802851.76623623,-64802851.76623623,77286120.66171516,58506717.75300639,0.003083528047481584,-232498.01478011144,69.72532653808594,2022-09-27,0,0,0,1,0,0,0,0,0,0,0,13.744247479876984,1
70.71806182861329,71.9936309814453,74.32935829162598,79.27053588867187,70.78300273401277,71.96688917589852,74.17693835200913,77.69652472683964,28.188477712287117,15.871968896532957,13.908572813964495,-2.7366224151227385,-2.44046007835284,-0.29616233676989845,41.15068030755914,-125.00487049867122,-85.35943424405751,33.83600303387499,-5.5030929738712935,1.6749047630680027,2.3832597848164987,1.479733453795987,72.16482916889832,70.71806182861329,69.27129448832825,-4.092681884765625,-4.813195743351679,-3.6607229281694487,100.0,14.285714285714286,-85.71428571428572,0.11392411175601752,0.007924904131047406,1.0213744841746826,1.002404492435322,0.17066998079313073,0.05852407444714779,1.2176703197378826,0.11954921730321784,1.0,0.48953958685242294,2.9258218091135797,2.7984438680992962,7830342.885777983,11786067.621824283,-12928674.443063557,313042.96472308855,6027499.993486377,5004418.667868647,-829563.8565161846,5004418.667868647,10747334.147970399,12746540.354497395,89898824.85563642,89898824.85563642,11589547.78610653,10747334.147970399,10747334.147970399,10747334.147970399,10747334.147970399,10747334.147970399,10747334.147970399,10747334.147970399,0.040268708643924574,0.03984183187384763,3840468.008125527,3803472.021385526,3803472.021385526,3803472.021385526,29242481.67283724,29242481.67283724,183639540.64196527,120668102.44278216,62971438.19918311,62765114.42697925,62765114.42697925,119302096.77853596,137933844.86982742,-64293333.26385469,-64293333.26385469,76678451.28635362,58046703.19506215,0.003059283518884729,-230669.97732390856,70.27789306640625,2022-09-28,0,0,0,1,0,0,0,0,0,0,0,12.756169920438271,1
70.12616882324218,71.52536163330078,73.83486595153809,79.11132446289062,70.1369971433132,71.39927040971952,73.66913336247627,77.34940555958765,25.084402767982056,17.46081667097085,15.638081334328083,-2.821253593874772,-2.5166187814572263,-0.30463481241754575,42.69484950035013,-132.3074701632601,-93.61204319330818,33.51500438470779,-6.368613176555549,1.694412024854541,2.4611988820680586,1.9480064280795375,71.72439404322193,70.12616882324218,68.52794360326243,-4.6826934814453125,-4.72550452175099,-3.567611009646683,100.0,7.142857142857143,-92.85714285714286,-0.7290623731565388,-0.02038915855286416,1.0278234485302906,0.9802640916162221,0.17066998079313073,0.05852407444714779,1.2176703197378826,0.11954921730321784,1.0,0.48953958685242294,2.9258218091135797,2.7984438680992962,7993319.953677282,12031377.280812088,-13197765.782139156,319558.4935142653,6152953.53875649,5108578.280407595,-846830.007812803,5108578.280407595,10971024.09778748,13011840.840458129,91769936.64426258,91769936.64426258,11830767.173815474,10971024.09778748,10971024.09778748,10971024.09778748,10971024.09778748,10971024.09778748,10971024.09778748,10971024.09778748,0.04110684257478958,0.04067108099272467,3920401.699977282,3882635.6961983233,3882635.6961983233,3882635.6961983233,29851120.910053026,29851120.910053026,187461727.52710932,123179631.47950108,64282096.04760823,64071477.94961019,64071477.94961019,121785194.4168934,140804734.9354197,-65631504.41340256,-65631504.41340256,78274400.4477124,59254859.92918608,0.0031229580047985018,-235471.03356180704,68.84498596191406,2022-09-29,0,0,0,1,0,0,0,0,0,0,0,15.157713342161985,1
69.23458251953124,70.78830490112304,73.20176582336425,78.89161239624023,69.00704187809421,70.55342694388983,73.00989507535056,76.93363010029623,21.373509607299955,16.05407862527542,16.462288064259685,-3.0227592604859836,-2.617846877262978,-0.4049123832230057,44.536799098241566,-158.08645764209217,-99.19360770944056,29.631476388338534,-9.944409303168221,1.7573456122589732,2.632840658133663,2.575482248516593,71.98734927868239,69.23458251953124,66.4818157603801,-7.370567321777344,-4.769578529002903,-3.570733975141465,100.0,0.0,-100.0,-0.8763649680397699,-0.03047214818837163,1.0386290196051533,0.9672909384890425,0.17066998079313073,0.05852407444714779,1.2176703197378826,0.11954921730321784,1.0,0.48953958685242294,2.9258218091135797,2.7984438680992962,8244549.07483186,12409522.076473251,-13612570.033422185,329602.1799860093,6346340.156457889,5269140.304594521,-873445.7769629247,5269140.304594521,11315842.115610583,13420801.492339415,94654255.13334583,94654255.13334583,12202606.817028398,11315842.115610583,11315842.115610583,11315842.115610583,11315842.115610583,11315842.115610583,11315842.115610583,11315842.115610583,0.042398825880018476,0.04194936836185573,4043619.4717374505,4004666.4868300133,4004666.4868300133,4004666.4868300133,30789338.185874898,30789338.185874898,193353627.93015632,127051153.04251613,66302474.88764019,66085237.08719487,66085237.08719487,125612888.98439535,145230211.46047175,-67694295.00221747,-67694295.00221747,80734555.79584578,61117233.31976938,0.0032211122134996363,-242871.8608978726,66.74713134765625,2022-09-30,0,0,0,1,0,0,0,0,0,0,0,19.637419587869257,1
68.68202667236328,70.18423690795899,72.70352706909179,78.6724624633789,68.60962673464745,70.05549412641058,72.5151237774842,76.57602878058869,27.270490075538273,13.399909934261089,15.638268410169063,-3.0610168059942424,-2.7064808630092307,-0.3545359429850117,46.24718086771219,-132.78526523075857,-86.15204908874377,35.72919311494959,-8.17905486197088,1.7321643959149355,2.5542573105700246,1.4048085834424455,71.23666607040813,68.68202667236328,66.12738727431842,-6.040679931640625,-4.642494335428915,-3.4477830055432435,92.85714285714286,0.0,-92.85714285714286,0.2333374023437493,0.015995670203962087,1.0210703743300835,1.0048571484231736,0.17066998079313073,0.05852407444714779,1.2176703197378826,0.11954921730321784,1.0,0.48953958685242294,2.9258218091135797,2.7984438680992962,8114748.23822503,12214148.583902948,-13398255.949938692,324412.9769960942,6246424.411615705,5186183.818614833,-859694.3890396496,5186183.818614833,11137687.342052272,13209506.5815046,93164033.9710738,93164033.9710738,12010490.964571444,11137687.342052272,11137687.342052272,11137687.342052272,11137687.342052272,11137687.342052272,11137687.342052272,11137687.342052272,0.04173130567722485,0.04128892434495744,3979957.3859657194,3941617.670502545,3941617.670502545,3941617.670502545,30304595.864757873,30304595.864757873,190309499.93255422,125050880.40090808,65258619.53164613,65044801.88771689,65044801.88771689,123635260.1376524,142943730.68668357,-66628527.05723419,-66628527.05723419,79463484.11075239,60155013.56172121,0.0031703995479163754,-239048.1259128947,67.8147964477539,2022-10-03,0,0,0,1,0,0,0,0,0,0,0,15.546731039606707,1
68.67828063964843,69.90983047485352,72.33968162536621,78.4825325012207,68.97528328126887,69.99205817151987,72.2476449772011,76.30663927446803,36.376042862832975,33.24950521662305,20.90116459205313,-2.9051944693605662,-2.7462235842794978,-0.1589708850810685,45.947959574981624,-67.68585110631369,-61.56588675595188,40.92236966183124,-3.7874938673179814,1.750925495198944,2.511850508080712,1.9948197858910532,71.22683730858759,68.67828063964843,66.12972397070928,-2.7440643310546875,-4.574187528949061,-3.3770024715325775,85.71428571428572,0.0,-85.71428571428572,0.887754426802543,0.02789656573274968,1.0270046711907637,1.0239372376575735,0.17066998079313073,0.05852407444714779,1.2176703197378826,0.11954921730321784,1.0,0.48953958685242294,2.9258218091135797,2.7984438680992962,7894518.2898245435,11882663.091880191,-13034634.414200582,315608.5814576412,6076899.777520765,5045433.549938746,-836362.7408627493,5045433.549938746,10835416.435225291,12851007.603170682,90635611.67232871,90635611.67232871,11684532.631947853,10835416.435225291,10835416.435225291,10835416.435225291,10835416.435225291,10835416.435225291,10835416.435225291,10835416.435225291,0.04059874025114203,0.040168364912790695,3871943.4607007895,3834644.2647103406,3834644.2647103406,3834644.2647103406,29482145.261527203,29482145.261527203,185144601.38981935,121657066.06069249,63487535.32912687,63279520.58225706,63279520.58225706,120279864.97796825,139064313.91254258,-64820264.29355482,-64820264.29355482,77306887.44358805,58522438.50901371,0.003084356591517857,-232560.48700044645,69.70659637451172,2022-10-04,0,0,0,1,0,0,0,0,0,0,0,14.161125663719137,1
68.35423431396484,69.53614807128906,71.79227447509766,78.2663787841797,68.86940933350867,69.74944058360504,71.90574178299036,76.00667935931196,33.84582027289507,51.34180898410663,32.6637413783302,-2.833679534235074,-2.763714774270613,-0.06996475996446083,45.9583748489144,-85.17064756714583,-74.14656079080984,43.99924370377845,-5.161752322979818,1.8044712369868205,2.6282154084386082,2.5005658802292174,70.36133401217398,68.35423431396484,66.34713461575569,-3.7368240356445312,-4.576129322866358,-3.357732675014404,78.57142857142857,0.0,-78.57142857142857,-0.2352961483624399,-0.015047857607160098,1.0307970877742891,0.9929567349375006,0.17066998079313073,0.05852407444714779,1.2176703197378826,0.11954921730321784,1.0,0.48953958685242294,2.9258218091135797,2.7984438680992962,8015128.806812506,12064203.508418677,-13233774.366472548,320430.3720695532,6169741.164030124,5122516.448039176,-849140.485984316,5122516.448039176,11000957.273824252,13047342.149995716,92020320.34991956,92020320.34991956,11863046.05984356,11000957.273824252,11000957.273824252,11000957.273824252,11000957.273824252,11000957.273824252,11000957.273824252,11000957.273824252,0.04121899786167434,0.040782047354306766,3931098.064616928,3893229.0206450713,3893229.0206450713,3893229.0206450713,29932566.256369945,29932566.256369945,187973195.26614726,123515712.92097418,64457482.345173076,64246289.59994542,64246289.59994542,122117471.29739796,141188904.44230127,-65810572.41632133,-65810572.41632133,78487963.13674583,59416529.991842516,0.00313147863613427,-236113.48916452395,68.65766143798828,2022-10-05,0,0,0,1,0,0,0,0,0,0,0,14.1833341723064,1
68.15194244384766,69.13905563354493,71.47057342529297,78.02344055175782,68.52411509278183,69.4010925886456,71.51791176664157,75.68616356527338,31.96457013742381,49.750696300334404,44.780670167021306,-2.811099619277911,-2.773191743272073,-0.037907876005838226,43.17266883601388,-35.62709298956975,-84.87800377145594,35.824713602620974,-5.530192519767995,2.0615686167420337,3.0391588344719116,5.403834553559804,70.12399737740807,68.15194244384766,66.17988751028724,-3.9709243774414062,-4.522114274351829,-3.2979985750638576,71.42857142857143,7.142857142857143,-64.28571428571429,-0.29462663595518174,-0.01200353768828144,1.0799169600602236,0.9770673544957698,0.17066998079313073,0.05852407444714779,1.2176703197378826,0.11954921730321784,1.0,0.48953958685242294,2.9258218091135797,2.7984438680992962,8112507.597505634,12210776.018560633,-13394556.429390548,324323.40022737405,6244699.651650711,5184751.811816703,-859457.0106025413,5184751.811816703,11134612.008715255,13205859.178349167,93138309.55893302,93138309.55893302,12007174.633081531,11134612.008715255,11134612.008715255,11134612.008715255,11134612.008715255,11134612.008715255,11134612.008715255,11134612.008715255,0.041719782847430394,0.04127752366530215,3978858.441880375,3940529.312762595,3940529.312762595,3940529.312762595,30296228.173058018,30296228.173058018,190256951.75702018,125016351.40673637,65240600.35028381,65026841.7455885,65026841.7455885,123601122.02392602,142904261.1265498,-66610129.617607586,-66610129.617607586,79441542.68842152,60138403.58579771,0.003169524138585701,-238982.12004936187,67.83352661132812,2022-10-06,0,0,0,1,0,0,0,0,0,0,0,16.379277378800946,1
68.62903289794922,68.93180770874024,71.18619728088379,77.76658706665039,68.7269379345759,69.35227277583077,71.29073765726277,75.42916043009262,37.83045846690842,37.60858617436278,46.23369715293455,-2.6577450002416185,-2.750102394665982,0.09235739442436364,40.58594182403482,-53.324142375667826,-65.8820528525623,36.83883251530726,-2.9105784962804027,2.0582054073349205,2.977185719982469,2.0144836850424497,70.10180911069506,68.62903289794922,67.15625668520337,-2.072479248046875,-4.4107720709651845,-3.200506454859024,64.28571428571429,0.0,-64.28571428571429,0.588786212895818,0.019150662979373845,1.0297428697764623,1.0174563886243169,0.17066998079313073,0.05852407444714779,1.2176703197378826,0.11954921730321784,1.0,0.48953958685242294,2.9258218091135797,2.7984438680992962,7960067.036398346,11981325.688258676,-13142861.910360778,318229.10194578156,6127356.70837423,5087326.143378699,-843307.1201563211,5087326.143378699,10925383.668165855,12957710.432865052,91388165.59923878,91388165.59923878,11781550.137032622,10925383.668165855,10925383.668165855,10925383.668165855,10925383.668165855,10925383.668165855,10925383.668165855,10925383.668165855,0.040935834477570994,0.04050188570219038,3904092.4825075655,3866483.588641246,3866483.588641246,3866483.588641246,29726937.609489806,29726937.609489806,186681870.17690307,122667193.32867324,64014676.84822983,63804934.940129206,63804934.940129206,121278557.24745528,140218974.79690105,-65358471.55599179,-65358471.55599179,77948772.02570125,59008354.476255514,0.003109966223561047,-234491.45325650295,69.13258361816406,2022-10-07,0,0,0,1,0,0,0,0,0,0,0,16.230833697333708,1
69.34820098876953,69.0151138305664,70.94454689025879,77.55866607666016,69.62150425700243,69.72652079874435,71.30215663293826,75.27157127212254,46.53573566690834,43.11046776902871,43.48991674790858,-2.3255826293603974,-2.6651984416048653,0.3396158122444679,38.24390124037711,52.98435015949944,-34.292290827877096,43.702258696123984,1.1803483049579677,2.092735698944333,2.9305657948696395,2.5416294898666933,71.74814487802757,69.34820098876953,66.9482570995115,0.8330612182617188,-4.04920123111918,-2.9256897950783696,57.142857142857146,7.142857142857143,-50.0,0.8068651399157872,0.03295194775698884,1.0315675641257815,1.0254122353083372,0.17066998079313073,0.05852407444714779,1.2176703197378826,0.11954921730321784,1.0,0.48953958685242294,2.9258218091135797,2.7984438680992962,7706134.882346939,11599112.344263075,-12723594.683082735,308077.35310127685,5931889.398804585,4925036.594805413,-816404.9857183837,4925036.594805413,10576855.672608837,12544349.677641992,88472814.05266169,88472814.05266169,11405709.784095723,10576855.672608837,10576855.672608837,10576855.672608837,10576855.672608837,10576855.672608837,10576855.672608837,10576855.672608837,0.039629950421664256,0.03920984494016251,3779548.981910665,3743139.840180514,3743139.840180514,3743139.840180514,28778625.834474277,28778625.834474277,180726577.43883905,118754017.1593072,61972560.27953186,61769509.296806015,61769509.296806015,117409679.61850162,135745883.5344476,-63273486.92058225,-63273486.92058225,75462147.29055277,57125943.374606766,0.0030107559507624787,-227010.99868749088,71.41063690185547,2022-10-10,0,0,0,1,0,0,0,0,0,0,0,11.847518171867646,1
69.68524322509765,69.18176193237305,70.79233055114746,77.34325088500977,70.21160535671906,70.02930020918217,71.3106948161015,75.11942367541783,46.477805259007475,61.004413599033114,47.24115584747482,-2.0403411455139917,-2.5402269823866908,0.49988583687269905,36.43006986793929,104.28175381020407,-25.672647675196686,47.05840596712096,2.390065562699273,2.048819979836869,2.869825054121784,1.477915631439842,72.60819468468412,69.68524322509765,66.76229176551118,1.6664810180664062,-3.700215420321598,-2.664444507696686,50.0,0.0,-50.0,0.07005923715758547,-0.0002636770447658199,1.020830564383858,1.0014524359709664,0.17066998079313073,0.05852407444714779,1.2176703197378826,0.11954921730321784,1.0,0.48953958685242294,2.9258218091135797,2.7984438680992962,7708167.349134119,11602171.57057567,-12726950.487776233,308158.60745220905,5933453.9143979885,4926335.55640645,-816620.3097483539,4926335.55640645,10579645.282211522,12547658.207076766,88496148.45555961,88496148.45555961,11408718.001142832,10579645.282211522,10579645.282211522,10579645.282211522,10579645.282211522,10579645.282211522,10579645.282211522,10579645.282211522,0.039640402685897795,0.039220186403008415,3780545.825061419,3744127.0805443395,3744127.0805443395,3744127.0805443395,28786216.098865215,28786216.098865215,180774243.4571236,118785338.12622583,61988905.33089777,61785800.794167906,61785800.794167906,117440646.02097982,135781686.0481581,-63290175.08691187,-63290175.08691187,75482050.17447564,57141010.14729734,0.003011550027373861,-227070.8720639891,71.39180755615234,2022-10-11,0,0,0,1,0,0,0,0,0,0,0,14.327873130623917,1
69.97602996826171,69.16513214111328,70.57938156127929,77.09024383544921,70.17826862241557,70.04426292638698,71.19649484826408,74.92303824319787,42.59529085874174,63.46947365048669,55.861451672849455,-1.8957348054165806,-2.4113285469926686,0.5155937415760881,34.23871223589992,64.22966307627095,-45.83429724387378,42.01531998763971,-0.23662905266741419,2.0302301567508105,2.895712402915603,1.7885624566320502,72.71575601760198,69.97602996826171,67.23630391892145,-0.16629791259765625,-3.3995712556783686,-2.43897198408078,42.85714285714286,71.42857142857143,28.571428571428573,-0.8842099768307504,-0.017932203234058974,1.025517076943869,0.9779411735242391,0.17066998079313073,0.05852407444714779,1.2176703197378826,0.11954921730321784,1.0,0.48953958685242294,2.9258218091135797,2.7984438680992962,7848915.700645084,11814023.032608254,-12959340.006553013,313785.47231363226,6041796.639638847,5016288.664213839,-831531.5016311255,5016288.664213839,10772825.783567566,12776773.913570534,90112056.16046806,90112056.16046806,11617037.070875365,10772825.783567566,10772825.783567566,10772825.783567566,10772825.783567566,10772825.783567566,10772825.783567566,10772825.783567566,0.04036422212034452,0.03993633283991683,3849577.2262476976,3812493.488610632,3812493.488610632,3812493.488610632,29311842.006897528,29311842.006897528,184075115.84478524,120954315.49369526,63120800.35108998,62913987.198883265,62913987.198883265,119585069.79632668,138261010.5893935,-64445830.82281436,-64445830.82281436,76860325.14562279,58184384.352555975,0.0030665398430650423,-231217.1041671042,70.1115951538086,2022-10-12,0,0,0,1,0,0,0,0,0,0,0,14.135680868523309,1
70.50506591796875,69.3285041809082,70.42693290710449,76.8438298034668,70.27841453489815,70.12325264156449,71.12813403984495,74.74875071836121,44.03891418392975,58.87691095911589,61.11693273621185,-1.731550199952224,-2.2753728775845796,0.5438226776323556,32.11369291194447,30.83187477857262,-40.052782023697354,42.02393617687768,2.3730419508735334,2.045243157648914,2.901930616044414,2.2404121693242587,72.21283434994649,70.50506591796875,68.79729748599101,1.6337203979492188,-2.836640840611483,-2.025148098285385,35.714285714285715,64.28571428571429,28.571428571428573,0.6302508078165868,0.005236098326522498,1.0325938782830455,1.0204443225275726,0.17066998079313073,0.05852407444714779,1.2176703197378826,0.11954921730321784,1.0,0.48953958685242294,2.9258218091135797,2.7984438680992962,7808032.076953512,11752485.861058684,-12891837.079992661,312151.0188860208,6010325.9818235645,4990159.697373342,-827200.2000479553,4990159.697373342,10716712.02566416,12710221.941731703,89642678.28272687,89642678.28272687,11556525.964611646,10716712.02566416,10716712.02566416,10716712.02566416,10716712.02566416,10716712.02566416,10716712.02566416,10716712.02566416,0.04015397197488359,0.039728311494584466,3829525.45442441,3792634.879465153,3792634.879465153,3792634.879465153,29159161.768757336,29159161.768757336,183116300.8881458,120324285.70268738,62792015.18545842,62586279.28664718,62586279.28664718,118962172.16573021,137540833.2625191,-64110143.80611803,-64110143.80611803,76459973.20786314,57881312.11107425,0.003050566775477022,-230012.73487096746,70.47870635986328,2022-10-13,0,0,0,1,0,0,0,0,0,0,0,13.219110425280519,1
70.52389373779297,69.57646331787109,70.18238410949706,76.5746238708496,69.92785059569381,69.96024720078643,70.94704724722021,74.53220060067196,40.31532130005151,39.30847873653599,53.88495444871281,-1.6830561107490354,-2.156909524217471,0.47385341346843557,29.920168477249174,24.057890448806134,-59.76986601785654,37.42157704853374,3.7149032768371892,2.065235101464476,2.98329174110796,2.325130371066777,72.17174628290209,70.52389373779297,68.87604119268386,2.4795913696289062,-2.695092079159035,-1.918867746988937,28.571428571428573,57.142857142857146,28.571428571428573,-0.6842111765941433,-0.017763998620881516,1.0336741823051923,0.9775355261731422,0.17066998079313073,0.05852407444714779,1.2176703197378826,0.11954921730321784,1.0,0.48953958685242294,2.9258218091135797,2.7984438680992962,7949242.4081285605,11965032.68517697,-13124989.373115774,317796.3528599461,6119024.321430598,5080408.059129229,-842160.3350788571,5080408.059129229,10910526.605232604,12940089.676906351,91263889.89699334,91263889.89699334,11765528.802024756,10910526.605232604,10910526.605232604,10910526.605232604,10910526.605232604,10910526.605232604,10910526.605232604,10910526.605232604,0.04088016720880216,0.04044680854581132,3898783.438040884,3861225.687248345,3861225.687248345,3861225.687248345,29686512.943748873,29686512.943748873,186428007.7609042,122500382.32537277,63927625.43553143,63718168.748419195,63718168.748419195,121113634.6038021,140028295.71447542,-65269592.76192638,-65269592.76192638,77842772.10416716,58928110.993493825,0.003105737084767655,-234172.5761914812,69.22672271728516,2022-10-14,0,0,0,1,0,0,0,0,0,0,0,14.105437867856335,1
70.10405120849609,69.72612609863282,69.9551815032959,76.30636245727538,69.72237514891957,69.8422793925291,70.79127362894887,74.32746427340525,40.68074658212149,29.11459597718608,42.433328557612604,-1.6191252217453922,-2.049352663723055,0.43022744197766283,28.008966297054943,-3.7932259503815446,-58.43592898858685,44.68739213689057,2.20693401147376,2.012525197064665,2.9035980989940633,1.3272964398671263,71.70322663922394,70.10405120849609,68.50487577776823,1.4966278076171875,-2.3499119099667145,-1.668125494932525,21.42857142857143,50.0,28.571428571428573,-0.3120593471167878,0.0012235381766063647,1.01928595296052,0.9940596402967584,0.17066998079313073,0.05852407444714779,1.2176703197378826,0.11954921730321784,1.0,0.48953958685242294,2.9258218091135797,2.7984438680992962,7939528.0924032675,11950410.901213204,-13108950.072247153,317407.99206409574,6111546.610834134,5074199.582224658,-841131.1789698537,5074199.582224658,10897193.473000523,12924276.331409862,91152361.50280684,91152361.50280684,11751150.820376966,10897193.473000523,10897193.473000523,10897193.473000523,10897193.473000523,10897193.473000523,10897193.473000523,10897193.473000523,0.04083020988824504,0.040397380808157635,3894018.957186338,3856507.103578763,3856507.103578763,3856507.103578763,29650234.749587413,29650234.749587413,186200184.7264003,122350681.59550686,63849503.13089344,63640302.40885119,63640302.40885119,120965628.53922717,139857175.12144202,-65189830.5155641,-65189830.5155641,77747644.89249995,58856098.3102851,0.00310194174062639,-233886.4072432298,69.3114242553711,2022-10-17,0,0,0,1,0,0,0,0,0,0,0,10.48643187781948,1
69.87248077392579,69.77886199951172,69.84434623718262,76.04063049316406,69.8929018937133,69.91349320903304,70.7381957007919,74.166934513009,44.65528160492978,25.477142183351177,31.300072299024368,-1.476993122186954,-1.934880755415835,0.4578876332288808,26.40353496588066,65.11853281829057,-43.90728570762561,42.93363845820172,0.7565410394673844,2.0059417853518493,2.856085456677545,1.9203574330852433,70.8872268212331,69.87248077392579,68.85773472661847,0.5273590087890625,-1.6202466078356323,-1.1464149279472053,14.285714285714286,42.85714285714286,28.571428571428573,-0.019107506450972832,0.013309943315126693,1.0211875806633455,0.9995980870908067,0.17066998079313073,0.05852407444714779,1.2176703197378826,0.11954921730321784,1.0,0.48953958685242294,2.9258218091135797,2.7984438680992962,7835241.472543385,11793440.871720308,-12936762.496734362,313238.80137371336,6031270.739177499,5007549.383778864,-830082.8236403405,5007549.383778864,10754057.576252986,12754514.466844201,89955064.6908629,89955064.6908629,11596798.095094291,10754057.576252986,10754057.576252986,10754057.576252986,10754057.576252986,10754057.576252986,10754057.576252986,10754057.576252986,0.04029390035852767,0.03986675653847261,3842870.5677620564,3805851.4366906174,3805851.4366906174,3805851.4366906174,29260775.486505378,29260775.486505378,183754423.76222137,120743591.24043189,63010832.52178948,62804379.67542953,62804379.67542953,119376731.01625568,138020134.9489257,-64333554.55122666,-64333554.55122666,76726420.58375758,58083016.65108756,0.0030611973770612896,-230814.28223042123,70.23395538330078,2022-10-18,0,0,0,1,0,0,0,0,0,0,0,9.21024516862098,1
69.91201477050781,69.94402236938477,69.74008522033691,75.75505187988281,70.03168964138179,69.98545174133953,70.69734517088018,74.01565336099762,44.979375646100706,40.93618695326677,31.842641704601295,-1.3427966180187951,-1.816463927936427,0.47366730991763184,24.94985796968859,61.30465160169514,-42.721256846526614,36.70669276389159,2.4055635804347997,1.9648634726527636,2.794601065495451,1.4308454075646466,70.97519006523646,69.91201477050781,68.84883947577916,1.6516036987304688,-1.1046055485331228,-0.7798167986747444,7.142857142857143,35.714285714285715,28.571428571428573,-0.0723689824272596,0.0010722698587453117,1.020479609513162,0.9985294036649243,0.17066998079313073,0.05852407444714779,1.2176703197378826,0.11954921730321784,1.0,0.48953958685242294,2.9258218091135797,2.7984438680992962,7826848.978295009,11780808.66567646,-12922905.65451362,312903.28461292054,6024810.516456053,5002185.690834735,-829193.7042242395,5002185.690834735,10742538.675824495,12740852.834375193,89858711.90254413,89858711.90254413,11584376.517322412,10742538.675824495,10742538.675824495,10742538.675824495,10742538.675824495,10742538.675824495,10742538.675824495,10742538.675824495,0.040250740702480234,0.03982405440528079,3838754.3871376025,3801774.9080469846,3801774.9080469846,3801774.9080469846,29229433.645818774,29229433.645818774,183557600.4798832,120614260.20467955,62943340.27520363,62737108.56489057,62737108.56489057,119248864.05364136,137872298.63873947,-64264645.50886456,-64264645.50886456,76644237.27827756,58020802.69317946,0.003057918463262633,-230567.0521300025,70.30926513671875,2022-10-19,0,0,0,1,0,0,0,0,0,0,0,9.093267745825113,1
69.52041320800781,70.01273956298829,69.57589759826661,75.44325424194336,69.52802594337562,69.7191329787984,70.49004549245001,73.80016493693353,39.12022364781944,36.183485000748284,34.1989380457887,-1.3650320578582011,-1.7261775539207818,0.3611454960625806,23.572806473094754,-37.26849876741668,-70.88885613549857,33.45233951437504,1.013026994707955,1.9852175376463024,2.8972523335763554,2.249820382562305,70.8652670114308,69.52041320800781,68.17555940458482,0.6871719360351562,-0.9288462117078109,-0.6536463713034664,0.0,28.571428571428573,28.571428571428573,-0.7238477695986146,-0.025438561843557084,1.0328522252872636,0.9767848120575562,0.17066998079313073,0.05852407444714779,1.2176703197378826,0.11954921730321784,1.0,0.48953958685242294,2.9258218091135797,2.7984438680992962,8031149.881223385,12088318.093071653,-13260226.752824945,321070.865685834,6182073.57747815,5132755.611895811,-850837.7940674602,5132755.611895811,11022946.58420502,13073421.885516824,92204255.55984232,92204255.55984232,11886758.56007224,11022946.58420502,11022946.58420502,11022946.58420502,11022946.58420502,11022946.58420502,11022946.58420502,11022946.58420502,0.04130138863140502,0.0408635647236516,3938955.756754846,3901011.0180828837,3901011.0180828837,3901011.0180828837,29992397.094134435,29992397.094134435,188348926.2894653,123762602.83070812,64586323.45875721,64374708.57000972,64374708.57000972,122361566.3258972,141471120.4863077,-65942118.159766935,-65942118.159766935,78644849.13671921,59535294.9763087,0.0031377380055661055,-236585.44561968435,68.52069854736328,2022-10-20,0,0,0,1,0,0,0,0,0,0,0,6.516374025806286,1
69.57689208984375,70.05039291381836,69.4911003112793,75.15459686279297,69.52172300440536,69.68094827837412,70.39662374330857,73.63188855220926,43.50035870887896,36.391544697856105,37.83707221729034,-1.2880488598797513,-1.6385518151125757,0.3505029552328245,22.645783607385784,-75.66084657007163,-60.400328202899715,41.40795293896372,0.544654182722959,1.9678085684650568,2.831007858846527,1.7414919691088642,70.89103481188727,69.57689208984375,68.26274936780024,0.37653350830078125,-0.6097238597874088,-0.42813164148574856,0.0,21.42857142857143,21.42857142857143,0.6810786735564931,0.014425109493277244,1.0256694669342972,1.0173600781902545,0.17066998079313073,0.05852407444714779,1.2176703197378826,0.11954921730321784,1.0,0.48953958685242294,2.9258218091135797,2.7984438680992962,7916947.053129513,11916422.395252,-13071666.531843495,316505.24290177954,6094164.586054265,5059767.905843449,-838738.8936897158,5059767.905843449,10866200.452896096,12887518.02688246,90893112.46041605,90893112.46041605,11717729.035719432,10866200.452896096,10866200.452896096,10866200.452896096,10866200.452896096,10866200.452896096,10866200.452896096,10866200.452896096,0.04071408351872891,0.04028248546022648,3882943.8663268317,3845538.7012566216,3845538.7012566216,3845538.7012566216,29565905.667611234,29565905.667611234,185670607.44735393,122002700.51727095,63667906.93008297,63459301.2018068,63459301.2018068,120621586.7300632,139459403.3234991,-65004422.251245484,-65004422.251245484,77526520.5885959,58688703.995159976,0.003093119419267391,-233221.20421276128,69.50911712646484,2022-10-21,0,0,0,1,0,0,0,0,0,0,0,4.294160085850712,1
69.74068908691406,69.92237014770508,69.46874198913574,74.8588851928711,69.72461841651112,69.76266845334658,70.37126998115752,73.49457563803331,46.1242590409831,38.58147785609382,37.052169184899356,-1.1634940049429616,-1.5435402530786528,0.3800462481356912,21.043311755548253,17.130955068758123,-49.71772361871054,38.005512623803824,-1.7927688600401614,1.9381954753749877,2.763701932384468,1.553225265204091,71.08544918486807,69.74068908691406,68.39592898896005,-1.2802276611328125,-0.11898769161868936,-0.08336746998323008,7.142857142857143,14.285714285714286,7.142857142857143,0.03030485182804735,0.00893828234255123,1.0224245920741812,1.0006716326904965,0.17066998079313073,0.05852407444714779,1.2176703197378826,0.11954921730321784,1.0,0.48953958685242294,2.9258218091135797,2.7984438680992962,7846810.049419433,11810853.65061624,-12955863.367077043,313701.2921810422,6040175.789449521,5014942.9300032975,-831308.4242797618,5014942.9300032975,10769935.726560963,12773346.251626255,90087881.53957303,90087881.53957303,11613920.534874767,10769935.726560963,10769935.726560963,10769935.726560963,10769935.726560963,10769935.726560963,10769935.726560963,10769935.726560963,0.040353393494197705,0.039925619004859914,3848544.489075604,3811470.6999996626,3811470.6999996626,3811470.6999996626,29303978.43460272,29303978.43460272,184025733.48318613,120921866.73104055,63103866.75214556,62897109.082298964,62897109.082298964,119552988.36515965,138223918.9097895,-64428541.75412823,-64428541.75412823,76839705.60478182,58168775.06015198,0.0030657171735874577,-231155.07488849433,70.13040924072266,2022-10-24,0,0,0,1,0,0,0,0,0,0,0,4.435629902221824,1
70.02686004638672,69.94967041015624,69.56571617126465,74.57175903320312,70.3713490045621,70.10851240376793,70.49446428587244,73.42282012990118,52.04727173200823,69.61998887944509,48.19767047779829,-0.9302467472627711,-1.4208815519154765,0.49063480465270537,20.153219154491694,106.83725016540274,-25.11445966852156,46.81576738168534,0.3824004936378689,1.9409555311779638,2.7083802026195203,1.9768362566166502,72.08791529170996,70.02686004638672,67.96580480106347,0.27300262451171875,0.30281330027371145,0.211907802483978,0.0,7.142857142857143,7.142857142857143,0.7619018208768764,0.021879252617428513,1.0282752955222014,1.0214678451674086,0.17066998079313073,0.05852407444714779,1.2176703197378826,0.11954921730321784,1.0,0.48953958685242294,2.9258218091135797,2.7984438680992962,7678803.566390759,11557973.821627233,-12678467.963697337,306984.6964575626,5910850.791791978,4907568.9883693075,-813509.4456125409,4907568.9883693075,10539342.783381684,12499858.68575839,88159027.89769249,88159027.89769249,11365257.201501077,10539342.783381684,10539342.783381684,10539342.783381684,10539342.783381684,10539342.783381684,10539342.783381684,10539342.783381684,0.03948939504431374,0.03907077954914433,3766144.0715407343,3729864.061959386,3729864.061959386,3729864.061959386,28676556.80408804,28676556.80408804,180085595.2519096,118332832.7895031,61752762.462406516,61550431.6397413,61550431.6397413,116993263.204961,135264434.18412158,-63049075.11244777,-63049075.11244777,75194506.01229607,56923335.033135496,0.0030000777153807254,-226205.8597397067,71.66481018066406,2022-10-25,0,0,0,1,0,0,0,0,0,0,0,3.796438932211961,1
70.3488037109375,70.13040924072266,69.64777069091797,74.27810317993163,70.88722715619896,70.43768895935061,70.63013277859626,73.36384614282555,52.96963807409054,81.89995611754551,63.36714095102809,-0.7166261357022421,-1.2800304686728297,0.5634043329705876,19.711409511815386,145.06624444359767,-14.5873227182742,49.99229042943923,2.577873605213332,1.908553811565094,2.653755267050723,1.4873314565977864,72.92439306716987,70.3488037109375,67.77321435470513,1.8073883056640625,0.39268457638453247,0.27471914046850543,0.0,0.0,0.0,0.012660917264620385,0.003546695765576313,1.0209050250433507,1.000261904597804,0.17066998079313073,0.05852407444714779,1.2176703197378826,0.11954921730321784,1.0,0.48953958685242294,2.9258218091135797,2.7984438680992962,7651665.436985795,11517126.079330064,-12633660.2145108,305899.7630632155,5889960.892435367,4890224.848606041,-810634.3721175211,4890224.848606041,10502095.047347575,12455682.170546748,87847459.68441315,87847459.68441315,11325090.550799787,10502095.047347575,10502095.047347575,10502095.047347575,10502095.047347575,10502095.047347575,10502095.047347575,10502095.047347575,0.03934983315767727,0.03893269711713652,3752833.9113982664,3716682.1212180685,3716682.1212180685,3716682.1212180685,28575209.230509736,28575209.230509736,179449143.73369303,117914625.4865903,61534518.24710274,61332902.494174704,61332902.494174704,116579790.15685989,134786387.8729951,-62826249.519310586,-62826249.519310586,74928756.50886616,56722158.792730965,0.002989474957208697,-225406.41177353574,71.91898345947266,2022-10-26,0,0,0,1,0,0,0,0,0,0,0,3.3638340158902,1
71.25814514160156,70.38927917480468,69.85889167785645,74.00535568237305,71.61395333769384,70.91581927595661,70.86225400927124,73.35222102744744,56.994665485979404,88.73533508760464,80.08509336153169,-0.4494808494462319,-1.11392054482751,0.6644396953812781,19.886122349365557,195.3832119067227,-13.281247743416305,50.74773513061069,3.673023349211957,1.9114118458208247,2.6159569064909913,1.948566291145326,73.82039333674274,71.25814514160156,68.69589694646038,2.5886993408203125,0.5550762363998262,0.3884707719851832,0.0,100.0,100.0,0.4731207494852183,0.01596827688558866,1.0242788225497057,1.0114673561025465,0.17066998079313073,0.05852407444714779,1.2176703197378826,0.11954921730321784,1.0,0.48953958685242294,2.9258218091135797,2.7984438680992962,7531401.925699567,11336107.968484376,-12435093.20314488,301091.84511246684,5797386.617710952,4813363.723911572,-797893.3895480371,4813363.723911572,10337030.482429372,12259912.493261263,86466734.91982064,86466734.91982064,11147090.719718546,10337030.482429372,10337030.482429372,10337030.482429372,10337030.482429372,10337030.482429372,10337030.482429372,10337030.482429372,0.03873136007583096,0.03832078028704123,3693849.499811582,3658265.9181164717,3658265.9181164717,3658265.9181164717,28126084.1313923,28126084.1313923,176628687.93874884,116061326.0957842,60567361.842964634,60368914.9450496,60368914.9450496,114747470.77165708,132667909.95303272,-61838790.58891682,-61838790.58891682,73751078.86100279,55830639.67962714,0.0029424884863263803,-221863.63186900908,73.0674057006836,2022-10-27,0,0,0,1,0,0,0,0,0,0,0,0.9367144992148451,1
72.26726684570312,70.92207946777344,70.24927139282227,73.77190719604492,72.59421077412011,71.57743861614135,71.21391797476662,73.3993780713504,61.58060699668416,88.96018273057128,86.53182464524042,-0.11641009271038172,-0.9144184544040843,0.7980083616937026,20.45936729282736,191.93172174026574,-3.908377342436707,55.889788281006716,7.696454086735427,1.9416351412823818,2.604308612811887,2.334537982282626,75.22335963573438,72.26726684570312,69.31117405567186,5.3280029296875,0.931578636712564,0.6529518518692328,64.28571428571429,100.0,35.714285714285715,0.5806440696737163,0.020355450313670476,1.0322035535481737,1.0185184512918215,0.17066998079313073,0.05852407444714779,1.2176703197378826,0.11954921730321784,1.0,0.48953958685242294,2.9258218091135797,2.7984438680992962,7381155.188012489,11109959.735109476,-12187020.904648641,295085.25192853855,5681732.396224042,4717340.141057591,-781975.9176106271,4717340.141057591,10130813.217346597,12015334.939890219,84741777.87087789,84741777.87087789,10924713.261728337,10130813.217346597,10130813.217346597,10130813.217346597,10130813.217346597,10130813.217346597,10130813.217346597,10130813.217346597,0.03795869377080746,0.0375563047909049,3620159.522523298,3585285.810931743,3585285.810931743,3585285.810931743,27564986.419924524,27564986.419924524,173105056.56087875,113745975.54225388,59359081.01862488,59164593.011671975,59164593.011671975,112458330.80656572,130021268.48271246,-60605145.55972312,-60605145.55972312,72279791.16329584,54716853.4871491,0.0028837876893016267,-217437.59177334266,74.55472564697266,2022-10-28,0,0,0,1,0,0,0,0,0,0,0,-6.8108419974259204,0
73.0467025756836,71.39369583129883,70.55991096496582,73.5333480834961,73.07200314628841,72.02292030241111,71.4818865381817,73.42401375053764,59.1722084063963,88.50950657209582,88.73500813009052,0.1038185149689923,-0.7107710605294689,0.8145895754984612,20.991666168899034,161.5431917751906,-11.455323128078643,60.488396794695845,6.804309225962046,1.8695135082803556,2.525428102618368,0.9319322792540135,75.31263729680373,73.0467025756836,70.78076785456346,4.716163635253906,1.1967803444905125,0.8401333246475531,57.142857142857146,92.85714285714286,35.714285714285715,-0.5858616995861683,-0.007070480801495083,1.0126162590591157,0.9926785935102572,0.17066998079313073,0.05852407444714779,1.2176703197378826,0.11954921730321784,1.0,0.48953958685242294,2.9258218091135797,2.7984438680992962,7433715.1281095715,11189071.85283147,-12273802.590224164,297186.50339525816,5722191.038101425,4750931.511096014,-787544.2339974341,4750931.511096014,10202953.000656296,12100894.079157831,85345209.53640462,85345209.53640462,11002506.271086384,10202953.000656296,10202953.000656296,10202953.000656296,10202953.000656296,10202953.000656296,10202953.000656296,10202953.000656296,0.03822899111857185,0.03782373679576013,3645938.0575627354,3610816.016252387,3610816.016252387,3610816.016252387,27761271.96034523,27761271.96034523,174337707.9781147,114555941.12467308,59781766.853441596,59585893.93074927,59585893.93074927,113259127.2916756,130947127.63466428,-61036704.40641521,-61036704.40641521,72794483.15892579,55106482.8159371,0.002904322646817296,-218985.9275700241,74.027587890625,2022-10-31,0,0,0,1,0,0,0,0,0,0,0,-4.8951946955480725,0
73.50984344482421,71.76835174560547,70.77360687255859,73.32081970214844,73.37484027298133,72.37884652494857,71.71985110848507,73.44583731037409,58.95048701586112,84.37686656858115,87.28218529041601,0.2714240387659572,-0.5143320406703837,0.785756079436341,21.334891910182623,124.23941755520931,-13.756638440832063,55.95140366615691,5.334398614772029,1.8274220780571204,2.4701397249755734,1.2802334851550654,75.36628219575854,73.50984344482421,71.65340469388988,3.7465591430664062,1.5717261745817654,1.1054003788874667,50.0,100.0,50.0,-0.21323587160183552,-0.0006358894784922464,1.017375759150132,0.9963235176771665,0.17066998079313073,0.05852407444714779,1.2176703197378826,0.11954921730321784,1.0,0.48953958685242294,2.9258218091135797,2.7984438680992962,7438445.157121327,11196191.393137552,-12281612.338289002,297375.601411356,5725832.034447745,4753954.500744268,-788045.3437400934,4753954.500744268,10209445.079363508,12108593.806558758,85399514.18894573,85399514.18894573,11009507.100815179,10209445.079363508,10209445.079363508,10209445.079363508,10209445.079363508,10209445.079363508,10209445.079363508,10209445.079363508,0.03825331599973352,0.03784780381599076,3648257.946405681,3613113.557147975,3613113.557147975,3613113.557147975,27778936.293658078,27778936.293658078,174448638.03157628,114628832.39312373,59819805.63845254,59623808.08297688,59623808.08297688,113331193.40514691,131030448.51823916,-61075541.70077595,-61075541.70077595,72840801.8584325,55141546.74534026,0.0029061706501564335,-219125.2670217951,73.98051452636719,2022-11-01,0,0,0,1,0,0,0,0,0,0,0,-4.527877003217771,0
73.66610412597656,72.00745391845703,70.97573814392089,73.10722442626952,73.14998913706567,72.43729022318236,71.8132259424612,73.41660003801567,53.12072941424645,59.52254811885256,77.46964041984312,0.2975193332884203,-0.35196176587862293,0.6494810991670432,20.81916827179626,74.20544381348299,-31.74599910934052,48.43944803423574,3.400720692879089,1.8515416028884248,2.546814713841027,2.165095425695384,75.02563798878523,73.66610412597656,72.30657026316788,2.391021728515625,1.8076348026350435,1.2733840453318948,42.85714285714286,92.85714285714286,50.0,-0.5565223160234201,-0.017304930485128378,1.0298235910328104,0.9836963604067184,0.17066998079313073,0.05852407444714779,1.2176703197378826,0.11954921730321784,1.0,0.48953958685242294,2.9258218091135797,2.7984438680992962,7569433.680778997,11393352.567307366,-12497887.411149912,302612.2859842594,5826662.015587831,4837670.044575637,-801922.5578582874,4837670.044575637,10389229.981995959,12321822.081122706,86903370.9827251,86903370.9827251,11203380.827228792,10389229.981995959,10389229.981995959,10389229.981995959,10389229.981995959,10389229.981995959,10389229.981995959,10389229.981995959,0.038926944060702455,0.03851429094345119,3712502.5448705275,3676739.2747087516,3676739.2747087516,3676739.2747087516,28268114.042102337,28268114.042102337,177520620.02071157,116647407.67419612,60873212.34651545,60673763.339844,60673763.339844,115326917.69899209,133337850.75661887,-62151061.499603525,-62151061.499603525,74123503.9414535,56112570.88382671,0.0029573473403007164,-222983.98945867404,72.70028686523438,2022-11-02,0,0,0,1,0,0,0,0,0,0,0,-2.2742327294066977,0
73.50419311523437,72.38116912841797,71.19695434570312,72.88871353149415,72.852609640368,72.40466484568968,71.85557115241467,73.37115888542576,51.235005806205194,40.792081447813906,61.56383204508248,0.2792797735995265,-0.22571345798299305,0.5049932315825195,19.427544282619838,21.07113143571519,-37.96297515567772,47.14533548159735,5.454048453732785,1.8389741839658544,2.5450164480403084,1.6755977379724385,75.24868790395384,73.50419311523437,71.75969832651491,3.737152099609375,1.9368577009924746,1.3658897693340606,35.714285714285715,85.71428571428572,50.0,0.19101359576182456,-0.006085756155018607,1.023523177248171,1.0044491491158307,0.17066998079313073,0.05852407444714779,1.2176703197378826,0.11954921730321784,1.0,0.48953958685242294,2.9258218091135797,2.7984438680992962,7615781.469733706,11463114.2856268,-12574412.217699518,304465.18686923775,5862338.779900414,4867291.191905041,-806832.74520348,4867291.191905041,10452843.438287966,12397268.836248325,87435482.00550714,87435482.00550714,11271979.344906298,10452843.438287966,10452843.438287966,10452843.438287966,10452843.438287966,10452843.438287966,10452843.438287966,10452843.438287966,0.03916529449272467,0.038750114692448434,3735234.269818512,3699252.0204612385,3699252.0204612385,3699252.0204612385,28441200.251589566,28441200.251589566,178607582.21350038,117361642.00941803,61245940.20408235,61045269.96728216,61045269.96728216,116033066.64853409,134154280.99792407,-62531613.65227108,-62531613.65227108,74577363.59095219,56456149.2415622,0.002975455235313005,-224349.32474260058,72.25785064697266,2022-11-03,0,0,0,1,0,0,0,0,0,0,0,-1.0214042241241958,0
73.47030792236328,72.8687873840332,71.45959014892578,72.70863082885742,73.36350632111773,72.76478027058559,72.09649767910062,73.4109291127666,58.807299495611844,44.21716944115633,48.177266335940864,0.43151787898186456,-0.09426719059002153,0.5257850695718861,19.21273650954356,83.81459217822257,-8.068723400317738,52.107199367123414,7.0151697471291685,1.8999234178823161,2.554165172404759,2.692263458796319,75.13669724930976,73.47030792236328,71.80391859541679,4.876182556152344,2.1099757476966996,1.4924703255677798,28.571428571428573,78.57142857142857,50.0,0.660076655619653,0.029442462190558683,1.0328188679319976,1.0215901512849292,0.17066998079313073,0.05852407444714779,1.2176703197378826,0.11954921730321784,1.0,0.48953958685242294,2.9258218091135797,2.7984438680992962,7397967.103016155,11135264.676409742,-12214779.047429545,295757.36192323355,5694673.568667351,4728084.735836419,-783757.0090965689,4728084.735836419,10153887.97548265,12042702.036856027,84934792.58612715,84934792.58612715,10949596.270704208,10153887.97548265,10153887.97548265,10153887.97548265,10153887.97548265,10153887.97548265,10153887.97548265,10153887.97548265,0.03804515155648868,0.03764184606295699,3628405.090140033,3593451.9473672872,3593451.9473672872,3593451.9473672872,27627770.658565328,27627770.658565328,173499334.61403942,114005052.55989079,59494282.05414864,59299351.06560832,59299351.06560832,112714474.9805894,130317415.42160222,-60743184.732451744,-60743184.732451744,72444421.45145094,54841481.01043813,0.002890356036977055,-217932.84518806994,74.38529968261719,2022-11-04,0,0,0,1,0,0,0,0,0,0,0,-4.6786867053066565,0
73.71506195068359,73.3808822631836,71.65162620544433,72.59157241821289,73.99279022482067,73.21688531815667,72.39696056987452,73.48310279588267,61.43278838572337,69.21575016931816,51.40833368609606,0.6149624409570151,0.04757873571938581,0.5673837052376294,19.239870134730587,103.4173006287437,-2.4782730057046467,54.711930796193975,7.302037514035109,1.871797123451183,2.4873931479742617,1.5061552958464546,75.91199118852849,73.71506195068359,71.51813271283869,5.120948791503906,2.429280197934281,1.726272974258805,21.42857142857143,100.0,78.57142857142857,0.36875283122332353,0.011642869670548173,1.0203717654121491,1.0074354628686928,0.17066998079313073,0.05852407444714779,1.2176703197378826,0.11954921730321784,1.0,0.48953958685242294,2.9258218091135797,2.7984438680992962,7312824.836520994,11007110.325441286,-12074200.702276895,292353.5279001669,5629134.291750487,4673669.807385851,-774736.8489354424,4673669.807385851,10037028.164681641,11904104.104225889,83957288.81456658,83957288.81456658,10823578.753903594,10037028.164681641,10037028.164681641,10037028.164681641,10037028.164681641,10037028.164681641,10037028.164681641,10037028.164681641,0.037607294725339656,0.03720863082365761,3586646.235466139,3552095.363987028,3552095.363987028,3552095.363987028,27309806.144892413,27309806.144892413,171502552.74427158,112692982.84780844,58809569.896463126,58616882.34398347,58616882.34398347,111417258.3624259,128817608.79117492,-60044099.1120052,-60044099.1120052,71610667.77947362,54210317.35072459,0.002857091295387995,-215424.68367225482,75.25135803222656,2022-11-07,0,0,0,1,0,0,0,0,0,0,0,-6.316162892389662,0
74.11231384277343,73.81107864379882,71.88037452697753,72.50249572753906,74.65078481215258,73.7168650760948,72.73694280005947,73.58050166611537,63.50222650110897,87.9385858132876,67.12383514125396,0.8087489124893494,0.19981277107337855,0.6089361414159709,19.885245173423677,123.30572221375371,-10.197734462906064,51.511989341285194,6.002895696377708,1.8813165058192267,2.4764991417770594,2.005068476603796,76.97501456621738,74.11231384277343,71.24961311932948,4.301963806152344,2.733287064611463,1.9508734482985233,14.285714285714286,100.0,85.71428571428572,0.2159622899675109,0.009507017192745826,1.0267755772684526,1.0057327903379762,0.17066998079313073,0.05852407444714779,1.2176703197378826,0.11954921730321784,1.0,0.48953958685242294,2.9258218091135797,2.7984438680992962,7243956.418308632,10903451.029047865,-11960492.09826499,289600.2929361983,5576122.003989709,4629655.592075497,-767440.7762809255,4629655.592075497,9942504.602486845,11791997.382374838,83166622.30643669,83166622.30643669,10721647.863332327,9942504.602486845,9942504.602486845,9942504.602486845,9942504.602486845,9942504.602486845,9942504.602486845,9942504.602486845,0.03725312859133824,0.03685821910097069,3552869.0483399965,3518643.559174809,3518643.559174809,3518643.559174809,27052616.455144595,27052616.455144595,169887430.02618128,111631698.3721292,58255731.65405207,58064858.733707756,58064858.733707756,110367988.00295307,127604470.89252843,-59478634.70922356,-59478634.70922356,70936275.38975388,53699792.500178516,0.0028301846809673926,-213395.9249449414,75.9667739868164,2022-11-08,0,0,0,1,0,0,0,0,0,0,0,-6.227324636237578,0
74.4850860595703,74.07559509277344,72.10300216674804,72.40597061157227,74.6219058578413,73.87091650757189,72.91096233807464,73.61907603015864,57.04000664685219,79.37375441797995,78.84269680019516,0.8394690121152877,0.3277440192817604,0.5117249928335272,20.189870578622152,88.4144921607686,-25.702595094913505,49.15083446113179,3.677978139438909,1.8921729860514138,2.537644482090859,2.033307229069848,76.97656875650063,74.4850860595703,71.99360336263999,2.6451644897460938,2.9813853548145324,2.133522767287033,7.142857142857143,92.85714285714286,85.71428571428572,-0.7361142998428237,-0.01846367778946456,1.0273037039065855,0.980321733821388,0.17066998079313073,0.05852407444714779,1.2176703197378826,0.11954921730321784,1.0,0.48953958685242294,2.9258218091135797,2.7984438680992962,7380222.467971832,11108555.82449767,-12185480.89114884,295047.9634660736,5681014.42382858,4716744.034137186,-781877.103185095,4716744.034137186,10129533.036632972,12013816.62149585,84731069.47192302,84731069.47192302,10923332.75979631,10129533.036632972,10129533.036632972,10129533.036632972,10129533.036632972,10129533.036632972,10129533.036632972,10129533.036632972,0.037953897118590374,0.03755155898659118,3619702.0608860576,3584832.7561127944,3584832.7561127944,3584832.7561127944,27561503.169051267,27561503.169051267,173083182.13183874,113731602.02642472,59351580.10541403,59157116.67494775,59157116.67494775,112444120.0040273,130004838.33868535,-60597487.18750486,-60597487.18750486,72270657.52390806,54709939.18925003,0.002883423279327537,-217410.1152612963,74.56414794921875,2022-11-09,0,0,0,1,0,0,0,0,0,0,0,-5.402008661991603,0
75.4452621459961,74.47472763061523,72.43200340270997,72.37244857788086,75.43418093159472,74.45051915694093,73.30598793245815,73.75396446345052,64.0474992543276,78.70827620363683,82.00687214496806,1.0529689522445977,0.4727890058743279,0.5801799463702699,20.838555385145277,133.6464597019063,-3.832772911259961,55.325278967044056,5.462525102873106,1.9573913174702906,2.540129184661773,2.805229625915686,77.40745236207191,75.4452621459961,73.48307192992029,3.9913253784179688,3.143787305551314,2.259898112370422,0.0,100.0,100.0,0.1984444345489898,0.03345553055312478,1.0322783170832601,1.006269233507026,0.17066998079313073,0.05852407444714779,1.2176703197378826,0.11954921730321784,1.0,0.48953958685242294,2.9258218091135797,2.7984438680992962,7141306.2776119625,10748944.193614371,-11791006.512517225,285496.52572680934,5497105.831721656,4564051.27718722,-756565.7931760447,4564051.27718722,9801614.812793594,11624899.443003444,81988113.63133675,81988113.63133675,10569717.261031963,9801614.812793594,9801614.812793594,9801614.812793594,9801614.812793594,9801614.812793594,9801614.812793594,9801614.812793594,0.03672523490031229,0.03633592145613936,3502523.2860757196,3468782.787580733,3468782.787580733,3468782.787580733,26669268.63732572,26669268.63732572,167480048.2602298,110049826.68732096,57430221.57290885,57242053.40822527,57242053.40822527,108804023.66596761,125796257.79263507,-58635795.53836433,-58635795.53836433,69931076.26530136,52938842.13863391,0.002790079683239273,-210372.00811624117,77.05873107910156,2022-11-10,0,0,0,1,0,0,0,0,0,0,0,-9.433971978097158,0
76.33954162597657,74.90492477416993,72.91350212097169,72.3613998413086,76.57501964856966,75.25164241613703,73.83462689913067,73.95407162498263,68.08787987107999,82.16522629679416,80.08241897280358,1.3516688263821663,0.6485649699758956,0.7031038564062707,22.103526544654112,177.30822781972182,-3.3570914735849042,65.39570846950579,5.770219658398745,2.0892237758264414,2.649392953448424,3.803045734456404,79.34998040009162,76.33954162597657,73.3291028518615,4.301971435546875,3.338572109148724,2.4140728192451775,0.0,100.0,100.0,0.4653457493517863,0.023332411243215834,1.0504621663593054,1.0229575927149857,0.17066998079313073,0.05852407444714779,1.2176703197378826,0.11954921730321784,1.0,0.48953958685242294,2.9258218091135797,2.7984438680992962,6978481.477916061,10503863.725527663,-11522166.583380943,278987.08434336423,5371769.496720413,4459988.980161873,-739315.7735099152,4459988.980161873,9578133.854751954,11359846.82521753,80118750.00786094,80118750.00786094,10328723.242715564,9578133.854751954,9578133.854751954,9578133.854751954,9578133.854751954,9578133.854751954,9578133.854751954,9578133.854751954,0.03588788403144185,0.03550744709824635,3422664.2756488184,3389693.0747718755,3389693.0747718755,3389693.0747718755,26061198.047002174,26061198.047002174,163661432.41448137,107540644.15259235,56120788.26188902,55936910.41084453,55936910.41084453,106323245.96636675,122928049.97723953,-57298874.63168441,-57298874.63168441,68336618.18679641,51731814.17592364,0.0027264646879010595,-205575.4374677399,78.85669708251953,2022-11-11,0,0,0,1,0,0,0,0,0,0,0,-11.942679426716866,0
76.86857604980469,75.29181900024415,73.34275741577149,72.36373901367188,77.01552314950217,75.73253109526979,74.2214748279151,74.1086778417036,63.954420302702964,85.4677301890157,82.1137442298155,1.4936947979207247,0.8175909355648614,0.6761038623558633,23.373413806256146,164.66041822925794,-18.70752407511722,60.37835456037831,5.226351919582339,2.0509381704408485,2.6329005495565734,1.5532253004281387,79.8577712113674,76.86857604980469,73.87938088824197,3.8689422607421875,3.4130414104847984,2.4794249901404726,0.0,100.0,100.0,-0.6969699772043166,-0.012176098754777653,1.0199395954788992,0.9862931882602625,0.17066998079313073,0.05852407444714779,1.2176703197378826,0.11954921730321784,1.0,0.48953958685242294,2.9258218091135797,2.7984438680992962,7064499.521745918,10633336.278143093,-11664190.92396573,282425.9303623664,5437982.913704472,4514963.623111102,-748428.7154602709,4514963.623111102,9696195.691031605,11499870.38266399,81106308.42892702,81106308.42892702,10456036.981586972,9696195.691031605,9696195.691031605,9696195.691031605,9696195.691031605,9696195.691031605,9696195.691031605,9696195.691031605,0.03633024467843167,0.035945118409755714,3464852.663854667,3431475.0539027513,3431475.0539027513,3431475.0539027513,26382433.158531778,26382433.158531778,165678753.27593762,108866209.8750898,56812543.40084783,56626399.03765445,56626399.03765445,107633805.81532674,124443283.68880321,-58005151.07951437,-58005151.07951437,69178947.88803272,52369470.014556244,0.0027600715921776713,-208109.3980501964,77.89653015136719,2022-11-14,0,0,0,1,0,0,0,0,0,0,0,-9.545992606895124,0
77.42397003173828,75.76814193725586,73.76824684143067,72.39894378662109,77.59159673182957,76.28002433185426,74.65216712015979,74.29044513796951,65.92035837722034,80.56442503900551,82.73246050827173,1.6555305467660304,0.9851788578050952,0.6703516889609352,24.70428677519872,149.21849587051773,-13.26086481606601,57.746058987564616,6.438491811812885,2.0469896722303895,2.599558480380789,1.9956591954944258,80.56464572451021,77.42397003173828,74.28329433896634,4.7632293701171875,3.491771549127144,2.546467267549957,0.0,100.0,100.0,-0.03030174589535753,0.010876142280932033,1.0238871199362183,0.9992832689135116,0.17066998079313073,0.05852407444714779,1.2176703197378826,0.11954921730321784,1.0,0.48953958685242294,2.9258218091135797,2.7984438680992962,6988491.691777039,10518930.889149413,-11538694.44148395,279387.2746122022,5379474.97844222,4466386.567323251,-740376.2777223358,4466386.567323251,9591873.114299832,11376141.845345942,80233675.55783783,80233675.55783783,10343539.177800816,9591873.114299832,9591873.114299832,9591873.114299832,9591873.114299832,9591873.114299832,9591873.114299832,9591873.114299832,0.035939363052387825,0.03555838040518937,3427573.8826287896,3394555.3865382564,3394555.3865382564,3394555.3865382564,26098581.275251668,26098581.275251668,163896194.94046178,107694904.76790264,56201290.17255913,56017148.55974654,56017148.55974654,106475760.29686758,123104382.90492292,-57381066.43671702,-57381066.43671702,68434642.9741016,51806020.36604626,0.002730375638255612,-205870.32312447316,78.74374389648438,2022-11-15,0,0,0,1,0,0,0,0,0,0,0,-9.210016374223677,0
78.2598892211914,76.37248764038085,74.18997077941894,72.38170257568359,77.97564578671451,76.7279733436052,75.04184109885736,74.46508430497009,65.92035837722034,74.79682020263475,80.27632514355192,1.763458491909617,1.1408347846259996,0.6226237072836174,25.621990550877094,113.66239207786153,-13.26086481606601,55.88794471645554,8.312837943064588,2.0399610980519713,2.5906325977257074,1.9485896337325386,79.64530497478556,78.2598892211914,76.87447346759724,6.04345703125,3.628873124876965,2.6567134857177734,35.714285714285715,92.85714285714286,57.142857142857146,-0.14009708129544624,0.0,1.025093947732218,0.996545140492106,0.17066998079313073,0.05852407444714779,1.2176703197378826,0.11954921730321784,1.0,0.48953958685242294,2.9258218091135797,2.7984438680992962,6988491.691777039,10518930.889149413,-11538694.44148395,279387.2746122022,5379474.97844222,4466386.567323251,-740376.2777223358,4466386.567323251,9591873.114299832,11376141.845345942,80233675.55783783,80233675.55783783,10343539.177800816,9591873.114299832,9591873.114299832,9591873.114299832,9591873.114299832,9591873.114299832,9591873.114299832,9591873.114299832,0.035939363052387825,0.03555838040518937,3427573.8826287896,3394555.3865382564,3394555.3865382564,3394555.3865382564,26098581.275251668,26098581.275251668,163896194.94046178,107694904.76790264,56201290.17255913,56017148.55974654,56017148.55974654,106475760.29686758,123104382.90492292,-57381066.43671702,-57381066.43671702,68434642.9741016,51806020.36604626,0.002730375638255612,-205870.32312447316,78.74374389648438,2022-11-16,0,0,0,1,0,0,0,0,0,0,0,-10.02674133571034,0
78.49710845947266,76.97118530273437,74.67617721557617,72.46124816894532,78.06537294797894,77.0037649666784,75.34688740091931,74.6133095193049,63.553030384713715,73.06626798692744,76.1425044095225,1.7881214133327035,1.2702921103673404,0.5178293029653631,25.96296807880989,74.44657346882529,-19.021753092814144,56.26561991493213,8.285572529392681,2.015953003494062,2.5764680859023623,1.7038477742412397,79.23211983782204,78.49710845947266,77.76209708112327,5.986976623535156,3.6712965218485922,2.699256261189774,28.571428571428573,85.71428571428572,57.142857142857146,0.07500143050601536,-0.006335952563195746,1.01955041758445,1.00144581622388,0.17066998079313073,0.05852407444714779,1.2176703197378826,0.11954921730321784,1.0,0.48953958685242294,2.9258218091135797,2.7984438680992962,7033052.780569178,10586003.303916864,-11612269.228466572,281168.74645197514,5413776.408957121,4494865.823961803,-745097.1780977341,4494865.823961803,9653034.281598946,11448680.139621787,80745273.78222425,80745273.78222425,10409493.233132852,9653034.281598946,9653034.281598946,9653034.281598946,9653034.281598946,9653034.281598946,9653034.281598946,9653034.281598946,0.0361685251117768,0.03578511318479683,3449429.3030630946,3416200.2693914976,3416200.2693914976,3416200.2693914976,26264995.037884276,26264995.037884276,164941254.9072682,108381605.47894022,56559649.42832799,56374333.663621016,56374333.663621016,107154687.31260432,123889339.88552324,-57746948.36220929,-57746948.36220929,68871006.40365471,52136353.83073579,0.0027477854766897567,-207183.02494240768,78.24482727050781,2022-11-17,0,0,0,1,0,0,0,0,0,0,0,-9.586009973374821,0
78.49522857666015,77.41738510131836,75.14308624267578,72.5417919921875,78.32601452147163,77.33895273063816,75.68025980735148,74.77934827025204,65.1792150104785,67.91531556490231,71.92613458482144,1.8351270796591876,1.3832591042257099,0.4518679754334778,26.492880918002893,83.78815466362472,-12.065150582645476,62.31193948440665,5.998494332721704,1.9499534866605548,2.473075862231657,1.0919597678249602,79.22659058953704,78.49522857666015,77.76386656378327,4.461997985839844,3.91310703268212,2.8896382649739536,21.42857142857143,78.57142857142857,57.142857142857146,-0.17241175193859484,0.0076998112075366,1.014009613405325,0.9976179496138278,0.17066998079313073,0.05852407444714779,1.2176703197378826,0.11954921730321784,1.0,0.48953958685242294,2.9258218091135797,2.7984438680992962,6979313.385145326,10505115.894813508,-11523540.14490831,279020.3424917266,5372409.8672497915,4460520.657015466,-739403.9076030756,4460520.657015466,9579275.667454597,11361201.036549488,80128300.99220362,80128300.99220362,10329954.533442907,9579275.667454597,9579275.667454597,9579275.667454597,9579275.667454597,9579275.667454597,9579275.667454597,9579275.667454597,0.035892162238708475,0.03551167995349248,3423072.2926598643,3390097.161274479,3390097.161274479,3390097.161274479,26064304.81157943,26064304.81157943,163680942.55135116,107553464.11057225,56127478.44077892,55943578.66959119,55943578.66959119,106335920.79788108,122942704.27327502,-57305705.250664435,-57305705.250664435,68344764.61906439,51737981.14367044,0.002726789710714601,-205599.94418788093,78.84729766845703,2022-11-18,0,0,0,1,0,0,0,0,0,0,0,-10.86463983911247,0
78.94707489013672,77.9078254699707,75.64435386657715,72.6200343322754,78.93593025389775,77.85109981938577,76.10649808462753,74.9901880133304,68.46961342312817,74.21625721187114,71.73261358790023,1.9554206503980822,1.4976914134601844,0.4577292369378978,27.491184572538327,99.42776700312002,-1.5576467619145618,63.80968488583374,6.5173623636441524,1.9646487513550153,2.451038714158268,2.1556871923829988,80.22667421769641,78.94707489013672,77.66747556257702,4.9044036865234375,4.211176889059852,3.1274498670529027,14.285714285714286,100.0,85.71428571428572,0.5633189518748613,0.016594913065947958,1.0275870480254796,1.015382791630556,0.17066998079313073,0.05852407444714779,1.2176703197378826,0.11954921730321784,1.0,0.48953958685242294,2.9258218091135797,2.7984438680992962,6865382.9518942,10333630.199989036,-11335429.67488837,274465.6095614618,5284710.555010691,4387707.040125731,-727333.8653378737,4387707.040125731,9422903.404626003,11175740.592961702,78820285.21128905,78820285.21128905,10161328.175732065,9422903.404626003,9422903.404626003,9422903.404626003,9422903.404626003,9422903.404626003,9422903.404626003,9422903.404626003,0.0353062579572244,0.03493198667145877,3367194.0009381147,3334757.1561717605,3334757.1561717605,3334757.1561717605,25638830.645898186,25638830.645898186,161009011.99446878,105797759.48927563,55211252.50519314,55030354.71707308,55030354.71707308,104600091.37482563,120935785.4275428,-56370245.92011403,-56370245.92011403,67229103.4911275,50893409.43841032,0.0026822775479870124,-202243.72711822076,80.15576171875,2022-11-21,0,0,0,1,0,0,0,0,0,0,0,-10.62060068287453,0
79.41210327148437,78.41803665161133,76.11455764770508,72.75268936157227,79.64691543700606,78.43615181644702,76.57910643877945,75.22856831881637,70.56033175537648,84.998484443323,75.71001907336542,2.100225561272268,1.6181982430226012,0.4820273182496666,28.753119049322112,122.60032551287217,-1.6933198784338226,62.05407243794002,6.716241257384037,1.9177790576762916,2.365616646479254,1.3084730398528848,81.49560016459229,79.41210327148437,77.32860637837645,5.10211181640625,4.325891501419955,3.2322053175706174,7.142857142857143,100.0,92.85714285714286,0.4172676875789018,0.01139187083863824,1.0163702665139411,1.0067804749222233,0.17066998079313073,0.05852407444714779,1.2176703197378826,0.11954921730321784,1.0,0.48953958685242294,2.9258218091135797,2.7984438680992962,6788054.313904539,10217236.758508323,-11207752.40707553,271374.1502923857,5225185.911993391,4338285.848083275,-719141.4982748221,4338285.848083275,9316767.987083588,11049861.99235996,77932488.36964835,77932488.36964835,10046875.468067952,9316767.987083588,9316767.987083588,9316767.987083588,9316767.987083588,9316767.987083588,9316767.987083588,9316767.987083588,0.03490858387852053,0.03453852821903091,3329267.4165415866,3297195.9260524865,3297195.9260524865,3297195.9260524865,25350046.193903722,25350046.193903722,159195477.67470324,104606100.30565993,54589377.36904332,54410517.13362334,54410517.13362334,103421922.19529316,119573618.21314998,-55735316.39459617,-55735316.39459617,66471864.59525491,50320168.57739811,0.0026520655596755875,-199965.7431995393,81.06888580322266,2022-11-22,0,0,0,1,0,0,0,0,0,0,0,-11.883978154805526,0
79.8752456665039,79.06756744384765,76.57158126831055,72.88646697998047,80.11776224853138,78.91311619010793,77.00580638476065,75.45723057578758,70.50833573255821,94.28941524299121,84.50138563272839,2.188990262581015,1.732356646934284,0.4566336156467312,29.996671912638828,127.49574397589997,-4.347785374752737,66.89280309278584,8.711033520810641,1.8386200152049834,2.2682363154741707,0.8095524630779778,82.17668192659262,79.8752456665039,77.57380940641518,6.495307922363281,4.391948427961691,3.2998480674548034,0.0,100.0,100.0,-0.1511608307236444,-0.00011631998574046509,1.010039609434869,0.9984926106605044,0.17066998079313073,0.05852407444714779,1.2176703197378826,0.11954921730321784,1.0,0.48953958685242294,2.9258218091135797,2.7984438680992962,6788843.992140899,10218425.36560114,-11209056.244338036,271405.72020188946,5225793.776250927,4338790.536136569,-719225.1585350072,4338790.536136569,9317851.839476688,11051147.461675119,77941554.53015989,77941554.53015989,10048044.25643258,9317851.839476688,9317851.839476688,9317851.839476688,9317851.839476688,9317851.839476688,9317851.839476688,9317851.839476688,0.03491264491687942,0.0345425462075132,3329654.721931362,3297579.500452957,3297579.500452957,3297579.500452957,25352995.253950138,25352995.253950138,159213997.4446157,104618269.50127652,54595727.94333918,54416846.90047884,54416846.90047884,103433953.63130464,119587528.63277528,-55741800.28000988,-55741800.28000988,66479597.50108828,50326022.499617636,0.0026523740837911926,-199989.00591785592,81.05945587158203,2022-11-23,0,0,0,1,0,0,0,0,0,0,0,-11.512039248444063,0
80.21224975585938,79.35467910766602,76.91470336914062,73.01451034545899,80.0551240714493,79.09797646777652,77.28428651166774,75.63262732643454,64.387444556604,81.30805760994339,86.86531909875247,2.14347830670998,1.8145809788894232,0.3288973278205569,30.09905535261145,88.12802420839589,-20.175320299602785,64.56687528224394,3.725881023444777,1.8330268602773614,2.2932945734625263,1.7603158462182762,81.86091455642796,80.21224975585938,78.56358495529079,2.8711166381835938,4.317757109011731,3.260081804715668,0.0,92.85714285714286,92.85714285714286,-0.7326196226907803,-0.013935550666494101,1.022153714442106,0.9841215213656651,0.17066998079313073,0.05852407444714779,1.2176703197378826,0.11954921730321784,1.0,0.48953958685242294,2.9258218091135797,2.7984438680992962,6884787.294308774,10362837.208569793,-11367468.173012815,275241.36012137565,5299647.279427942,4400108.470667629,-729389.6043216455,4400108.470667629,9449536.331803411,11207327.745305832,79043063.14140178,79043063.14140178,10190048.189268142,9449536.331803411,9449536.331803411,9449536.331803411,9449536.331803411,9449536.331803411,9449536.331803411,9449536.331803411,0.035406047688340596,0.035030718560902355,3376711.049852695,3344182.525474714,3344182.525474714,3344182.525474714,25711296.32661087,25711296.32661087,161464088.42974773,106096786.64715008,55367301.78259764,55185892.70433582,55185892.70433582,104895733.43934773,121277598.75493541,-56529570.98056472,-56529570.98056472,67419120.06463951,51037254.74905181,0.0026898587466407165,-202815.34949671003,79.92984771728516,2022-11-25,0,0,0,1,0,0,0,0,0,0,0,-10.782093176532575,0
80.21036376953126,79.3527961730957,77.12886047363281,73.10891372680663,79.649371959905,79.05068397123831,77.43224662834857,75.75832302880247,59.05076345017106,56.347482338216395,77.31498506371693,1.9962841741045736,1.8509216179324532,0.14536255617212035,29.620064421951717,41.81248719869223,-37.381952027218,58.953287662654155,-0.023877928444582253,1.813040507210717,2.299707690298234,1.553217917344341,81.86527971408654,80.21036376953126,78.55544782497597,-0.018829345703125,4.241599410057996,3.2194109207544557,0.0,85.71428571428572,85.71428571428572,-0.5454574879316483,-0.013661729774978704,1.019722613247167,0.9893679679898911,0.17066998079313073,0.05852407444714779,1.2176703197378826,0.11954921730321784,1.0,0.48953958685242294,2.9258218091135797,2.7984438680992962,6980148.192706841,10506372.429618528,-11524918.495172516,279053.71659013355,5373052.470344571,4461054.187488635,-739492.3489638539,4461054.187488635,9580421.460933086,11362559.969156438,80137885.27476385,80137885.27476385,10331190.11689915,9580421.460933086,9580421.460933086,9580421.460933086,9580421.460933086,9580421.460933086,9580421.460933086,9580421.460933086,0.03589645536136718,0.035515927566017,3423481.7321671387,3390502.6565701226,3390502.6565701226,3390502.6565701226,26067422.407471977,26067422.407471977,163700520.70767936,107566328.76360498,56134191.94407437,55950270.17632178,55950270.17632178,106348639.8184844,122957409.65953535,-57312559.68367543,-57312559.68367543,68352939.45276871,51744169.61171777,0.0027271158666763054,-205624.5363473934,78.8378677368164,2022-11-28,0,0,0,1,0,0,0,0,0,0,0,-10.05017981916375,0
79.94678497314453,79.44692993164062,77.36937446594239,73.20856155395508,79.3788705522088,79.01199011043433,77.5661153053455,75.87908948794026,59.050763450171054,38.70345823956629,58.786332729241956,1.8582114585407368,1.85237958605411,0.005831872486626866,28.07179881326531,-20.853005947725773,-37.381952027218,62.66034282274242,1.2084461061616425,1.7991889816380582,2.282138055336899,1.6191191491934944,81.93813196365684,79.94678497314453,77.95543798263222,0.9413375854492188,3.9455641776213897,3.008874208499222,7.142857142857143,78.57142857142857,71.42857142857143,0.16860506378524023,0.0,1.0209679537522707,1.0034747294357602,0.17066998079313073,0.05852407444714779,1.2176703197378826,0.11954921730321784,1.0,0.48953958685242294,2.9258218091135797,2.7984438680992962,6980148.192706841,10506372.429618528,-11524918.495172516,279053.71659013355,5373052.470344571,4461054.187488635,-739492.3489638539,4461054.187488635,9580421.460933086,11362559.969156438,80137885.27476385,80137885.27476385,10331190.11689915,9580421.460933086,9580421.460933086,9580421.460933086,9580421.460933086,9580421.460933086,9580421.460933086,9580421.460933086,0.03589645536136718,0.035515927566017,3423481.7321671387,3390502.6565701226,3390502.6565701226,3390502.6565701226,26067422.407471977,26067422.407471977,163700520.70767936,107566328.76360498,56134191.94407437,55950270.17632178,55950270.17632178,106348639.8184844,122957409.65953535,-57312559.68367543,-57312559.68367543,68352939.45276871,51744169.61171777,0.0027271158666763054,-205624.5363473934,78.8378677368164,2022-11-29,0,0,0,1,0,0,0,0,0,0,0,-10.014209212288225,0
79.76980895996094,79.59095611572266,77.67954902648925,73.36322845458984,79.64724894724075,79.22508386077439,77.81543820362734,76.04790973301338,63.38911342725947,43.18194833228106,46.077629636687846,1.836242858539194,1.8491522405511267,-0.012909382011932813,27.34266060737861,38.87297466913356,-19.42020827651358,67.95081408885329,1.8290492292488247,1.819946430170576,2.269712536104774,2.0897932610933054,81.46624980305685,79.76980895996094,78.07336811686503,1.4402618408203125,3.5654752000418393,2.7328064747345735,0.0,71.42857142857143,71.42857142857143,0.6891882603615405,0.017074764185430302,1.0267502262663908,1.0182904811881388,0.1451310861423221,0.051962300665147926,1.1333205652025877,0.10739311865207464,1.0,0.48385130553375644,2.804166221557526,2.5240562546262026,4857577.224017253,8125061.775217562,-1825800.5278462796,-6076024.707422865,4386161.513958583,4165419.237026348,223236.53994841804,4165419.237026348,8505436.885185536,10136684.897769507,79199086.42136474,79199086.42136474,8546973.84719404,8505436.885185536,8505436.885185536,8505436.885185536,8505436.885185536,8505436.885185536,8505436.885185536,8505436.885185536,0.03167714030552971,0.03142771400391137,3369749.33486383,3344806.7047019955,3342312.441685812,3342312.441685812,26671154.432049543,26671154.432049543,163684763.30553028,105079559.47728413,58605203.828246154,58371990.236232996,58371990.236232996,103796261.15545775,122594274.37692426,-50894189.71371504,-50894189.71371504,66418482.72644078,47620469.504974276,0.0025815622217498623,-10842.561331349421,80.18400573730469,2022-11-30,0,0,0,1,0,0,0,0,0,0,0,-12.33876358983425,0
79.69826812744141,79.78675689697266,78.07962226867676,73.52937377929688,79.99874986782196,79.4935689240853,78.09032520413753,76.23041333991421,64.92815114418853,63.561935285311826,48.48244728571965,1.8394068208538528,1.847203156611672,-0.007796335757819239,27.222687091307414,109.26079436653121,-12.364674580348066,62.2740733744509,2.4865566654717064,1.7941706002136097,2.2232114696636356,1.4590848107730494,81.18880550566948,79.69826812744141,78.20773074921334,1.9580078125,3.4015675850210334,2.6190002637031853,0.0,100.0,100.0,-0.17419189706685512,0.006456973144693068,1.0182395311971568,0.9968605041503906,0.1451310861423221,0.051962300665147926,1.1333205652025877,0.10739311865207464,1.0,0.48385130553375644,2.804166221557526,2.5240562546262026,4826413.203576568,8072935.050398289,-1814087.0166973285,-6037043.678517339,4358021.883691601,4138695.7894597524,221804.35518362146,4138695.7894597524,8450869.845543565,10071652.508002654,78690980.87115017,78690980.87115017,8492140.32517343,8450869.845543565,8450869.845543565,8450869.845543565,8450869.845543565,8450869.845543565,8450869.845543565,8450869.845543565,0.0314739140875083,0.031226087992331064,3348130.5458443863,3323347.9363266635,3320869.675374891,3320869.675374891,26500044.357301276,26500044.357301276,162634635.82958174,104405416.50673963,58229219.32284212,57997501.92385141,57997501.92385141,103130351.24705277,121807764.91008477,-50567675.59043803,-50567675.59043803,65992371.75426887,47314958.09123688,0.002565000085084337,-10773.000357354218,80.70175170898438,2022-12-01,0,0,0,1,0,0,0,0,0,0,0,-14.483263910816488,0
79.97502288818359,80.09363632202148,78.53241081237793,73.71955718994141,80.43704041888,79.82448757806908,78.3973058057431,76.42975483721153,66.70925604792973,83.01503489238215,63.25297283665827,1.869733935068794,1.8517093123030963,0.018024622765697718,27.111283112098445,111.13290128769242,-3.1983326851908918,61.46460014060864,3.922041056949177,1.7547711877827896,2.158028574990585,1.2425788261821253,81.96497737742038,79.97502288818359,77.9850683989468,3.0687942504882812,3.195419046165343,2.4718244992769627,0.0,92.85714285714286,92.85714285714286,0.6212120336386961,0.0075818653133845615,1.0154911361226004,1.0095839144252272,0.1451310861423221,0.051962300665147926,1.1333205652025877,0.10739311865207464,1.0,0.48385130553375644,2.804166221557526,2.5240562546262026,4790095.345826243,8012187.722222842,-1800436.3507803902,-5991616.052597036,4325228.583124748,4107552.876780398,220135.31884541654,4107552.876780398,8387278.628635424,9995865.204332657,78098845.94010155,78098845.94010155,8428238.555615678,8387278.628635424,8387278.628635424,8387278.628635424,8387278.628635424,8387278.628635424,8387278.628635424,8387278.628635424,0.031237078763539556,0.030991117513432944,3322936.48894031,3298340.363929649,3295880.751428583,3295880.751428583,26300636.47389988,26300636.47389988,161410840.5762127,103619785.25116348,57791055.325049244,57561081.55619956,57561081.55619956,102354314.61936496,120891184.23364967,-50187163.27800337,-50187163.27800337,65495791.484638825,46958921.87035411,0.00254569893860342,-10691.935542134366,81.3136215209961,2022-12-02,0,0,0,1,0,0,0,0,0,0,0,-15.04536665109455,0
80.03150634765625,80.12093505859374,78.76916007995605,73.87786163330078,79.99812195731323,79.69645075190738,78.46616097035611,76.53526582532793,55.77474533652307,74.59269783411368,73.72322267060248,1.6972199722140289,1.8208114442852827,-0.12359147207125387,25.99769799733642,-8.60354402019908,-52.87832124229074,55.3303609304999,0.3462228558174907,1.8103034077650044,2.2880395425559445,2.532222267533797,81.90156552134161,80.03150634765625,78.16144717397088,0.27298736572265625,2.926223417570464,2.270399876129943,21.42857142857143,85.71428571428572,64.28571428571429,-0.7541887059445367,-0.026973789210090193,1.0213884677178802,0.9841920556206079,0.1451310861423221,0.051962300665147926,1.1333205652025877,0.10739311865207464,1.0,0.48385130553375644,2.804166221557526,2.5240562546262026,4922884.18616967,8234297.939125905,-1850347.2268427208,-6157712.9024438085,4445130.598911099,4221420.585829704,226237.80983937636,4221420.585829704,8619786.94471814,10272966.024438275,80263866.55781898,80263866.55781898,8661882.34412881,8619786.94471814,8619786.94471814,8619786.94471814,8619786.94471814,8619786.94471814,8619786.94471814,8619786.94471814,0.03210301882636961,0.03185023915057142,3415053.420033491,3389775.452453673,3387247.655695691,3387247.655695691,27029730.733100016,27029730.733100016,165885398.3441805,106492285.71863873,59393112.625541754,59156763.628670454,59156763.628670454,105191734.28665708,124242474.55318736,-51578428.94824084,-51578428.94824084,67311435.96991993,48260695.70338965,0.002616269644511224,-10988.332506947141,79.12028503417969,2022-12-05,0,0,0,1,0,0,0,0,0,0,0,-12.857624169587947,0
80.15011596679688,80.0484504699707,78.9781379699707,74.0549284362793,79.80905324904866,79.64817167565504,78.55804238580025,76.64882072757074,56.85340325415981,60.273647871944426,72.6271268661467,1.5674975866858176,1.7701486727653897,-0.20265108607957205,24.963654676485966,-16.022979927803934,-45.8424037714581,58.07254652904603,-0.9042966727380142,1.7442004463989416,2.1958710007531534,0.8848619486401219,81.75933845388256,80.15011596679688,78.54089347971119,-0.7248458862304688,2.8051146525646895,2.181694813263732,14.285714285714286,78.57142857142857,64.28571428571429,0.542550342107192,0.003926057624863866,1.0112077594041813,1.0060807736989936,0.1451310861423221,0.051962300665147926,1.1333205652025877,0.10739311865207464,1.0,0.48385130553375644,2.804166221557526,2.5240562546262026,4903632.243410898,8202096.037438255,-1843111.0665862786,-6133631.910114992,4427747.009005425,4204911.859561592,225353.06073698352,4204911.859561592,8586077.50964373,10232791.495364258,79949978.33576614,79949978.33576614,8628008.286408568,8586077.50964373,8586077.50964373,8586077.50964373,8586077.50964373,8586077.50964373,8586077.50964373,8586077.50964373,0.031977473423013304,0.03172568229369824,3401698.157046533,3376519.044115027,3374001.132821876,3374001.132821876,26924025.45765994,26924025.45765994,165236669.65736508,106075825.91349733,59160843.74386776,58925419.037958175,58925419.037958175,104780360.5531713,123756599.01400122,-51376720.98109252,-51376720.98109252,67048200.86966219,48071962.40883228,0.002606038188410927,-10945.360391325892,79.43091583251953,2022-12-06,0,0,0,1,0,0,0,0,0,0,0,-12.805507239388774,0
80.18212280273437,79.97596588134766,79.19700126647949,74.26730270385742,79.98738213836317,79.77469317407997,78.7281373887709,76.79373128401863,59.946039402793375,47.53505722181851,60.80046764262548,1.5208418259970244,1.7202873034117165,-0.1994454774146921,24.308221061375736,36.06868985569158,-25.15976144070521,64.90335405511568,-0.8941110748578396,1.6882000110217683,2.1012137462417124,0.9601943511185169,81.79911558202832,80.18212280273437,78.56513002344042,-0.7248458862304688,2.6448621073411447,2.0634828714223943,7.142857142857143,71.42857142857143,64.28571428571429,0.8133341471354233,0.011495827221707833,1.0088600116536408,1.0071984968813927,0.1451310861423221,0.051962300665147926,1.1333205652025877,0.10739311865207464,1.0,0.48385130553375644,2.804166221557526,2.5240562546262026,4847901.604181389,8108877.779522914,-1822163.7865267147,-6063922.109261034,4377424.888807688,4157122.2998628602,222791.88373516526,4157122.2998628602,8488495.235049313,10116494.027929738,79041332.83017692,79041332.83017692,8529949.461192796,8488495.235049313,8488495.235049313,8488495.235049313,8488495.235049313,8488495.235049313,8488495.235049313,8488495.235049313,0.031614043837280434,0.03136511435824673,3363037.261745344,3338144.3138419734,3335655.019051636,3335655.019051636,26618029.19307399,26618029.19307399,163358725.96847323,104870255.57471408,58488470.39375914,58255721.33086263,58255721.33086263,103589513.40508567,122350083.59246078,-50792815.54943217,-50792815.54943217,66286186.32448992,47525616.13711481,0.0025764201079988384,-10820.964453595121,80.34403991699219,2022-12-07,0,0,0,1,0,0,0,0,0,0,0,-15.091368658230378,0
80.16705932617188,79.93266372680664,79.50011558532715,74.47427352905274,80.20039953429941,79.92955520173304,78.90892757328528,76.94403336410308,60.87992345246743,55.57665572557456,54.4617869397791,1.4894838258933873,1.6741266079080508,-0.18464278201466344,24.058061952044035,63.83514553213408,-19.555624599761167,60.63699896466568,-0.5342023836135357,1.63552595423861,2.028523235471555,0.9507632160575525,81.76570776741715,80.16705932617188,78.5684108849266,-0.43302154541015625,2.3597741677837383,1.8470932887150724,0.0,64.28571428571429,64.28571428571429,0.475249843257828,0.0035148146579564443,1.0118670206672238,1.0056358267847025,0.1451310861423221,0.051962300665147926,1.1333205652025877,0.10739311865207464,1.0,0.48385130553375644,2.804166221557526,2.5240562546262026,4830921.809394289,8080476.402619715,-1815781.650565658,-6042683.1977840755,4362092.940600696,4142561.962356078,222011.55426998143,4142561.962356078,8458764.24648756,10081060.96707491,78764490.24533615,78764490.24533615,8500073.279037928,8458764.24648756,8458764.24648756,8458764.24648756,8458764.24648756,8458764.24648756,8458764.24648756,8458764.24648756,0.031503315522109096,0.0312552579195728,3351258.2102653063,3326452.450011677,3323971.873986314,3323971.873986314,26524799.439205714,26524799.439205714,162786561.376429,104502947.08450182,58283614.29192719,58051680.43355576,58051680.43355576,103226690.71945259,121921551.93460025,-50614913.50951772,-50614913.50951772,66054018.69137654,47359157.476228885,0.002567396186250623,-10783.063982252617,80.62643432617188,2022-12-08,0,0,0,1,0,0,0,0,0,0,0,-14.673186682498304,0
79.95996398925782,79.96749343872071,79.66108627319336,74.70293670654297,80.2263146350082,79.99293513531353,79.0393292173939,77.07478283360592,59.05121167009357,64.29903739305941,55.803583446817434,1.4201576405801006,1.6233328144424608,-0.20317517386236017,23.82577135052174,38.803293907570165,-27.77760649913162,52.90765393274922,0.4357535127210044,1.5691320217403526,1.9546191867507723,0.7060108992630063,81.1185454596791,79.95996398925782,78.80138251883653,0.348297119140625,1.8961758366779509,1.4897421323336033,42.85714285714286,57.142857142857146,14.285714285714286,-0.1333312988281377,-0.004319792790750232,1.008811089941255,0.9988287833527999,0.1451310861423221,0.051962300665147926,1.1333205652025877,0.10739311865207464,1.0,0.48385130553375644,2.804166221557526,2.5240562546262026,4851880.929655794,8115533.827139281,-1823659.4816472612,-6068899.586465476,4381018.030705886,4160534.609769025,222974.75902654356,4160534.609769025,8495462.885815794,10124797.996467855,79106212.69262932,79106212.69262932,8536951.139023269,8495462.885815794,8495462.885815794,8495462.885815794,8495462.885815794,8495462.885815794,8495462.885815794,8495462.885815794,0.03163999373896205,0.03139085992999384,3365797.7591604507,3340884.37826363,3338393.0401739483,3338393.0401739483,26639878.192970168,26639878.192970168,163492816.46633974,104956336.71117029,58536479.755169466,58303539.643784195,58303539.643784195,103674543.26402886,122450512.77691764,-50834508.05091741,-50834508.05091741,66340596.32109849,47564626.80820972,0.0025785349228209225,-10829.846675847875,80.27814483642578,2022-12-09,0,0,0,1,0,0,0,0,0,0,0,-15.174834352874495,0
80.32332458496094,80.17741546630859,79.76510581970214,74.98673583984375,80.46323909423724,80.16459929483749,79.22006815027974,77.2262457818055,61.41281289581985,76.07480273340771,65.31683195068051,1.4022233881928514,1.579110929192539,-0.1768875409996875,23.73226003862586,63.99397933575857,-12.222101588686579,54.46617199910126,2.6627055451153403,1.5148768553761833,1.8716720511844567,0.809559692641983,81.33027831836927,80.32332458496094,79.31637085155262,2.0992202758789062,1.452137258992353,1.145727989001145,35.714285714285715,50.0,14.285714285714286,0.3372101275704861,0.008208251169881775,1.0100891674320078,1.0033843028038847,0.1451310861423221,0.051962300665147926,1.1333205652025877,0.10739311865207464,1.0,0.48385130553375644,2.804166221557526,2.5240562546262026,4812379.708285346,8049461.822716053,-1808812.296002502,-6019490.099811605,4345350.303989617,4126661.932136856,221159.42690194526,4126661.932136856,8426297.717716575,10042367.719882743,78462175.4492069,78462175.4492069,8467448.19745063,8426297.717716575,8426297.717716575,8426297.717716575,8426297.717716575,8426297.717716575,8426297.717716575,8426297.717716575,0.03138239912463357,0.0311352936197152,3338395.371447241,3313684.8209554036,3311213.76590622,3311213.76590622,26422991.640921798,26422991.640921798,162161752.07515875,104101842.63953745,58059909.4356213,57828865.788522616,57828865.788522616,102830484.8167324,121453591.19490571,-50420642.75106975,-50420642.75106975,65800489.37718938,47177382.99901608,0.002557541975905177,-10741.676298801744,80.93708801269531,2022-12-12,0,0,0,1,0,0,0,0,0,0,0,-17.092381586009672,0
80.7412826538086,80.44569931030273,79.94631462097168,75.26085403442383,80.8157281217441,80.41116418245936,79.43917653375385,77.39465599337225,63.42476726494631,72.3008484673067,70.89156286459121,1.4187490167811205,1.5470385467102552,-0.12828952992913467,24.549343815370662,148.03754436962595,-23.833342400304197,47.61350419683999,3.402981989438758,1.5445112514164143,1.8946244749984347,1.9297583999394163,81.64961269730439,80.7412826538086,79.8329526103128,2.6828384399414062,1.2679194026075375,1.003860815977447,28.571428571428573,100.0,71.42857142857143,-0.3804880590404794,0.00721076305551005,1.0238426999572565,0.9910734858799007,0.1451310861423221,0.051962300665147926,1.1333205652025877,0.10739311865207464,1.0,0.48385130553375644,2.804166221557526,2.5240562546262026,4777927.207297052,7991834.597057842,-1795862.7551945788,-5976395.72630327,4314241.331980419,4097118.5808400908,219576.1155599929,4097118.5808400908,8365972.671056713,9970473.001517443,77900453.73540418,77900453.73540418,8406828.54873739,8365972.671056713,8365972.671056713,8365972.671056713,8365972.671056713,8365972.671056713,8365972.671056713,8365972.671056713,0.031157728129742008,0.030912391687775535,3314495.3309670435,3289961.6867703963,3287508.3223507316,3287508.3223507316,26233825.739474904,26233825.739474904,161000813.35828775,103356562.95384537,57644250.40444238,57414860.83120373,57414860.83120373,102094306.95992787,120584087.90873107,-50059674.30104888,-50059674.30104888,65329414.449042134,46839633.50023893,0.00253923217435299,-10664.77513228256,81.52070617675781,2022-12-13,0,0,0,1,0,0,0,0,0,0,0,-16.328531685578078,0
80.91449127197265,80.54830703735351,80.06963157653809,75.49092376708984,80.94717975043356,80.55642215070539,79.607834293188,77.54428058217383,61.584272647633675,63.73227297023376,70.702641390316,1.390749310411266,1.5157806994504575,-0.12503138903919142,25.30806446520512,122.80779998705232,-29.3329615995599,48.27924649767491,1.279653293787053,1.5572367649433723,1.9175411565501839,1.722668440793825,81.78318923459729,80.91449127197265,80.04579330934801,1.0260772705078125,1.2245923965639862,0.9723636920635528,21.42857142857143,92.85714285714286,71.42857142857143,-0.2896206985683491,-0.003810359153069709,1.0212790910587755,0.9938939355984195,0.1451310861423221,0.051962300665147926,1.1333205652025877,0.10739311865207464,1.0,0.48385130553375644,2.804166221557526,2.5240562546262026,4796202.461245233,8022402.833122643,-1802731.8108505832,-5999255.042666695,4330743.018279714,4112789.7870498276,220415.97960536502,4112789.7870498276,8397971.96038318,10008609.397946406,78198417.792395,78198417.792395,8438984.109080032,8397971.96038318,8397971.96038318,8397971.96038318,8397971.96038318,8397971.96038318,8397971.96038318,8397971.96038318,0.03127690436858252,0.031030629531034627,3327173.055272046,3302545.571517257,3300082.823141778,3300082.823141778,26334168.37899629,26334168.37899629,161616630.76661763,103751894.93636447,57864735.83025315,57634468.85714586,57634468.85714586,102484810.89718056,121045314.02897757,-50251149.227460004,-50251149.227460004,65579295.11644092,47018791.9846439,0.0025489445686207013,-10705.567188206947,81.2100830078125,2022-12-14,0,0,0,1,0,0,0,0,0,0,0,-16.334591212930633,0
80.6904510498047,80.42875518798829,80.10775604248047,75.70789520263672,80.46686423873305,80.36547870791023,79.59815800005886,77.62121990112121,52.5723898989356,35.831432204994954,57.28818454751174,1.2170435819702163,1.4560332759544092,-0.2389896939841929,24.468291109486472,-30.428457702468435,-59.49981960693276,43.50192847319653,-1.481403399970127,1.5946048777047246,2.005635046733946,2.0803903436023035,82.13060077317324,80.6904510498047,79.25030132643614,-1.1955184936523438,1.121369057322832,0.8919277680225974,14.285714285714286,85.71428571428572,71.42857142857143,-0.5744675670411017,-0.020980766542456952,1.0223650361338883,0.9873743065291616,0.1451310861423221,0.051962300665147926,1.1333205652025877,0.10739311865207464,1.0,0.48385130553375644,2.804166221557526,2.5240562546262026,4898986.963010701,8194326.075485165,-1841365.061321609,-6127821.433578469,4423552.541439958,4200928.486894927,225139.58058508742,4200928.486894927,8577943.796593834,10223097.826791009,79874240.5869049,79874240.5869049,8619834.8517389,8577943.796593834,8577943.796593834,8577943.796593834,8577943.796593834,8577943.796593834,8577943.796593834,8577943.796593834,0.0319471807087219,0.03169562810471622,3398475.6801167945,3373320.419716226,3370804.893676169,3370804.893676169,26898519.94632782,26898519.94632782,165080138.61571026,105975338.7785347,59104799.83717558,58869598.15243026,58869598.15243026,104681100.63092545,123639362.63181385,-51328051.08433985,-51328051.08433985,66984685.15765364,48026423.15676524,0.002603569451458832,-10934.991696127096,79.50623321533203,2022-12-15,0,0,0,1,0,0,0,0,0,0,0,-13.256861766497224,0
80.33838653564453,80.14917526245117,80.12140579223633,75.92158111572266,79.81718358103036,80.02954117294928,79.49526888249373,77.65638077816057,48.16884085889849,22.434124848974463,40.665943341401,0.9882323106284332,1.362473082889214,-0.3742407722607808,22.778035737774214,-134.0269492547388,-76.99975000240298,42.234266742484,-3.4382913994910225,1.6171998821464295,2.059659623105005,1.910934939888591,82.62278778617002,80.33838653564453,78.05398528511904,-2.7957992553710938,0.7541791360171102,0.6010147485977484,7.142857142857143,78.57142857142857,71.42857142857143,-0.2057102748325924,-0.012431867411326736,1.0212301345811121,0.9957026024187285,0.1451310861423221,0.051962300665147926,1.1333205652025877,0.10739311865207464,1.0,0.48385130553375644,2.804166221557526,2.5240562546262026,4960657.195538682,8297479.237210401,-1864544.8354990066,-6204960.682070465,4479237.832274594,4253811.305031886,227973.71964093045,4253811.305031886,8685926.077939361,10351789.906376999,80879726.62456585,80879726.62456585,8728344.472946964,8685926.077939361,8685926.077939361,8685926.077939361,8685926.077939361,8685926.077939361,8685926.077939361,8685926.077939361,0.03234934345742812,0.03209462421760585,3441256.9299988495,3415785.0060166228,3413237.8136184,3413237.8136184,27237128.314195186,27237128.314195186,167158227.5371647,107309394.94852445,59848832.58864024,59610670.09940642,59610670.09940642,105998864.45963888,125195779.96884416,-51974187.28953481,-51974187.28953481,67827912.77607282,48630997.26686753,0.0026363441321604806,-11072.645355074019,78.517822265625,2022-12-16,0,0,0,1,0,0,0,0,0,0,0,-11.767414002717585,0
79.74721832275391,80.03527145385742,80.07810325622559,76.09855438232422,79.2052047034343,79.65712404118436,79.35107631732691,77.66912062796769,45.92016733925138,13.302256113866106,23.855937722611774,0.7548985848500251,1.2409581832813763,-0.48605959843135116,21.392969753089325,-153.06880635277807,-87.66896377264351,39.71960188589057,-1.4396283904253404,1.642887669795359,2.106772761515058,1.9768289092314433,82.57187768458417,79.74721832275391,76.92255896092365,-1.1390380859375,0.42498250109834895,0.3388246389535823,0.0,71.42857142857143,71.42857142857143,-0.2809544742798433,-0.00683380284755708,1.0255754287968712,0.9929281557577968,0.1451310861423221,0.051962300665147926,1.1333205652025877,0.10739311865207464,1.0,0.48385130553375644,2.804166221557526,2.5240562546262026,4994790.609831098,8354572.7401924515,-1877374.4423087873,-6247655.93096203,4510058.684153009,4283081.036414856,229542.36692163453,4283081.036414856,8745692.41567345,10423018.761670643,81436245.87351061,81436245.87351061,8788402.684235973,8745692.41567345,8745692.41567345,8745692.41567345,8745692.41567345,8745692.41567345,8745692.41567345,8745692.41567345,0.03257193363022076,0.03231546171187257,3464935.616884114,3439288.4250492947,3436723.705865813,3436723.705865813,27424542.22897249,27424542.22897249,168308414.0564112,108047772.12131932,60260641.9350919,60020840.691436335,60020840.691436335,106728224.10141787,126057230.22772957,-52331812.579357445,-52331812.579357445,68294624.7773491,48965618.65103739,0.002654484354903818,-11148.834290596036,77.98124694824219,2022-12-19,0,0,0,1,0,0,0,0,0,0,0,-11.924372952653702,0
79.06756439208985,79.90442352294922,79.97643699645997,76.23279037475587,78.8442819767687,79.37808994704857,79.23406300362316,77.68689772190768,46.6262323567387,15.978645479084795,17.23834214730839,0.5747474144141336,1.1077160295079278,-0.5329686150937942,20.21984160613008,-145.27506585134645,-82.48774475347908,42.45276317601487,-1.6473174145958058,1.6163112536175965,2.0689462919307275,1.2708178433066877,81.46061851395491,79.06756439208985,76.67451027022479,-1.3084793090820312,0.1268949401890058,0.10113334655761719,100.0,64.28571428571429,-35.714285714285715,0.28147976512740974,0.0018105580600553672,1.0164794739293934,1.004599894088009,0.1451310861423221,0.051962300665147926,1.1333205652025877,0.10739311865207464,1.0,0.48385130553375644,2.804166221557526,2.5240562546262026,4985763.595367973,8339473.638978779,-1873981.490017641,-6236364.630714445,4501907.718847024,4275340.284603088,229127.51824669246,4275340.284603088,8729886.449399121,10404181.387201767,81289067.2975207,81289067.2975207,8772519.528297022,8729886.449399121,8729886.449399121,8729886.449399121,8729886.449399121,8729886.449399121,8729886.449399121,8729886.449399121,0.03251306683500552,0.03225705843472989,3458673.4877238157,3433072.6476962524,3430512.5636934964,3430512.5636934964,27374978.241473548,27374978.241473548,168004232.63888347,107852498.91012049,60151733.72876298,59912365.87450526,59912365.87450526,106535335.69070235,125829408.7774755,-52237234.03424175,-52237234.03424175,68171196.8673972,48877123.780624054,0.0026496869428528124,-11128.685159981811,78.1224365234375,2022-12-20,0,0,0,1,0,0,0,0,0,0,0,-11.284549961795621,0
78.6872573852539,79.80087432861328,79.88842010498047,76.39112518310547,78.99903730905673,79.36544595188207,79.24115681029075,77.75049184942631,52.26464739409826,29.465364818292525,19.58208880374774,0.5216720841518594,0.9905072404367141,-0.4688351562848547,19.30994095061799,-51.534903874575406,-61.86559687701316,43.605353132527725,-1.2888223500202356,1.6171851670736983,2.0391057564329045,1.6285460420030233,79.9210823350233,78.6872573852539,77.4534324354845,-1.035491943359375,0.078384146030816,0.06251354706593304,92.85714285714286,57.142857142857146,-35.714285714285715,0.6866658528645857,0.01518272474565574,1.0180245130737495,1.012376817642255,0.1451310861423221,0.051962300665147926,1.1333205652025877,0.10739311865207464,1.0,0.48385130553375644,2.804166221557526,2.5240562546262026,4911198.224553228,8214751.330671189,-1845954.8654033188,-6143095.69962088,4434578.7306171255,4211399.761234347,225700.76564699048,4211399.761234347,8599325.260963548,10248580.017758315,80073335.87939738,80073335.87939738,8641320.734151473,8599325.260963548,8599325.260963548,8599325.260963548,8599325.260963548,8599325.260963548,8599325.260963548,8599325.260963548,0.032026812555494735,0.03177463292907352,3406946.7529506604,3381728.790308539,3379206.9940443267,3379206.9940443267,26965567.45322088,26965567.45322088,165491618.94079247,106239493.916863,59252125.02392948,59016337.07322563,59016337.07322563,104942029.73892583,123947547.28416094,-51455991.87311751,-51455991.87311751,67151651.82157414,48146134.27633902,0.00261005913345961,-10962.248360530364,79.30854797363281,2022-12-21,0,0,0,1,0,0,0,0,0,0,0,-13.195688750405237,0
78.6345428466797,79.6624969482422,79.79758033752441,76.57374649047851,79.08024504685814,79.34312132835095,79.24130002097363,77.8090082679767,51.93642881858512,52.259888081135294,32.5679661261708,0.4688878881645593,0.8861833699822832,-0.4172954818177239,18.4313691860058,-53.64841080193658,-63.011139111721455,46.58125721163639,-1.7162780610053052,1.5796695786270358,1.9934585338402242,1.0919669288204261,79.73971690718435,78.6345428466797,77.52936878617504,-1.3837738037109375,0.03464437292777829,0.027636503561950576,85.71428571428572,50.0,-35.714285714285715,0.09482781300149064,-0.0008307736411184985,1.0139473811187665,1.0013084407131063,0.1451310861423221,0.051962300665147926,1.1333205652025877,0.10739311865207464,1.0,0.48385130553375644,2.804166221557526,2.5240562546262026,4915281.71103743,8221581.6039560605,-1847489.711157586,-6148203.464999835,4438265.924959856,4214901.390209246,225888.42779863928,4214901.390209246,8606475.293780558,10257101.347191844,80139914.00755635,80139914.00755635,8648505.684709392,8606475.293780558,8606475.293780558,8606475.293780558,8606475.293780558,8606475.293780558,8606475.293780558,8606475.293780558,0.03205344170997451,0.03180105240517156,3409779.50788784,3384540.577407545,3382016.6843595156,3382016.6843595156,26987988.362579327,26987988.362579327,165629219.3304112,106327828.27391033,59301391.056500874,59065407.05651012,59065407.05651012,105029285.30069916,124050605.2571734,-51498775.69851771,-51498775.69851771,67207486.02945325,48186166.072979,0.002612229304710521,-10971.363079784189,79.24266052246094,2022-12-22,0,0,0,1,0,0,0,0,0,0,0,-13.935096867143043,0
78.78704071044922,79.56271362304688,79.76510353088379,76.7497785949707,79.14693389272965,79.33170137491852,79.24501540797354,77.86670643725104,52.12146437788141,73.60597548793457,51.77707612912073,0.425192800663595,0.7939852561185455,-0.36879245545495054,17.696116234843412,-36.08459862053856,-62.35652459941421,52.01067887596753,-1.242969993871068,1.5159203130842556,1.9121018608372298,0.6871798610281132,79.99165773055736,78.78704071044922,77.58242369034107,-0.997833251953125,-0.10232116938548172,-0.08164474291679369,78.57142857142857,42.85714285714286,-35.714285714285715,0.1917811082544169,0.0004751362683115268,1.0087184485640965,1.001665073579919,0.1451310861423221,0.051962300665147926,1.1333205652025877,0.10739311865207464,1.0,0.48385130553375644,2.804166221557526,2.5240562546262026,4912947.3915474,8217677.087530502,-1846612.3186714742,-6145283.617873923,4436158.145333043,4212899.688772352,225781.15098510514,4212899.688772352,8602387.987253726,10252230.140820863,80101854.71122403,80101854.71122403,8644398.417503502,8602387.987253726,8602387.987253726,8602387.987253726,8602387.987253726,8602387.987253726,8602387.987253726,8602387.987253726,0.0320382191900652,0.03178594974762374,3408160.167384101,3382933.223139955,3380410.5287155407,3380410.5287155407,26975171.48026513,26975171.48026513,165550560.25499478,106277332.05894974,59273228.196045026,59037356.26736227,59037356.26736227,104979405.77758843,123991692.30718893,-51474318.382967345,-51474318.382967345,67175568.4805237,48163281.950923204,0.002610988729269093,-10966.15266293019,79.28031158447266,2022-12-23,0,0,0,1,0,0,0,0,0,0,0,-15.06156660455458,0
79.16170043945313,79.45445938110352,79.81593742370606,76.96233505249023,79.38280445957368,79.42676396007184,79.30306590181051,77.94466091395734,54.96886402082561,84.8853373006666,70.2504002899121,0.43192109690482994,0.7215724242758024,-0.28965132737097243,17.404035180824035,-3.7184350049629407,-52.37269159367608,57.940055227378274,-1.3375109557484888,1.4742068927008487,1.846115185739965,0.9319324277165606,80.29388107215901,79.16170043945313,78.02951980674725,-1.0825424194335938,-0.26032466619719646,-0.2078810471754764,71.42857142857143,35.714285714285715,-35.714285714285715,0.3838441442344153,0.0072430846614071065,1.0117716751692232,1.0044997619484275,0.1451310861423221,0.051962300665147926,1.1333205652025877,0.10739311865207464,1.0,0.48385130553375644,2.804166221557526,2.5240562546262026,4877618.388612642,8158583.774534368,-1833333.3301486287,-6101092.885576583,4404257.733697218,4182604.728617773,224157.5588091561,4182604.728617773,8540528.218315333,10178506.357546484,79525842.30265619,79525842.30265619,8582236.551576214,8540528.218315333,8540528.218315333,8540528.218315333,8540528.218315333,8540528.218315333,8540528.218315333,8540528.218315333,0.03180783236733276,0.03155737699436164,3383652.0888398867,3358606.5515427743,3356101.997813063,3356101.997813063,26781193.031802304,26781193.031802304,164360086.23543534,105513091.80214003,58846994.433295324,58612818.65956733,58612818.65956733,104224498.90820359,123100068.09217237,-51104166.57789302,-51104166.57789302,66692508.99161579,47816939.80764702,0.0025922131102511345,-10887.295063054766,79.85454559326172,2022-12-27,0,0,0,1,0,0,0,0,0,0,0,-13.694437451363587,0
79.20876922607422,79.13816680908204,79.79193305969238,77.14326217651367,79.04112979189678,79.23240332306659,79.21303871654693,77.96086168033324,47.10518600426928,59.045742770093796,72.51235185289825,0.3128703084449853,0.639832001109639,-0.3269616926646537,16.465798263263686,-44.706236870464835,-78.39597294777658,49.72600330924373,-3.8799047120087637,1.5127980790348483,1.9306290584300592,2.0144835013768443,80.17102978528334,79.20876922607422,78.24650866686511,-3.1629257202148438,-0.4372527606567112,-0.34908382709210173,64.28571428571429,28.571428571428573,-35.714285714285715,-0.8317753677440515,-0.01874364352835356,1.0257149646510224,0.9790637632371392,0.1451310861423221,0.051962300665147926,1.1333205652025877,0.10739311865207464,1.0,0.48385130553375644,2.804166221557526,2.5240562546262026,4970789.087319998,8314426.419483899,-1868353.0741557067,-6217634.000878827,4488386.449320778,4262499.499781461,228439.34444936577,4262499.499781461,8703666.643266339,10372932.91443824,81044919.38132387,81044919.38132387,8746171.67570338,8703666.643266339,8703666.643266339,8703666.643266339,8703666.643266339,8703666.643266339,8703666.643266339,8703666.643266339,0.0324154153576195,0.03216017586661462,3448285.523475901,3422761.5743754134,3420209.1794653647,3420209.1794653647,27292758.7731516,27292758.7731516,167499639.77449614,107528568.96799001,59971070.80650612,59732421.88241656,59732421.88241656,106215361.78676991,125451486.02635254,-52080341.94209032,-52080341.94209032,67966447.86223392,48730323.622651294,0.0026417287319004867,-11095.260673982044,78.35778045654297,2022-12-28,0,0,0,1,0,0,0,0,0,0,0,-10.609511055486918,0
79.26262664794922,78.97494201660156,79.76162452697754,77.33013977050781,79.22003155560046,79.29520909760136,79.24778122763844,78.02427240200674,53.006600563583476,52.457204689943325,65.46276158690117,0.3133577200711386,0.574537144901939,-0.26117942483080037,15.594578268386218,-21.235170474233893,-57.183677155352214,55.978820244050375,-2.0099079625958027,1.502021280736044,1.8874869857533598,1.361922902851589,80.27027040587174,79.26262664794922,78.2549828900267,-1.6322479248046875,-0.5514444045301777,-0.44012695703750637,57.142857142857146,21.42857142857143,-35.714285714285715,0.737705430622618,0.015570306092851594,1.0146864238014333,1.0108121281712652,0.1451310861423221,0.051962300665147926,1.1333205652025877,0.10739311865207464,1.0,0.48385130553375644,2.804166221557526,2.5240562546262026,4894578.994184897,8186953.054458179,-1839708.2535267496,-6122307.794523445,4419572.35495463,4197148.611188076,224937.00640798372,4197148.611188076,8570225.607276252,10213899.374771463,79802372.02200562,79802372.02200562,8612078.970043985,8570225.607276252,8570225.607276252,8570225.607276252,8570225.607276252,8570225.607276252,8570225.607276252,8570225.607276252,0.03191843554616082,0.03166710928201782,3395417.8285719105,3370285.202157611,3367771.9395161807,3367771.9395161807,26874317.424810838,26874317.424810838,164931604.2125221,105879985.18948315,59051619.023038946,58816628.96606524,58816628.96606524,104586911.56046742,123528115.45760451,-51281867.567058146,-51281867.567058146,66924414.24731837,47983210.35018129,0.0026012268338800352,-10925.152702296147,79.57783508300781,2022-12-29,0,0,0,1,0,0,0,0,0,0,0,-3.51793876875211,0
79.09321594238281,78.86387939453125,79.64631729125976,77.49186660766601,78.94522336860994,79.13164507887909,79.16662177687563,78.0388345428939,47.478833309972806,32.19083383035698,47.89792709679796,0.21585977375289644,0.5028016706721304,-0.286941896919234,14.978553988971303,-67.76482443637866,-77.73830754716475,52.07823758170912,-1.3969045894743126,1.5467342161896858,1.972985828524367,2.1280023770870287,80.31861609771964,79.09321594238281,77.86781578704598,-1.110626220703125,-0.7498789726011382,-0.5977334731664428,50.0,14.285714285714286,-35.714285714285715,-0.5422227647569449,-0.01485624844085942,1.0274524161192462,0.9854951704690278,0.1451310861423221,0.051962300665147926,1.1333205652025877,0.10739311865207464,1.0,0.48385130553375644,2.804166221557526,2.5240562546262026,4968390.639882228,8310414.638981442,-1867451.5781226142,-6214633.940309683,4486220.765203029,4260442.808011975,228329.12054914478,4260442.808011975,8699467.05109032,10367927.887281835,81005814.52778457,81005814.52778457,8741951.57449261,8699467.05109032,8699467.05109032,8699467.05109032,8699467.05109032,8699467.05109032,8699467.05109032,8699467.05109032,0.03239977464775574,0.032144658311946635,3446621.696780945,3421110.063200035,3418558.8998419438,3418558.8998419438,27279589.788067095,27279589.788067095,167418819.79304302,107476685.53133681,59942134.2617062,59703600.4877247,59703600.4877247,106164111.98359899,125390954.63185184,-52055212.74016787,-52055212.74016787,67933653.48092628,48706810.83267343,0.002640454075624188,-11089.90711762159,78.3956069946289,2022-12-30,0,0,0,1,0,0,0,0,0,0,0,-2.038855842005849,0
79.02598724365234,78.90651397705078,79.52784461975098,77.70033599853515,78.94487160934673,79.09755835377749,79.14543571153703,78.07433781928317,50.080196994127014,47.90302953131381,44.18368935053797,0.18077241295755186,0.4383958191292147,-0.25762340617166285,14.40653144380031,-63.06817836366165,-68.2008327651174,54.219177888968574,0.5429924224757299,1.5301560111276538,1.9382761869975058,1.3146393453212397,80.23978093913087,79.02598724365234,77.81219354817381,0.4263458251953125,-0.8856067745544873,-0.7052024939121253,42.85714285714286,7.142857142857143,-35.714285714285715,0.1654692053943464,0.006997344841388697,1.0169327211725234,1.0027631350653088,0.1451310861423221,0.051962300665147926,1.1333205652025877,0.10739311865207464,1.0,0.48385130553375644,2.804166221557526,2.5240562546262026,4933866.673367242,8252667.875991677,-1854475.1758176233,-6171450.175261927,4455047.26321761,4230838.17433802,226742.52491212744,4230838.17433802,8639016.870953683,10295884.036233362,80442927.62315448,80442927.62315448,8681206.181203533,8639016.870953683,8639016.870953683,8639016.870953683,8639016.870953683,8639016.870953683,8639016.870953683,8639016.870953683,0.03217463761322926,0.03192129400997548,3422672.079958482,3397337.7196331047,3394804.283600567,3394804.283600567,27090031.49592602,27090031.49592602,166255472.9172727,106729859.89676604,59525613.02050666,59288736.75146438,59288736.75146438,105426407.05802538,124519647.71724603,-51693495.52591625,-51693495.52591625,67461601.39243113,48368360.73321047,0.0026221062936765574,-11012.84643344154,78.94416809082031,2023-01-03,0,0,0,1,0,0,0,0,0,0,0,-2.9471546876162735,0
79.1257537841797,79.1437271118164,79.58949928283691,77.91722122192382,79.4143738381973,79.32588925234494,79.2604778624286,78.16371195562103,56.09615411407324,55.35914105098246,45.151001470884346,0.26363785988529287,0.40344422728043033,-0.13980636739513747,14.295684854526824,89.9823634939304,-41.794839931127434,55.160822421603875,3.041925386536448,1.557997131849264,1.9389317100172134,1.9199317012301975,80.64029930619095,79.1257537841797,77.61120826216843,2.37213134765625,-0.8172413488111226,-0.6508967081705777,35.714285714285715,0.0,-35.714285714285715,0.6153840134590534,0.01785071955482409,1.0233392803951689,1.0143266107645326,0.1451310861423221,0.051962300665147926,1.1333205652025877,0.10739311865207464,1.0,0.48385130553375644,2.804166221557526,2.5240562546262026,4847338.198596707,8107935.395085377,-1821952.0212440507,-6063217.382172825,4376916.160324677,4156639.1741496786,222765.99166850073,4156639.1741496786,8487508.732844554,10115318.325595386,79032146.9324477,79032146.9324477,8528958.141327856,8487508.732844554,8487508.732844554,8487508.732844554,8487508.732844554,8487508.732844554,8487508.732844554,8487508.732844554,0.03161036976748558,0.0313614692181353,3362646.421722285,3337756.366787257,3335267.361293754,3335267.361293754,26614935.742025457,26614935.742025457,163339741.0083746,104858067.93303278,58481673.07534183,58248951.061699316,58248951.061699316,103577474.60662559,122335864.50840946,-50786912.59217791,-50786912.59217791,66278482.78373935,47520092.88195549,0.0025761206857753995,-10819.70688025668,80.35337829589844,2023-01-04,0,0,0,1,0,0,0,0,0,0,0,-2.0598024435443794,0
79.42840270996093,79.31858596801757,79.6115047454834,78.11203353881837,79.56659092061462,79.42500485836389,79.318625217002,78.23066541169271,53.710196692217934,68.4723530666786,57.24484121632488,0.28707819200212725,0.38017102022476973,-0.09309282822264248,14.192755878772871,116.23830183320067,-27.176052183493763,53.597348996116025,2.2382668025044516,1.5250758917168123,1.9094232108392566,1.0970997699949407,80.80680021197904,79.42840270996093,78.05000520794283,1.7485885620117188,-0.725185725006936,-0.5778666276198123,28.571428571428573,0.0,-28.571428571428573,-0.37069118604604906,-0.006002898953084146,1.013791416291728,0.9949340207458776,0.1451310861423221,0.051962300665147926,1.1333205652025877,0.10739311865207464,1.0,0.48385130553375644,2.804166221557526,2.5240562546262026,4876612.0077124005,8156900.44422241,-1832955.0652865095,-6099834.069723957,4403349.019544162,4181741.7473066538,224111.30921194341,4181741.7473066538,8538766.082823766,10176406.264104337,79509434.03075121,79509434.03075121,8580465.810559034,8538766.082823766,8538766.082823766,8538766.082823766,8538766.082823766,8538766.082823766,8538766.082823766,8538766.082823766,0.03180126957532605,0.03155086587788254,3382953.95246185,3357913.5827174988,3355409.5457430636,3355409.5457430636,26775667.367634762,26775667.367634762,164326174.42881766,105491321.67749004,58834852.75132763,58600725.294217944,58600725.294217944,104202994.65414317,123074669.31197347,-51093622.44486145,-51093622.44486145,66678748.573745646,47807073.91591535,0.002591678268540351,-10885.048727869476,79.87102508544922,2023-01-05,0,0,0,1,0,0,0,0,0,0,0,-0.1539327844353561,0
79.83698272705078,79.5498046875,79.67533950805664,78.31115203857422,80.25130566989542,79.82422855110809,79.53787378380724,78.36360932372268,60.30564024288548,82.80602162847784,68.87917191537956,0.4417495905444042,0.3924867342886966,0.04926285625570759,14.87397054639463,207.1465780714766,-6.109725444185081,58.0577637313746,2.915432515033478,1.5620632766253697,1.913806918550081,2.0428992804366146,82.08629871456249,79.83698272705078,77.58766673953907,2.3121871948242188,-0.4782529256890321,-0.38160930535732973,21.42857142857143,100.0,78.57142857142857,0.49753829732858545,0.02190669371196763,1.0240009308979647,1.0118419759102921,0.1451310861423221,0.051962300665147926,1.1333205652025877,0.10739311865207464,1.0,0.48385130553375644,2.804166221557526,2.5240562546262026,4772071.694724521,7982040.331484018,-1793661.8642045436,-5969071.449729875,4308954.082245478,4092097.4224338634,219307.01754959926,4092097.4224338634,8355719.886526631,9958253.847168395,77804984.07534805,77804984.07534805,8396525.693937285,8355719.886526631,8355719.886526631,8355719.886526631,8355719.886526631,8355719.886526631,8355719.886526631,8355719.886526631,0.031119543272401236,0.0308745074986028,3310433.304016856,3285929.7266370123,3283479.3688990283,3283479.3688990283,26201675.29226665,26201675.29226665,160803501.37635392,103229895.96467365,57573605.41168027,57344496.96317873,57344496.96317873,101969186.90848072,120436308.00079976,-49998324.46470165,-49998324.46470165,65249351.02591625,46782229.9335972,0.0025361202588138013,-10651.705087017966,81.62073516845703,2023-01-06,0,0,0,1,0,0,0,0,0,0,0,-1.3441522320638635,0
80.1623306274414,79.62777328491211,79.64513511657715,78.47321929931641,80.17498594545762,79.86024999573972,79.58401404216674,78.4286578403054,52.89172846647164,73.14139427875843,74.80658965797154,0.43038991369098767,0.40006737016915483,0.030322543521832834,15.453640881217941,115.60743601905442,-39.418305787167824,58.144451882976334,0.9839220048651676,1.57478995544394,1.9679377378807599,1.740236780085354,81.89480110815775,80.1623306274414,78.42986014672506,0.7796859741210938,-0.27205953261652066,-0.21706581115722656,14.285714285714286,92.85714285714286,78.57142857142857,-0.7391291728344411,-0.019583120252177122,1.021770043071057,0.9841805212162303,0.1451310861423221,0.051962300665147926,1.1333205652025877,0.10739311865207464,1.0,0.48385130553375644,2.804166221557526,2.5240562546262026,4867390.385967207,8141475.83172692,-1829488.966638252,-6088299.347992871,4395022.333105692,4173834.1178768864,223687.5170957972,4173834.1178768864,8522619.366443222,10157162.787456088,79359082.53166816,79359082.53166816,8564240.240434242,8522619.366443222,8522619.366443222,8522619.366443222,8522619.366443222,8522619.366443222,8522619.366443222,8522619.366443222,0.03174113371080027,0.03149120352410106,3376556.8223063913,3351563.80363647,3349064.5017694775,3349064.5017694775,26725034.863747034,26725034.863747034,164015435.37042618,105291838.70357868,58723596.6668475,58489911.94228373,58489911.94228373,104005947.89301123,122841936.41359754,-50997004.94504127,-50997004.94504127,66552659.7652004,47716671.24461408,0.0025867774323368726,-10864.465215814866,80.02234649658203,2023-01-09,0,0,0,1,0,0,0,0,0,0,0,0.827329325905268,1
80.3325698852539,79.67927856445313,79.62099609375,78.60777847290039,80.04844542359935,79.84845261103847,79.60414264575876,78.48225417519079,51.9156566680427,58.62745199670842,71.5249559679815,0.3984783180869016,0.3997495597527042,-0.0012712416658026138,15.578478720039374,46.42667651920964,-44.14835186640297,54.65685852595483,0.6496604076301704,1.5291854057162182,1.916383761888981,0.9363262592558357,81.67649092308567,80.3325698852539,78.98864884742214,0.5150527954101562,-0.17759805296028522,-0.1416367261837621,7.142857142857143,85.71428571428572,78.57142857142857,-0.41413510889166993,-0.00283648414020099,1.0117773676173851,0.9951640004881084,0.1451310861423221,0.051962300665147926,1.1333205652025877,0.10739311865207464,1.0,0.48385130553375644,2.804166221557526,2.5240562546262026,4881235.934279369,8164634.688531474,-1834693.044360718,-6105617.836151242,4407524.205612463,4185706.8088557366,224323.80801951402,4185706.8088557366,8546862.406106625,10186055.371969888,79584823.62167172,79584823.62167172,8588601.67286583,8546862.406106625,8546862.406106625,8546862.406106625,8546862.406106625,8546862.406106625,8546862.406106625,8546862.406106625,0.0318314230374059,0.031580781911127113,3386161.616026407,3361097.503398529,3358591.092135741,3358591.092135741,26801055.632990655,26801055.632990655,164481985.91482234,105591346.88435863,58890639.0304637,58656289.57739304,58656289.57739304,104301798.28965427,123191366.77165502,-51142068.61155502,-51142068.61155502,66741972.3111467,47852403.829145946,0.0025941356569854413,-10895.369759338855,79.79536437988281,2023-01-10,0,0,0,1,0,0,0,0,0,0,0,2.161949903517929,1
80.06018524169922,79.59296951293945,79.52371444702149,78.69651306152343,79.69611530844124,79.69263487778147,79.54579144884126,78.50222283805095,48.50175098740409,36.14934580569396,55.972730693720216,0.30480577531571384,0.3807608028653061,-0.07595502754959227,14.504952938856778,-54.69275115592552,-66.45159326050825,54.72440890454313,-1.0808282843820294,1.5652020895156689,1.9814827919901405,2.0334189789085286,81.77712290175216,80.06018524169922,78.34324758164627,-0.8630905151367188,-0.09195908671632085,-0.07325641925518767,0.0,78.57142857142857,78.57142857142857,-0.3627947083788762,-0.010074636640928558,1.0260794982146253,0.9907472552733776,0.1451310861423221,0.051962300665147926,1.1333205652025877,0.10739311865207464,1.0,0.48385130553375644,2.804166221557526,2.5240562546262026,4930913.091989158,8247727.5466776285,-1853365.0235358477,-6167755.734061919,4452380.319518836,4228305.449870035,226606.78907986116,4228305.449870035,8633845.259914264,10289720.567827439,80394771.73472951,80394771.73472951,8676009.314199705,8633845.259914264,8633845.259914264,8633845.259914264,8633845.259914264,8633845.259914264,8633845.259914264,8633845.259914264,0.032155376774460745,0.031902184831354756,3420623.1513619265,3395303.9570513275,3392772.037620268,3392772.037620268,27073814.476323523,27073814.476323523,166155946.70359048,106665967.75140706,59489978.95218344,59253244.48537934,59253244.48537934,105363295.20412673,124445105.99630968,-51662550.03106175,-51662550.03106175,67421216.56997858,48339405.777795635,0.0026205366111469977,-11006.25376681739,78.991455078125,2023-01-11,0,0,0,1,0,0,0,0,0,0,0,2.540129161270781,1
79.40192413330078,79.41516342163087,79.27666511535645,78.74755569458007,78.65731672011317,79.12665027154067,79.26330841023324,78.42683055198844,40.00303331136166,22.152533058190727,38.97644362019765,0.035552876928122146,0.3117192176778693,-0.27616634074974716,14.876605905146425,-201.33634690896824,-86.23853816853189,46.151841716281645,-2.2691568121586125,1.686468940073553,2.2022396401132354,3.2629379973260484,82.69994355573176,79.40192413330078,76.1039047108698,-1.7780609130859375,-0.25211283450639327,-0.20059169867099058,100.0,71.42857142857143,-28.571428571428573,-0.6854586575446026,-0.03053160031401736,1.0420882073114317,0.9722622767476793,0.1451310861423221,0.051962300665147926,1.1333205652025877,0.10739311865207464,1.0,0.48385130553375644,2.804166221557526,2.5240562546262026,5086203.009387736,8507474.353314789,-1911733.3005760324,-6361997.705195649,4592599.73915704,4361468.04912838,233743.34754310778,4361468.04912838,8905752.12426813,10613776.138717206,82926655.2275143,82926655.2275143,8949244.056856234,8905752.12426813,8905752.12426813,8905752.12426813,8905752.12426813,8905752.12426813,8905752.12426813,8905752.12426813,0.033168050433491275,0.03290688468204646,3528349.3020194257,3502232.7268749443,3499621.0693604965,3499621.0693604965,27926453.801993873,27926453.801993873,171388718.55690143,110025213.59742811,61363504.959473304,61119314.9818724,61119314.9818724,108681515.80624455,128364272.6638829,-53289565.7535569,-53289565.7535569,69544522.12348208,49861765.26584373,0.002703065527453816,-11352.875215306029,76.57971954345703,2023-01-12,0,0,0,1,0,0,0,0,0,0,0,6.836442736442108,1
78.4183120727539,79.12764739990234,79.05129470825196,78.80199890136718,78.00576943531634,78.68592747048285,79.01943854885127,78.35921660350743,40.57473496134895,18.67862301076861,25.660167291551044,-0.1659970078036821,0.21617597258155902,-0.3821729803852411,15.221712230986812,-191.83983071994976,-84.25070912836387,44.89409973964511,-3.6130163811142535,1.6605843598696304,2.164962777082657,1.3240848172186332,81.40113300723034,78.4183120727539,75.43549113827747,-2.8751602172851562,-0.4509417341331418,-0.35831524775578316,92.85714285714286,64.28571428571429,-28.571428571428573,0.34999999999999515,0.0016055859566821429,1.0174737125373365,1.0060786237446897,0.1451310861423221,0.051962300665147926,1.1333205652025877,0.10739311865207464,1.0,0.48385130553375644,2.804166221557526,2.5240562546262026,5078049.763999326,8493836.768281287,-1908668.7688048817,-6351799.345367065,4585237.745824295,4354476.562710591,233368.65410934004,4354476.562710591,8891476.095115637,10596762.126260983,82793722.78890301,82793722.78890301,8934898.309605949,8891476.095115637,8891476.095115637,8891476.095115637,8891476.095115637,8891476.095115637,8891476.095115637,8891476.095115637,0.033114881644565566,0.03285413454500206,3522693.3151029986,3496618.605146648,3494011.1341510126,3494011.1341510126,27881687.356325954,27881687.356325954,171113980.35305458,109848841.83961265,61265138.513441935,61021339.97535006,61021339.97535006,108507298.0123584,128158503.1709622,-53204141.930436075,-53204141.930436075,69433041.40726884,49781836.24866503,0.002698732480482312,-11334.67641802571,76.70267486572266,2023-01-13,0,0,0,1,0,0,0,0,0,0,0,6.392672535425962,1
77.75437774658204,78.95835418701172,78.91111679077149,78.88204666137695,77.5714045787851,78.32533608779919,78.7987943885533,78.29425418241783,40.57473496134895,16.939875999952232,19.25701068963713,-0.3220147578607566,0.10853782649309587,-0.43055258435385246,15.02705382541242,-127.04087689768053,-84.25070912836387,43.76704155945291,-2.1594732075003065,1.6345220914469896,2.130984472586411,1.2957126019526584,80.4802488447687,77.75437774658204,75.02850664839538,-1.69293212890625,-0.4490563399720226,-0.3561882116855628,85.71428571428572,57.142857142857146,-28.571428571428573,0.0,0.0,1.0169490917500035,1.0,0.1451310861423221,0.051962300665147926,1.1333205652025877,0.10739311865207464,1.0,0.48385130553375644,2.804166221557526,2.5240562546262026,5078049.763999326,8493836.768281287,-1908668.7688048817,-6351799.345367065,4585237.745824295,4354476.562710591,233368.65410934004,4354476.562710591,8891476.095115637,10596762.126260983,82793722.78890301,82793722.78890301,8934898.309605949,8891476.095115637,8891476.095115637,8891476.095115637,8891476.095115637,8891476.095115637,8891476.095115637,8891476.095115637,0.033114881644565566,0.03285413454500206,3522693.3151029986,3496618.605146648,3494011.1341510126,3494011.1341510126,27881687.356325954,27881687.356325954,171113980.35305458,109848841.83961265,61265138.513441935,61021339.97535006,61021339.97535006,108507298.0123584,128158503.1709622,-53204141.930436075,-53204141.930436075,69433041.40726884,49781836.24866503,0.002698732480482312,-11334.67641802571,76.70267486572266,2023-01-17,0,0,0,1,0,0,0,0,0,0,0,7.111123577657416,1
76.3924575805664,78.36251373291016,78.63451385498047,78.8966049194336,76.04285756912496,77.35450471725473,78.24517240391057,78.0860780791781,30.414126204288948,12.53145727279094,16.049985427837203,-0.7370869489717364,-0.060587128599870595,-0.6764998203718658,16.477031590937433,-206.25953164335888,-99.5780497879404,31.358486851534746,-7.54761838032273,1.7886687851071639,2.450709149444735,3.792575802689427,80.2486618056886,76.3924575805664,72.5362533554442,-5.958404541015625,-0.7739986974984309,-0.6116555531819614,100.0,50.0,-50.0,-0.9401501905445006,-0.048458692248019686,1.0519901760537502,0.9534222367340537,0.1451310861423221,0.051962300665147926,1.1333205652025877,0.10739311865207464,1.0,0.48385130553375644,2.804166221557526,2.5240562546262026,5336657.19252508,8926398.359255686,-2005870.6366769492,-6675274.413859355,4818747.97076013,4576234.922473367,245253.30871938108,4576234.922473367,9344288.07523005,11136418.398162734,87010119.38672791,87010119.38672791,9389921.632214451,9344288.07523005,9344288.07523005,9344288.07523005,9344288.07523005,9344288.07523005,9344288.07523005,9344288.07523005,0.03480130749425855,0.034527281450996664,3702091.844467976,3674689.240141788,3671948.9797091694,3671948.9797091694,29301604.805992648,29301604.805992648,179828220.76039132,115443061.6355804,64385159.12481093,64128944.774361074,64128944.774361074,114033197.64299804,134685170.3934295,-55913643.99736996,-55913643.99736996,72969024.92998926,52317052.17955781,0.0028361695477604402,-11911.91210059385,72.98576354980469,2023-01-18,0,0,0,1,0,0,0,0,0,0,0,10.639269358660895,1
75.09295654296875,77.57657089233399,78.36014900207519,78.85877792358399,74.85988834279554,76.47076747596054,77.6974369264083,77.86677893450981,29.366236903515496,7.219641900308512,12.230325057683835,-1.0931191063231154,-0.26709352414451953,-0.8260255821785958,17.995681055261098,-189.1580525606178,-99.69971242835103,32.26195002653653,-9.781080238866446,1.7230577865537993,2.3768297756779186,0.8701148053600605,78.94916693855103,75.09295654296875,71.23674614738647,-7.859428405761719,-1.0213501712889572,-0.8040681985708318,100.0,42.85714285714286,-57.142857142857146,-0.38043388121340804,-0.006738487559047823,1.0120072844683674,0.9954545652711546,0.1451310861423221,0.051962300665147926,1.1333205652025877,0.10739311865207464,1.0,0.48385130553375644,2.804166221557526,2.5240562546262026,5372862.157328718,8986956.856225058,-2019478.8699176493,-6720560.829398079,4851439.334358178,4607281.028364036,246917.15690933008,4607281.028364036,9407681.620791236,11211970.119324217,87600413.68450841,87600413.68450841,9453624.765081862,9407681.620791236,9407681.620791236,9407681.620791236,9407681.620791236,9407681.620791236,9407681.620791236,9407681.620791236,0.03503740662288818,0.034761521531369376,3727207.5864190497,3699619.077267169,3696860.226351981,3696860.226351981,29500392.83610577,29500392.83610577,181048211.8837579,116226250.78049958,64821961.10325832,64564008.542688236,64564008.542688236,114806821.98463532,135598901.90695003,-56292973.498954475,-56292973.498954475,73464061.59508488,52671981.672770165,0.002855410697219627,-11992.724928322434,72.49394989013672,2023-01-19,0,0,0,1,0,0,0,0,0,0,0,12.084485599605218,1
74.42523956298828,76.91358184814453,78.11608390808105,78.81857345581055,74.32030377638192,75.8835615064322,77.27302718518415,77.68538111917823,33.135428598980546,8.671846753504415,9.474315308867896,-1.3000000001995602,-0.4736748193555277,-0.8263251808440325,19.66004964089055,-144.94284436679357,-85.22301039063117,37.05029944523399,-8.30074540147896,1.7087468663673844,2.333042592367534,1.522704903943989,78.17517274314,74.42523956298828,70.67530638283657,-6.629890441894531,-1.2537583575892277,-0.9833227793375698,100.0,35.714285714285715,-64.28571428571429,0.5031086216864312,0.010306856703908629,1.0212261126267639,1.010570340819791,0.1451310861423221,0.051962300665147926,1.1333205652025877,0.10739311865207464,1.0,0.48385130553375644,2.804166221557526,2.5240562546262026,5318049.780298925,8895274.536238125,-1998876.733853049,-6651999.622494574,4801946.361312278,4560278.887342338,244398.1798905026,4560278.887342338,9311707.189124176,11097588.861173213,86706739.74271713,86706739.74271713,9357181.634819334,9311707.189124176,9311707.189124176,9311707.189124176,9311707.189124176,9311707.189124176,9311707.189124176,9311707.189124176,0.03467996519116629,0.03440689459910986,3689183.698682335,3661876.6394766923,3659145.9335561283,3659145.9335561283,29199438.40859379,29199438.40859379,179201210.68407026,115040544.37449205,64160666.3095782,63905345.30600544,63905345.30600544,113635596.17836173,134215561.34869438,-55718688.95615374,-55718688.95615374,72714602.60574579,52134637.43541314,0.0028262806277840244,-11870.378636692902,73.24113464355469,2023-01-20,0,0,0,1,0,0,0,0,0,0,0,10.461046210872613,1
73.96180877685546,76.19006042480468,77.86993255615235,78.7869483947754,74.34204282927415,75.61119049345518,76.9980265899341,77.55597483744805,38.54453722806544,23.19128164110634,13.027590098306362,-1.3559812812625722,-0.6501361117369366,-0.7058451695256356,20.26867160225182,-90.55564733561981,-73.97771932118289,39.973584333256134,-8.864431591391186,1.679920121796606,2.2583966619837756,1.305172442376488,76.97093145472549,73.96180877685546,70.95268609898544,-7.2352142333984375,-1.543349891918987,-1.2062140244703983,92.85714285714286,28.571428571428573,-64.28571428571429,0.8623223259748207,0.015624912108111566,1.0178386406738642,1.0153627995800583,0.1451310861423221,0.051962300665147926,1.1333205652025877,0.10739311865207464,1.0,0.48385130553375644,2.804166221557526,2.5240562546262026,5236234.082974943,8758424.916709052,-1968124.9544224178,-6549661.733569685,4728070.672611779,4490121.139187756,240638.22871694862,4490121.139187756,9168450.94888039,10926857.670454517,85372797.28865823,85372797.28865823,9213225.7915935,9168450.94888039,9168450.94888039,9168450.94888039,9168450.94888039,9168450.94888039,9168450.94888039,9168450.94888039,0.034146430220170366,0.03387756069087768,3632427.340744107,3605540.3878148394,3602851.6925219125,3602851.6925219125,28750218.767266273,28750218.767266273,176444284.2506748,113270699.6480667,63173584.6026081,62922191.59271944,62922191.59271944,111887365.91985586,132150717.9949987,-54861483.104524896,-54861483.104524896,71595922.6077013,51332570.53255847,0.002782799628179238,-11687.758438352801,74.3855209350586,2023-01-23,0,0,0,1,0,0,0,0,0,0,0,8.90216976471147,1
73.48891754150391,75.62164764404297,77.62471046447754,78.78242980957032,74.34076811583772,75.37974107445694,76.74471155174655,77.42978832182125,38.40623627044141,40.372867730040674,24.07866537488375,-1.3881618797181403,-0.7977412653331774,-0.590420614384963,20.509647649278143,-72.47683339209911,-74.44253398167997,42.34219168670048,-7.103175620899805,1.656530405240742,2.2283697867065597,1.3524640900145073,74.99350546264606,73.48891754150391,71.98432962036176,-5.6841278076171875,-1.8012014127481133,-1.4029787503755955,85.71428571428572,21.42857142857143,-64.28571428571429,-0.42657376235775124,-0.000635906632085681,1.0183851932067196,0.9922989443580091,0.1451310861423221,0.051962300665147926,1.1333205652025877,0.10739311865207464,1.0,0.48385130553375644,2.804166221557526,2.5240562546262026,5239565.957716706,8763998.001161575,-1969377.2945050725,-6553829.357123438,4731079.197250232,4492978.253857201,240791.34953306554,4492978.253857201,9174284.9375168,10933810.5530992,85427120.96143758,85427120.96143758,9219088.27096679,9174284.9375168,9174284.9375168,9174284.9375168,9174284.9375168,9174284.9375168,9174284.9375168,9174284.9375168,0.034168157978435004,0.033899117364431575,3634738.6951862746,3607834.633785932,3605144.227645898,3605144.227645898,28768512.855386257,28768512.855386257,176556557.73667777,113342775.07043299,63213782.66624478,62962229.692151584,62962229.692151584,111958561.11138536,132234806.9857535,-54896392.0843289,-54896392.0843289,71641479.89990208,51365234.02553394,0.0027845703549354505,-11695.195490728893,74.33821868896484,2023-01-24,0,0,0,1,0,0,0,0,0,0,0,9.15038180215461,1
73.64213256835937,75.0172950744629,77.34828681945801,78.71629196166992,74.14445830525248,75.0837588216615,76.4596760405404,77.28555500269422,36.65063484014607,53.15729758790071,38.90714898634918,-1.4443318432313248,-0.9270593809128068,-0.517272462318518,21.14647947627513,-79.08650884079802,-80.20458642949997,42.56291151094694,-7.5737804354514715,1.6618338602532055,2.2532778706327785,1.7307787754152315,75.06433378651191,73.64213256835937,72.21993135020683,-6.043525695800781,-2.3656474619682646,-1.837397257486984,78.57142857142857,14.285714285714286,-64.28571428571429,-0.118341218534439,-0.007888001827650148,1.022013840241048,0.9974418400171207,0.1451310861423221,0.051962300665147926,1.1333205652025877,0.10739311865207464,1.0,0.48385130553375644,2.804166221557526,2.5240562546262026,5281224.264366257,8833678.069921995,-1985035.2562341979,-6605937.000254789,4768694.669518903,4528700.652884031,242705.81343300643,4528700.652884031,9247227.081637451,11020742.187617186,86106327.8327546,86106327.8327546,9292386.633716779,9247227.081637451,9247227.081637451,9247227.081637451,9247227.081637451,9247227.081637451,9247227.081637451,9247227.081637451,0.034439819336303704,0.03416863965649029,3663637.4742792365,3636519.506297895,3633807.709499761,3633807.709499761,28997243.162448466,28997243.162448466,177960308.97915453,114243931.41019455,63716377.56895999,63462824.568334445,63462824.568334445,112848711.95755452,133286168.52669254,-55332857.767528266,-55332857.767528266,72211081.03911522,51773624.46997719,0.002806709686068845,-11788.18068148915,73.75183868408203,2023-01-25,0,0,0,1,0,0,0,0,0,0,0,10.378935078936662,1
73.03872680664062,74.06584167480469,76.82940559387207,78.5286964416504,72.58861256401597,74.06433377800359,75.79465175873112,76.97933406460986,26.971073306896624,44.25414802019092,45.92810444604404,-1.8128990952663457,-1.1042273237835145,-0.7086717714828312,23.08580448282271,-147.09443722309643,-91.57382822435629,38.34723824434534,-12.045016751713034,1.9302249610045248,2.778224669367656,5.419309270771677,76.69807003537406,73.03872680664062,69.37938357790719,-9.514533996582031,-3.0630982581468533,-2.3684557401216892,100.0,7.142857142857143,-92.85714285714286,0.1716414298850176,-0.05796353933426368,1.0370934298294225,1.0063013573215431,0.1451310861423221,0.051962300665147926,1.1333205652025877,0.10739311865207464,1.0,0.48385130553375644,2.804166221557526,2.5240562546262026,5606178.194667774,9377214.618295392,-2107174.5512178745,-7012400.555692271,5062112.63431234,4807351.776685588,257639.5113852456,4807351.776685588,9816209.316465782,11698848.874521097,91404453.4665923,91404453.4665923,9864147.537505988,9816209.316465782,9816209.316465782,9816209.316465782,9816209.316465782,9816209.316465782,9816209.316465782,9816209.316465782,0.03655890273287843,0.03627103735702899,3889061.2277258863,3860274.6901409426,3857396.036382448,3857396.036382448,30781444.63958024,30781444.63958024,188910213.5743134,121273364.86472982,67636848.70958358,67367694.58316436,67367694.58316436,119792297.50598447,141487271.55687726,-58737490.615198255,-58737490.615198255,76654231.60806718,54959257.5571744,0.0029794066400416668,-12513.507888175001,69.47692108154297,2023-01-26,0,0,0,1,0,0,0,0,0,0,0,16.541475580188568,1
72.47125854492188,73.44824905395508,76.43170623779297,78.37884170532226,71.86033948766429,73.39878097017765,75.281236670753,76.72146972227068,31.21294673145049,37.41449720525614,44.941980937782525,-2.0070642657303353,-1.2847947121728787,-0.7222695535574566,24.521700608982822,-111.17189762142175,-84.47901998027818,44.12008635790451,-8.064702045547989,1.9294900285004037,2.7406052104613834,1.9199359059468293,76.66938149781747,72.47125854492188,68.27313559202629,-6.175926208496094,-3.7123419430850215,-2.8596461369441073,92.85714285714286,0.0,-92.85714285714286,0.4000026157924092,0.013340721479728979,1.0237320321494048,1.0094928749378314,0.1451310861423221,0.051962300665147926,1.1333205652025877,0.10739311865207464,1.0,0.48385130553375644,2.804166221557526,2.5240562546262026,5532372.355944961,9253762.746850172,-2079433.4092691715,-6920081.673469538,4995469.467486118,4744062.559398247,254247.66411146292,4744062.559398247,9686978.040447917,11544832.47987693,90201105.6390975,90201105.6390975,9734285.150508791,9686978.040447917,9686978.040447917,9686978.040447917,9686978.040447917,9686978.040447917,9686978.040447917,9686978.040447917,0.036077601499615405,0.035793525897256234,3837861.387872474,3809453.8276365562,3806613.0716129644,3806613.0716129644,30376204.16026674,30376204.16026674,186423193.67019776,119676790.13988565,66746403.5303121,66480792.84210627,66480792.84210627,118215221.16574769,139624578.93754703,-57964206.283378154,-57964206.283378154,75645071.7742133,54235714.002413966,0.002940182484417476,-12348.7664345534,70.40379333496094,2023-01-27,0,0,0,1,0,0,0,0,0,0,0,15.843924869250712,1
71.72030792236328,72.84105834960937,75.98435287475586,78.21658218383789,71.45048226586474,72.89550585237546,74.83833487565897,76.48261866736853,32.250736092224734,27.92149737423058,36.53004753322582,-2.1182092206310443,-1.4514776138645118,-0.6667316067665325,25.855032726131498,-101.9235856903163,-81.0156527570553,46.74185044250107,-7.916160752003288,1.865304706962469,2.6409237283902933,1.0308955269693172,75.6122140696214,71.72030792236328,67.82840177510515,-6.071907043457031,-4.258686969018713,-3.268228971041168,85.71428571428572,0.0,-85.71428571428572,0.366975109891644,0.003223895710062319,1.0147137730959626,1.0053850502484174,0.1451310861423221,0.051962300665147926,1.1333205652025877,0.10739311865207464,1.0,0.48385130553375644,2.804166221557526,2.5240562546262026,5514593.880391233,9224025.450769931,-2072751.0759673335,-6897843.7446126025,4979416.348481634,4728817.3454446,253430.63018999502,4728817.3454446,9655848.591596458,11507732.749632847,89911241.17438902,89911241.17438902,9703003.678574715,9655848.591596458,9655848.591596458,9655848.591596458,9655848.591596458,9655848.591596458,9655848.591596458,9655848.591596458,0.035961664842602645,0.03567850212730656,3825528.2836500923,3797212.0121204844,3794380.384967523,3794380.384967523,30278589.146610245,30278589.146610245,185824116.09947854,119292204.51351067,66531911.58596785,66267154.44716602,66267154.44716602,117835332.34331232,139175890.3816017,-57777936.24258942,-57777936.24258942,75401983.64261769,54061425.60432833,0.0029307341033144676,-12309.083233920765,70.63076782226562,2023-01-30,0,0,0,1,0,0,0,0,0,0,0,14.314783473591111,1
71.06204681396484,72.27548217773438,75.61691818237304,78.06264556884766,71.31595922623404,72.55939808775678,74.47724709197456,76.26945374500006,34.210535050678565,37.53174815427368,34.28924757792007,-2.147952686794497,-1.5907726284505088,-0.5571800583439881,26.864839996442534,-83.1274771056032,-76.74231058708308,44.547760283388364,-7.373617319931924,1.7982728904461875,2.531106294127309,0.9268592757345289,73.94192627412481,71.06204681396484,68.18216735380487,-5.65576171875,-4.463913585113869,-3.411540985107422,78.57142857142857,0.0,-78.57142857142857,0.06123005060334071,0.005891842005090631,1.0131525392489897,1.0007994296554756,0.1451310861423221,0.051962300665147926,1.1333205652025877,0.10739311865207464,1.0,0.48385130553375644,2.804166221557526,2.5240562546262026,5482293.075763233,9169997.275634779,-2060610.2857297491,-6857440.786936706,4950250.256087109,4701119.0944927335,251946.20296832317,4701119.0944927335,9599291.085161809,11440328.143723635,89384601.22627577,89384601.22627577,9646169.969162162,9599291.085161809,9599291.085161809,9599291.085161809,9599291.085161809,9599291.085161809,9599291.085161809,9599291.085161809,0.03575102544913636,0.03546952131174159,3803120.8962034034,3774970.4824639256,3772155.441089978,3772155.441089978,30101237.411623236,30101237.411623236,184735682.64463377,118593470.52235757,66142212.12227621,65879005.7538121,65879005.7538121,117145131.73546146,138360691.05021864,-57439511.71471676,-57439511.71471676,74960329.22616753,53744769.91141035,0.0029135678220359156,-12236.984852550846,71.04691314697266,2023-01-31,0,0,0,1,0,0,0,0,0,0,0,16.8815178182828,1
70.61564025878906,72.12888641357422,75.24570007324219,77.92814514160156,71.38390812022374,72.37038132783793,74.19558602685348,76.08319304551783,36.4598862025755,57.56857515747026,41.00727356199145,-2.1090542398808765,-1.6944289507365824,-0.4146252891442941,27.482592859736943,-64.60781600068314,-69.88380772345911,44.11492741870209,-2.0085528605879532,1.7664294104377327,2.469846482392548,1.3524641703278206,71.98539969828461,70.61564025878906,69.2458808192935,-1.4659576416015625,-4.658496981513466,-3.5464138617882384,71.42857142857143,0.0,-71.42857142857143,0.4755245874525814,0.006656063441520699,1.0191946349688026,1.009073929583969,0.1451310861423221,0.051962300665147926,1.1333205652025877,0.10739311865207464,1.0,0.48385130553375644,2.804166221557526,2.5240562546262026,5446043.86231039,9109364.765841383,-2046985.4209043416,-6812099.023665268,4917518.938060499,4670035.044959359,250280.321271774,4670035.044959359,9535820.061863123,11364684.085457984,88793585.48806709,88793585.48806709,9582388.980188696,9535820.061863123,9535820.061863123,9535820.061863123,9535820.061863123,9535820.061863123,9535820.061863123,9535820.061863123,0.035514637767056205,0.03523499494999277,3777974.4585270025,3750010.1768206586,3747213.7486500246,3747213.7486500246,29902206.42859307,29902206.42859307,183514200.48379368,117809324.18656906,65704876.29722461,65443410.263270296,65443410.263270296,116370561.8927777,137445842.80076346,-57059718.60770853,-57059718.60770853,74464687.54173669,53389406.633750945,0.0028943031566065485,-12156.073257747505,71.51980590820312,2023-02-01,0,0,0,1,0,0,0,0,0,0,0,16.706499212096464,1
70.90126495361328,71.96999588012696,74.77328338623047,77.7693000793457,71.22428693203717,72.10395646016995,73.88220112483543,75.8801283988569,34.79440807906895,64.65204060101965,53.250787970921145,-2.1035842342122777,-1.7762600074317214,-0.3273242267805563,28.056220518510322,-63.88539862427389,-72.66335586863465,43.095477235024184,-2.1917764680785323,1.7111895040520442,2.413353682767484,0.9930707210380945,71.6625624269087,70.90126495361328,70.13996748031785,-1.5889053344726562,-4.890691062264569,-3.707424066005615,64.28571428571429,0.0,-64.28571428571429,-0.323805094967533,-0.008595679822287483,1.0140675651171485,0.995485375794547,0.1451310861423221,0.051962300665147926,1.1333205652025877,0.10739311865207464,1.0,0.48385130553375644,2.804166221557526,2.5240562546262026,5493262.185234546,9188344.836149696,-2064733.206465565,-6871161.326434584,4960154.840942208,4710525.211471985,252450.30324954653,4710525.211471985,9618497.587496689,11463218.23917494,89563444.17800252,89563444.17800252,9665470.26794378,9618497.587496689,9618497.587496689,9618497.587496689,9618497.587496689,9618497.587496689,9618497.587496689,9618497.587496689,0.035822556997421685,0.03554048961948923,3810730.2758674566,3782523.5380742108,3779702.8642948866,3779702.8642948866,30161464.72231733,30161464.72231733,185105306.4312834,118830755.31227398,66274551.11900944,66010818.120642595,66010818.120642595,117379518.6528115,138637526.5906909,-57554438.13022762,-57554438.13022762,75110311.73274358,53852303.794864155,0.002919397361600901,-12261.468918723785,70.90504455566406,2023-02-02,0,0,0,1,0,0,0,0,0,0,0,18.468750652326005,1
70.92017822265625,71.69571838378906,74.3046501159668,77.57615203857422,70.9823111814167,71.81202977289828,73.55993051105833,75.66907864518313,33.6977758429315,59.740620428539806,60.653745395676516,-2.1077682456594573,-1.8425616550772685,-0.26520659058218876,28.87315848586079,-63.47244239541845,-76.9849629728245,39.567925967632966,-3.744855915637124,1.7348815866536513,2.460882202825922,2.0428786604745426,71.63433976899047,70.92017822265625,70.20601667632202,-2.7427749633789062,-4.711794161716372,-3.5548544174585572,57.142857142857146,7.142857142857143,-50.0,-0.1342599297105453,-0.005735626823688333,1.0292444626978803,0.99612453683775,0.1451310861423221,0.051962300665147926,1.1333205652025877,0.10739311865207464,1.0,0.48385130553375644,2.804166221557526,2.5240562546262026,5524951.243787986,9241349.76977631,-2076644.0618499645,-6910799.091074472,4988768.555687381,4737698.884275192,253906.61685187407,4737698.884275192,9673983.949328387,11529346.266882863,90080110.07362159,90080110.07362159,9721227.601735473,9673983.949328387,9673983.949328387,9673983.949328387,9673983.949328387,9673983.949328387,9673983.949328387,9673983.949328387,0.036029207084008946,0.035745512540040374,3832713.28901544,3804343.8346185824,3801506.889178897,3801506.889178897,30335457.58655966,30335457.58655966,186173126.0066571,119516255.95580086,66656870.05085624,66391615.65224562,66391615.65224562,118056647.52708255,139437286.83327416,-57886453.22406776,-57886453.22406776,75543601.64067183,54162962.33448022,0.002936238530074745,-12332.201826313929,70.49835968017578,2023-02-03,0,0,0,1,0,0,0,0,0,0,0,18.90957506963202,1
71.04123992919922,71.38077392578126,73.78541717529296,77.37949584960937,71.06689957260463,71.7073109696405,73.33861106762234,75.49523541811637,37.543227494708894,51.74629604513937,58.71298569156622,-2.028176972926701,-1.879684718647155,-0.14849225427954615,29.631743741257655,-48.610851412677285,-65.46676297696278,50.122679110542435,-4.233948408894939,1.6954060296945426,2.3799823298044522,1.1822237892261285,71.7225838711379,71.04123992919922,70.35989598726054,-3.149444580078125,-4.504026882878594,-3.3857655158409727,50.0,0.0,-50.0,0.9200012207031242,0.010464309781836434,1.016853175554255,1.0155049420826385,0.1451310861423221,0.051962300665147926,1.1333205652025877,0.10739311865207464,1.0,0.48385130553375644,2.804166221557526,2.5240562546262026,5467735.169172721,9145646.887589289,-2055138.4563976543,-6839231.256536456,4937105.15788972,4688635.549431807,251277.1746551777,4688635.549431807,9573800.732672133,11409949.025683152,89147245.67864278,89147245.67864278,9620555.13255518,9573800.732672133,9573800.732672133,9573800.732672133,9573800.732672133,9573800.732672133,9573800.732672133,9573800.732672133,0.03565609070525985,0.035375334085533394,3793021.9325044136,3764946.2705317684,3762138.704334504,3762138.704334504,30021305.347349886,30021305.347349886,184245127.9123878,118278552.54145981,65966575.37092798,65704067.93148375,65704067.93148375,116834059.7329672,137993282.3786515,-57286984.47208461,-57286984.47208461,74761276.48385921,53602053.83817489,0.0029058310141688143,-12204.49025950902,71.23607635498047,2023-02-06,0,0,0,1,0,0,0,0,0,0,0,17.264715694616772,1
70.93909454345703,71.00057067871094,73.31110916137695,77.16903045654297,70.88999512115699,71.49437919666254,73.07171346292132,75.30076290047501,35.44296187999175,48.38073421347868,53.28921689571923,-1.9985377020859971,-1.9034553153349234,-0.09508238675107372,30.63860848118278,-73.59175216817569,-66.52307913094647,54.15019934774754,-5.114505751894638,1.7073914034116766,2.4205893385395925,1.8632012617344174,71.73063260339454,70.93909454345703,70.14755648351952,-3.802032470703125,-4.361452245152439,-3.2634221590482326,42.85714285714286,0.0,-42.85714285714286,-0.16326371732857428,-0.009824939448252135,1.0200409168545759,0.99679233006217,0.1451310861423221,0.051962300665147926,1.1333205652025877,0.10739311865207464,1.0,0.48385130553375644,2.804166221557526,2.5240562546262026,5521988.370547301,9236393.89836089,-2075530.4170683564,-6907093.027293055,4986093.221878012,4735158.191945568,253770.453999478,4735158.191945568,9668796.068583464,11523163.408423224,90031802.68847403,90031802.68847403,9716014.385571769,9668796.068583464,9668796.068583464,9668796.068583464,9668796.068583464,9668796.068583464,9668796.068583464,9668796.068583464,0.03600988565132258,0.03572634324461925,3830657.914561953,3802303.6738916202,3799468.249824587,3799468.249824587,30319189.548786797,30319189.548786797,186073286.68702507,119452162.80801128,66621123.8790138,66356011.72874619,66356011.72874619,117993337.12552266,139362510.60671893,-57855410.37578043,-57855410.37578043,75503089.76899554,54133916.28779926,0.002934663909379438,-12325.588419393642,70.53618621826172,2023-02-07,0,0,0,1,0,0,0,0,0,0,0,18.89969399649704,1
70.59293975830079,70.60429000854492,72.8107925415039,76.9662141418457,70.52300740824528,71.18431606680059,72.75907713144518,75.08461658996312,33.301216730952504,43.380195805658786,47.83574202142555,-2.012142740017566,-1.925192800271452,-0.0869499397461142,31.57355431111325,-79.35668185012796,-77.8734959354092,52.201272359338546,-5.373163262593284,1.6462341961086526,2.358872374850103,0.8511905011693415,71.5601907718958,70.59293975830079,69.62568874470577,-3.9628067016601562,-4.450663090011334,-3.3154407892471625,35.714285714285715,21.42857142857143,-14.285714285714286,-0.6282033725888939,-0.010592495510430733,1.0105863026067616,0.9934033673691162,0.1451310861423221,0.051962300665147926,1.1333205652025877,0.10739311865207464,1.0,0.48385130553375644,2.804166221557526,2.5240562546262026,5581106.213052294,9335277.786401976,-2097750.833352647,-6981039.658534218,5039473.825752226,4785852.311064098,256487.29451511186,4785852.311064098,9772309.210017111,11646529.216864968,90995673.95632502,90995673.95632502,9820033.041475883,9772309.210017111,9772309.210017111,9772309.210017111,9772309.210017111,9772309.210017111,9772309.210017111,9772309.210017111,0.03639540380270302,0.036108825820004575,3871668.546256046,3843010.747986201,3840144.9681592165,3840144.9681592165,30643783.68994515,30643783.68994515,188065368.25594366,120731005.44111608,67334362.81482758,67066412.40100453,67066412.40100453,119256561.72013256,140854511.38620117,-58474804.47970503,-58474804.47970503,76311418.1228565,54713468.456787884,0.002966082120928947,-12457.544907901578,69.78903198242188,2023-02-08,0,0,0,1,0,0,0,0,0,0,0,21.098383494829342,1
70.29974975585938,70.60050735473632,72.3331745147705,76.77823867797852,70.16170311998253,70.86700306255631,72.44288831354154,74.86322356853151,32.31624557326377,26.58165097318491,39.44752699744074,-2.0277867934709093,-1.9457115989113434,-0.08207519455956591,32.73663929116212,-93.5622596166,-83.18958141978382,48.68557150740254,-0.054444753015958636,1.6340331957586882,2.353189088224735,1.4754201912091531,71.556289653117,70.29974975585938,69.04320985860176,-0.0378265380859375,-4.530189893466219,-3.358121382884491,28.571428571428573,14.285714285714286,-14.285714285714286,-0.42948457742587026,-0.005014218266460313,1.0214051213882984,0.990956968523932,0.1451310861423221,0.051962300665147926,1.1333205652025877,0.10739311865207464,1.0,0.48385130553375644,2.804166221557526,2.5240562546262026,5609232.127245545,9382322.800771432,-2108322.422153396,-7016220.519625236,5064870.19037807,4809970.553273458,257779.85899279913,4809970.553273458,9821556.638720056,11705221.753594812,91454245.50467993,91454245.50467993,9869520.973824045,9821556.638720056,9821556.638720056,9821556.638720056,9821556.638720056,9821556.638720056,9821556.638720056,9821556.638720056,0.03657881797998379,0.036290795791165016,3891179.770941582,3862377.5520597054,3859497.3301715176,3859497.3301715176,30798212.650391072,30798212.650391072,189013121.3013737,121339427.8165155,67673693.48485819,67404392.73831265,67404392.73831265,119857553.65504293,141564345.91536954,-58769487.51752592,-58769487.51752592,76695988.54960616,54989196.28927956,0.002981029654274269,-12520.32454795193,69.43909454345703,2023-02-09,0,0,0,1,0,0,0,0,0,0,0,20.805599415746006,1
70.29218444824218,70.60618133544922,72.02721519470215,76.61069198608398,70.26131312735164,70.79309944065331,72.2540925829271,74.69056904200438,38.073876783390816,32.485634064113476,34.14916028098566,-1.9354525677275234,-1.9436597926745793,0.008207224947055947,33.74413260847651,-68.80192078218427,-67.6723651898354,50.844206365451925,0.08059197443943678,1.6166234130609338,2.2943672733796534,1.3902962379901282,71.54429781934235,70.29218444824218,69.04007107714202,0.05673980712890625,-4.409532316998787,-3.25190280033992,21.42857142857143,7.142857142857143,-14.285714285714286,0.6802715439390498,0.014709849046109946,1.0201259748395022,1.0136054421768708,0.1451310861423221,0.051962300665147926,1.1333205652025877,0.10739311865207464,1.0,0.48385130553375644,2.804166221557526,2.5240562546262026,5527917.298248923,9246310.962282859,-2077758.90234568,-6914509.134035624,4991446.761987539,4740242.304531811,254042.92590155514,4740242.304531811,9679177.400271542,11535535.763842681,90128469.32613553,90128469.32613553,9726446.415299905,9679177.400271542,9679177.400271542,9679177.400271542,9679177.400271542,9679177.400271542,9679177.400271542,9679177.400271542,0.03604854926200838,0.03576470241742564,3834770.8703128602,3806386.185854586,3803547.7174087586,3803547.7174087586,30351743.09123273,30351743.09123273,186273072.5232023,119580417.92004095,66692654.603161335,66427257.80347647,66427257.80347647,118120025.90466274,139512143.34664118,-57917529.40288583,-57917529.40288583,75584157.00971577,54192039.567737326,0.0029378148414313915,-12338.822334011846,70.46053314208984,2023-02-10,0,0,0,1,0,0,0,0,0,0,0,19.270084911291907,1
70.34325561523437,70.6922477722168,71.76665306091309,76.43684051513672,70.67135281488156,70.92006903143296,72.1814582597856,74.56511269486467,43.31490876073483,60.20307946609572,39.75678816779797,-1.7588175372711419,-1.9066913415938918,0.14787380432274988,33.59662637088225,47.37733090285907,-46.215687487457366,55.32675514663802,1.2185402965483094,1.5754616591559782,2.203706949065206,1.0403588583915564,71.75575885742153,70.34325561523437,68.93075237304721,0.8606643676757812,-3.761309577649715,-2.761734840197434,14.285714285714286,0.0,-14.285714285714286,0.9393885682138756,0.01463087209080105,1.0132689700532207,1.012456370615653,0.1451310861423221,0.051962300665147926,1.1333205652025877,0.10739311865207464,1.0,0.48385130553375644,2.804166221557526,2.5240562546262026,5448205.303331457,9112980.115841962,-2047797.8341661752,-6814802.628454649,4919470.61664101,4671888.50144469,250379.65322113756,4671888.50144469,9539604.664626582,11369194.532857018,88828826.13300748,88828826.13300748,9586192.065353863,9539604.664626582,9539604.664626582,9539604.664626582,9539604.664626582,9539604.664626582,9539604.664626582,9539604.664626582,0.03552873291517818,0.03524897911269646,3779473.8715280094,3751498.4912798377,3748700.9532550205,3748700.9532550205,29914074.0993701,29914074.0993701,183587034.109615,117856080.67851055,65730953.431104444,65469383.62578404,65469383.62578404,116416747.3647421,137500392.68877676,-57082364.62738214,-57082364.62738214,74494241.29384427,53410595.96980959,0.0028954518556857803,-12160.897793880278,71.4914321899414,2023-02-13,0,0,0,1,0,0,0,0,0,0,0,18.307746897852574,1
70.40568084716797,70.6723876953125,71.47393493652343,76.23977172851562,70.7303393358976,70.90702236715964,72.05449198532314,74.41935581969075,40.98454626665648,79.34811849411643,57.34561067477515,-1.6516877686436118,-1.8556906270038358,0.20400285836022403,33.69650270649859,36.584387306742705,-29.442512100439203,58.03182483836652,-0.27953469087690364,1.562910536450456,2.205995434461931,1.3997459412786668,71.87328633353809,70.40568084716797,68.93807536079785,-0.19860076904296875,-3.1644321207381476,-2.310367633134902,7.142857142857143,0.0,-7.142857142857143,-0.4244579834238978,-0.008995760643080275,1.0187558949966369,0.9921854789683361,0.1451310861423221,0.051962300665147926,1.1333205652025877,0.10739311865207464,1.0,0.48385130553375644,2.804166221557526,2.5240562546262026,5497660.945292115,9195702.454063704,-2066386.55299298,-6876663.4468454905,4964126.712347207,4714297.190571416,252652.45422523457,4714297.190571416,9626199.65260391,11472397.47454026,89635162.60096939,89635162.60096939,9673209.9466845,9626199.65260391,9626199.65260391,9626199.65260391,9626199.65260391,9626199.65260391,9626199.65260391,9626199.65260391,0.035851242107938316,0.035568948862993915,3813781.7391987923,3785552.4147043526,3782729.4822549084,3782729.4822549084,30185616.681904282,30185616.681904282,185253530.52853525,118925909.69639994,66327620.83213532,66063676.64811231,66063676.64811231,117473510.95116103,138748541.35639542,-57600525.16467932,-57600525.16467932,75170456.73001853,53895426.324784115,0.0029217350851745002,-12271.287357732901,70.84831237792969,2023-02-14,0,0,0,1,0,0,0,0,0,0,0,20.038788614970766,1
70.596728515625,70.59483413696289,71.36186027526855,76.02838470458984,70.73498299883407,70.87743108671371,71.92970897002637,74.27523481988747,40.60395733870385,81.61774367469052,73.72298054496751,-1.5572311875697977,-1.7959987391170282,0.2387675515472305,33.78924501814234,3.1464131916433717,-38.85322841659425,59.187443204783605,-1.084364776508906,1.51207424970033,2.1373805154256384,0.851202521948693,71.93664591108598,70.596728515625,69.25681112016403,-0.7755355834960938,-2.6757913073514366,-1.9440600077311245,0.0,42.85714285714286,42.85714285714286,0.0666723180604457,-0.0014685184407450258,1.012137579330525,1.0008028524177597,0.1451310861423221,0.051962300665147926,1.1333205652025877,0.10739311865207464,1.0,0.48385130553375644,2.804166221557526,2.5240562546262026,5505746.235168523,9209226.372817183,-2069425.542563984,-6886776.805581783,4971427.345080282,4721230.404483406,253024.0246714161,4721230.404483406,9640356.69418468,11489269.678934468,89766987.07686189,89766987.07686189,9687436.125278011,9640356.69418468,9640356.69418468,9640356.69418468,9640356.69418468,9640356.69418468,9640356.69418468,9640356.69418468,0.035903967746670214,0.035621259339216116,3819390.584704839,3791119.7439594297,3788292.6598848887,3788292.6598848887,30230010.009066503,30230010.009066503,185525978.84971336,119100811.4342989,66425167.41541444,66160835.05444486,66160835.05444486,117646276.67794758,138952595.80572554,-57685236.99897105,-57685236.99897105,75281008.278914,53974689.15113604,0.002926032017149895,-12289.33447202956,70.74427032470703,2023-02-15,0,0,0,1,0,0,0,0,0,0,0,21.24947142616957,1
70.76507415771485,70.53241195678712,71.25120391845704,75.85159545898438,70.58359625052479,70.76895684438509,71.77267218753873,74.11859120945684,38.87233558575891,64.94325375235427,75.30303864038702,-1.5024506959368722,-1.737289130480997,0.23483843454412479,34.219024934249674,-72.15652865800281,-54.45891404693272,59.58688754710151,-0.8803630343504953,1.495945413096564,2.12852575493422,1.2862705372476029,71.59559305288376,70.76507415771485,69.93455526254594,-0.6242218017578125,-2.271419430479475,-1.6419569651285855,64.28571428571429,35.714285714285715,-28.571428571428573,0.2479302887192033,-0.0065510262339779635,1.0164760218443354,1.0040534443143383,0.1451310861423221,0.051962300665147926,1.1333205652025877,0.10739311865207464,1.0,0.48385130553375644,2.804166221557526,2.5240562546262026,5542052.365605685,9269954.085217211,-2083071.8005768224,-6932189.7625753265,5004210.056440358,4752363.260878816,254692.5220650623,4752363.260878816,9703927.37700405,11565032.510306293,90358930.8030267,90358930.8030267,9751317.260467172,9703927.37700405,9703927.37700405,9703927.37700405,9703927.37700405,9703927.37700405,9703927.37700405,9703927.37700405,0.036140726594707163,0.03585615394435514,3844576.5062558567,3816119.241220654,3813273.5147171337,3813273.5147171337,30429353.502142023,30429353.502142023,186749378.9302646,119886189.00355281,66863189.926711775,66597114.49863263,66597114.49863263,118422062.71749164,139868880.511272,-58065626.44107892,-58065626.44107892,75777428.19898896,54330610.405208595,0.0029453269311434578,-12370.373110802522,70.28082275390625,2023-02-16,0,0,0,1,0,0,0,0,0,0,0,22.819612307975554,1
71.0015151977539,70.64684982299805,71.17128410339356,75.69583190917969,70.93664361444492,70.92782620763964,71.76029753560982,74.021498940156,46.141333297834635,70.38060780781906,72.31386841162123,-1.3337667231237305,-1.6565846490095437,0.32281792588581326,33.32079678683421,83.43187809056553,-8.59908465873467,66.40612446144848,1.623269913372427,1.5194745425847063,2.1209051716102234,1.8253532259305558,72.00559862362994,71.0015151977539,69.99743177187787,1.144378662109375,-1.8735761290004982,-1.3490696442433006,57.142857142857146,28.571428571428573,-28.571428571428573,0.7098458704426195,0.019378196427036087,1.0260634736750356,1.0184189674263409,0.1451310861423221,0.051962300665147926,1.1333205652025877,0.10739311865207464,1.0,0.48385130553375644,2.804166221557526,2.5240562546262026,5436698.945524649,9093733.923002075,-2043472.9797812798,-6800410.080255735,4909080.922056531,4662021.688845269,249850.86296506086,4662021.688845269,9519457.46045651,11345183.319441423,88641223.75752062,88641223.75752062,9565946.470746532,9519457.46045651,9519457.46045651,9519457.46045651,9519457.46045651,9519457.46045651,9519457.46045651,9519457.46045651,0.03545369787325445,0.03517453489787449,3771491.797383209,3743575.4998452137,3740783.870091414,3740783.870091414,29850896.957378723,29850896.957378723,183199306.7782194,117607174.08294487,65592132.695274524,65331115.31329427,65331115.31329427,116170880.574615,137209998.2141254,-56961809.31140318,-56961809.31140318,74336912.89905165,53297795.25954125,0.002889336795182547,-12135.214539766699,71.64273834228516,2023-02-17,0,0,0,1,0,0,0,0,0,0,0,18.95970515284989,1
70.99016418457032,70.66670989990234,71.0237419128418,75.51764465332032,71.10265478430442,71.01998091970943,71.7292860678397,73.92005494736648,45.255936562441676,74.27907595958878,69.86764583992066,-1.203004770688466,-1.5658686733453282,0.3628639026568623,32.48672779280556,87.58747712449127,-15.605137055227559,70.66572006401474,0.27879240295789476,1.4859274414215193,2.0801206098288683,1.0498151263000892,71.97289335388331,70.99016418457032,70.00743501525733,0.19860076904296875,-1.541694608963442,-1.1070473499787141,50.0,21.42857142857143,-28.571428571428573,-0.15315141934152768,-0.002904149437556014,1.0148634253590736,0.9977543173606528,0.1451310861423221,0.051962300665147926,1.1333205652025877,0.10739311865207464,1.0,0.48385130553375644,2.804166221557526,2.5240562546262026,5452533.918838298,9120220.405964443,-2049424.815707129,-6820217.009648315,4923379.150848342,4675600.330916538,250578.58060900006,4675600.330916538,9547183.909236763,11378227.39212264,88899400.90265112,88899400.90265112,9593808.3237941,9547183.909236763,9547183.909236763,9547183.909236763,9547183.909236763,9547183.909236763,9547183.909236763,9547183.909236763,0.03555696060038325,0.035276984532663695,3782476.674891163,3754479.068119208,3751679.3074420122,3751679.3074420122,29937840.92125182,29937840.92125182,183732894.56061816,117949717.68923195,65783176.87138621,65521399.24806842,65521399.24806842,116509240.82081485,137609637.16449896,-57127716.73783622,-57127716.73783622,74553427.1927012,53453030.84901708,0.002897752300897375,-12170.559663768976,71.43467712402344,2023-02-21,0,0,0,1,0,0,0,0,0,0,0,18.08253176356599,1
71.16607360839843,70.7858772277832,70.89322395324707,75.33967315673829,71.31105635522638,71.14868611559322,71.72915020395689,73.83408649833525,46.80493341558442,80.9985864801035,75.21942341583706,-1.0634587238287452,-1.4653866834420115,0.40192795961326633,30.757275165421493,164.11232518298067,-26.000145490933242,63.10693678058522,1.6894495473871673,1.475718634260793,2.057385574598205,1.343004141171349,72.2891221691866,71.16607360839843,70.04302504761027,1.1916732788085938,-1.1355728316865024,-0.8132499792636878,42.85714285714286,100.0,57.142857142857146,-0.04225722912928195,0.004104202396517653,1.0188178927401752,0.9992094178289598,0.1451310861423221,0.051962300665147926,1.1333205652025877,0.10739311865207464,1.0,0.48385130553375644,2.804166221557526,2.5240562546262026,5430247.08573534,9082942.17293087,-2041047.9418527696,-6792339.872067414,4903255.19910942,4656489.156959187,249554.359010687,4656489.156959187,9508160.494150197,11331719.720887508,88536031.1115848,88536031.1115848,9554594.334827349,9508160.494150197,9508160.494150197,9508160.494150197,9508160.494150197,9508160.494150197,9508160.494150197,9508160.494150197,0.03541162412777346,0.035132792441728004,3767016.078474169,3739132.909869623,3736344.5930091687,3736344.5930091687,29815472.188841075,29815472.188841075,182981899.80890313,117467606.85566176,65514292.95324136,65253585.32678886,65253585.32678886,116033017.83095786,137047167.84977397,-56894211.37914596,-56894211.37914596,74248695.51861541,53234545.49979929,0.0028859079505705143,-12120.813392396161,71.72785949707031,2023-02-22,0,0,0,1,0,0,0,0,0,0,0,17.334942010403857,1
71.27956695556641,70.9381477355957,70.7712188720703,75.1603450012207,71.31128325699989,71.17833174194843,71.68939657125118,73.73517083410826,44.864561873298975,69.6760878014906,74.98458341372758,-0.9752035398997378,-1.3673500547335569,0.392146514833819,29.710939542091587,75.50605642171926,-36.99966265834188,60.102204497101674,2.181868747668725,1.4750216115342465,2.068413521159759,1.465960316089138,72.32089062062272,71.27956695556641,70.2382432905101,1.522705078125,-0.839677660336908,-0.5996011587289729,35.714285714285715,92.85714285714286,57.142857142857146,-0.2838670617536747,-0.005801406028858702,1.0207775212260295,0.9941983803631608,0.1451310861423221,0.051962300665147926,1.1333205652025877,0.10739311865207464,1.0,0.48385130553375644,2.804166221557526,2.5240562546262026,5461933.982470472,9135943.490576413,-2052957.984682098,-6831974.932630589,4931866.961835341,4683660.975982382,251010.5732637265,4683660.975982382,9563643.070718518,11397843.23736072,89052661.76040754,89052661.76040754,9610347.864870034,9563643.070718518,9563643.070718518,9563643.070718518,9563643.070718518,9563643.070718518,9563643.070718518,9563643.070718518,0.03561826011675225,0.03533780137567546,3788997.591947424,3760951.7178397453,3758147.1304289773,3758147.1304289773,29989453.183341086,29989453.183341086,184049646.53793764,118153060.7345352,65896585.80340243,65634356.88049563,65634356.88049563,116710100.51169513,137846873.53294736,-57226203.823013484,-57226203.823013484,74681955.86763285,53545182.84638062,0.00290274797014477,-12191.541474608033,71.31173706054688,2023-02-23,0,0,0,1,0,0,0,0,0,0,0,18.472624075475995,1
71.40630645751953,71.08569030761718,70.84309883117676,74.95989364624023,71.17902892589055,71.13036601862542,71.6155988276722,73.624557086248,43.03071534960871,53.20261175920109,67.95909534693168,-0.9266311198781381,-1.2792062677624731,0.3525751478843351,28.73934217757096,20.94525101286668,-47.4994401106532,60.827820048795815,2.124776726878941,1.4237070302676866,2.0076382452762975,0.7566174738024074,71.97964637023898,71.40630645751953,70.83296654480009,1.4754257202148438,-0.6847303165098773,-0.48841011829865977,28.571428571428573,85.71428571428572,57.142857142857146,0.2812507450587751,-0.005570146139305843,1.0085790804656714,1.0024064210940102,0.1451310861423221,0.051962300665147926,1.1333205652025877,0.10739311865207464,1.0,0.48385130553375644,2.804166221557526,2.5240562546262026,5492528.167035112,9187117.075284662,-2064457.3136173054,-6870243.191218246,4959492.057371628,4709895.783799044,252416.5704491104,4709895.783799044,9617212.348954933,11461686.506203182,89551476.57190368,89551476.57190368,9664178.752839727,9617212.348954933,9617212.348954933,9617212.348954933,9617212.348954933,9617212.348954933,9617212.348954933,9617212.348954933,0.03581777033188494,0.0355357406442323,3810221.0801871303,3782018.111421867,3779197.8145453404,3779197.8145453404,30157434.50069651,30157434.50069651,185080572.37360498,118814876.96274132,66265695.41086367,66001997.65290845,66001997.65290845,117363834.2197685,138619001.6297095,-57546747.61708239,-57546747.61708239,75100275.37658253,53845107.96664152,0.0029190072672047964,-12259.830522260145,70.91452026367188,2023-02-24,0,0,0,1,0,0,0,0,0,0,0,17.52846827531806,1
71.2663345336914,71.13392486572266,70.87005310058593,74.74833709716796,71.10031219164188,71.09627741944708,71.5515302462886,73.5193932288714,43.209190324324574,35.941006258056866,52.939901939582796,-0.8757536929531113,-1.1985157528006007,0.3227620598474894,27.334624851078978,44.06016571362107,-46.7498305380072,57.01747357055935,0.6845613559040231,1.3990270559791658,1.9720472035521512,1.0781873902283934,71.88069784701821,71.2663345336914,70.6519712203646,0.4823455810546875,-0.46668093291867707,-0.3325996398925781,21.42857142857143,78.57142857142857,57.142857142857146,-0.35964583528530036,0.0003998963733691241,1.0152692115420696,0.994563828657269,0.1451310861423221,0.051962300665147926,1.1333205652025877,0.10739311865207464,1.0,0.48385130553375644,2.804166221557526,2.5240562546262026,5490332.602938606,9183444.64907446,-2063632.0746346905,-6867496.904112167,4957509.567274732,4708013.066447997,252315.6703276022,4708013.066447997,9613367.997956688,11457104.851523748,89515679.57628144,89515679.57628144,9660315.627654627,9613367.997956688,9613367.997956688,9613367.997956688,9613367.997956688,9613367.997956688,9613367.997956688,9613367.997956688,0.03580345266101171,0.035521535710925,3808697.995671403,3780506.300662732,3777687.1311618653,3777687.1311618653,30145379.47277151,30145379.47277151,185006588.90965062,118767382.31727809,66239206.59237253,65975614.24404146,65975614.24404146,117316919.60908198,138563590.5523666,-57523744.080442004,-57523744.080442004,75070255.05383861,53823584.11055398,0.002917840433397411,-12254.929820269126,70.94287872314453,2023-02-27,0,0,0,1,0,0,0,0,0,0,0,16.905607011789378,1
71.03745727539062,71.01381072998046,70.85302925109863,74.52994125366212,70.83030507193443,70.94973440364207,71.43141220688203,73.39276176234779,40.09617959939513,20.021923145050206,36.38851372076933,-0.8779706552360409,-1.1344067332876888,0.2564360780516479,26.454657685552064,-46.40801318786835,-63.9999258852894,54.61839125473942,-1.6801193102841117,1.36327458315762,1.9394920223134235,0.8984924364775253,71.9900121275634,71.03745727539062,70.08490242321784,-1.201141357421875,-0.20823724238114039,-0.1481726230719147,14.285714285714286,71.42857142857143,57.142857142857146,-0.41891251005217034,-0.009198779389425815,1.009991972961903,0.9958462070212718,0.1451310861423221,0.051962300665147926,1.1333205652025877,0.10739311865207464,1.0,0.48385130553375644,2.804166221557526,2.5240562546262026,5541305.853009778,9268705.425509294,-2082791.2115035467,-6931255.998938032,5003535.991023206,4751723.119140605,254658.21506771506,4751723.119140605,9702620.2612392,11563474.704303844,90346759.48533657,90346759.48533657,9750003.761300907,9702620.2612392,9702620.2612392,9702620.2612392,9702620.2612392,9702620.2612392,9702620.2612392,9702620.2612392,0.036135858450949514,0.0358513241324381,3844058.643089196,3815605.211238055,3812759.868052941,3812759.868052941,30425254.678425446,30425254.678425446,186724223.85152254,119870040.37408084,66854183.47744171,66588143.889633544,66588143.889633544,118406111.3053396,139850040.2199523,-58057805.02066137,-58057805.02066137,75767221.00481173,54323292.09019906,0.0029449301965931295,-12368.706825691144,70.29029083251953,2023-02-28,0,0,0,1,0,0,0,0,0,0,0,18.53165642923888,1
70.49458618164063,70.83032989501953,70.75135879516601,74.32008666992188,70.22470472406306,70.59769251721993,71.2011352374952,73.22102616493494,34.81178923362009,12.625603281238114,22.86284422811501,-0.9715541667016794,-1.101836219970487,0.1302820532688076,26.530239623798398,-163.58997667471687,-91.14202165832562,46.28974788658889,-2.58977001431151,1.3827683622463314,2.0036199896166695,1.6361874903995783,72.11455836151751,70.49458618164063,68.87461400176375,-1.834808349609375,-0.08758727087450173,-0.062142347678161514,100.0,64.28571428571429,-35.714285714285715,-0.7304936908858738,-0.0181644831608595,1.0194242145370296,0.9860810975770693,0.1451310861423221,0.051962300665147926,1.1333205652025877,0.10739311865207464,1.0,0.48385130553375644,2.804166221557526,2.5240562546262026,5643822.980501978,9440181.4423544,-2121323.9649434905,-7059487.948910304,5096104.087914109,4839632.542972171,259369.52850060439,4839632.542972171,9882123.93505096,11777405.182418505,92018222.94654123,92018222.94654123,9930384.055253424,9882123.93505096,9882123.93505096,9882123.93505096,9882123.93505096,9882123.93505096,9882123.93505096,9882123.93505096,0.03680439119505783,0.03651459283919123,3915175.7877577264,3886195.952171067,3883297.968612401,3883297.968612401,30988138.192815226,30988138.192815226,190178722.04567498,122087700.35125935,68091021.69441564,67820060.23168038,67820060.23168038,120596687.8103257,142437340.90021178,-59131905.5227998,-59131905.5227998,77168955.1919368,55328302.102050714,0.0029994129832192793,-12597.534529520974,69.01350402832031,2023-03-01,0,0,0,1,0,0,0,0,0,0,0,20.06372503824453,1
70.04817657470703,70.66387176513672,70.62935295104981,74.13132400512696,69.84303282466834,70.32169188243066,70.99909274115079,73.05862078693275,35.28789482381755,16.732450154850024,16.459992193712726,-1.0285230244071073,-1.0871735808578111,0.05865055645070383,26.987519426787994,-190.9516661544843,-76.19035922749913,49.64211664295784,-2.3529556403478535,1.3650662624529069,1.9760747069106237,1.1349389651383888,71.74951206099884,70.04817657470703,68.34684108841522,-1.664581298828125,-0.08603893589674141,-0.06086980379544116,100.0,57.142857142857146,-42.85714285714286,0.07500301995715067,0.0009590151737757235,1.0167038507629182,1.0012337761624448,0.1451310861423221,0.051962300665147926,1.1333205652025877,0.10739311865207464,1.0,0.48385130553375644,2.804166221557526,2.5240562546262026,5638415.654333417,9431136.839019824,-2119291.53220645,-7052724.27930999,5091221.529214539,4834995.708722365,259121.02750338425,4834995.708722365,9872655.9082295,11766121.293561494,91930060.62347719,91930060.62347719,9920869.790587198,9872655.9082295,9872655.9082295,9872655.9082295,9872655.9082295,9872655.9082295,9872655.9082295,9872655.9082295,0.03676912904237967,0.03647960834125857,3911424.6721460572,3882472.6020339476,3879577.3950227364,3879577.3950227364,30958448.570879195,30958448.570879195,189996512.5072161,121970728.5718025,68025783.9354136,67755082.07986537,67755082.07986537,120481144.56453444,142300872.20452613,-59075251.460254796,-59075251.460254796,77095019.89803204,55275292.25804036,0.002996539256603382,-12585.464877734206,69.0796890258789,2023-03-02,0,0,0,1,0,0,0,0,0,0,0,19.56356530235588,1
69.65473175048828,70.5305191040039,70.53146553039551,73.95064498901367,69.54445393063827,70.07180174791202,70.80368354128673,72.89739236950707,34.741294377943404,22.581840381567876,17.313297939218618,-1.0719969403723013,-1.084138252760709,0.012141312388407766,27.077767475450052,-139.7387594047606,-78.96780108917922,50.624148493482124,-1.8974260105030005,1.3357923631532884,1.937410802000073,0.9552316722582503,71.28091015055564,69.65473175048828,68.02855335042092,-1.333526611328125,-0.04888993395085309,-0.03449772565792841,92.85714285714286,50.0,-42.85714285714286,-0.47524587934915596,-0.0019165240198343314,1.0139559827069875,0.9934587660737927,0.1451310861423221,0.051962300665147926,1.1333205652025877,0.10739311865207464,1.0,0.48385130553375644,2.804166221557526,2.5240562546262026,5649242.563400044,9449246.54699648,-2123361.0045744968,-7066266.949649554,5100997.713858268,4844279.887485532,259618.5927724282,4844279.887485532,9891613.422949499,11788714.648348024,92106585.10621817,92106585.10621817,9939919.88580357,9891613.422949499,9891613.422949499,9891613.422949499,9891613.422949499,9891613.422949499,9891613.422949499,9891613.422949499,0.036839733276087576,0.03654965663611839,3918935.4059838043,3889927.741986885,3887026.9755871934,3887026.9755871934,31017895.11190586,31017895.11190586,190361344.5965834,122204937.2694217,68156407.32716171,67885185.66879052,67885185.66879052,120712492.9567802,142574118.92805848,-59188688.002514094,-59188688.002514094,77243058.0741967,55381432.10291842,0.0030022932236811527,-12609.631539460843,68.94729614257812,2023-03-03,0,0,0,1,0,0,0,0,0,0,0,17.71232015721927,1
69.31803283691406,70.29218368530273,70.46951675415039,73.7733839416504,69.44943067218333,69.92408945834137,70.65660740928547,72.7547253807136,37.210342070696925,34.6768375224307,24.66370935294948,-1.0689453015502863,-1.0810996625186244,0.012154360968338107,27.16156923492196,-103.68475815675136,-72.42057370521762,52.19703038497807,-3.326721231152341,1.2998279054657382,1.8767534844832556,0.8322899555275853,70.31230303839153,69.31803283691406,68.32376263543658,-2.3833541870117188,-0.2124219301979283,-0.1498714349208825,85.71428571428572,42.85714285714286,-42.85714285714286,0.5568213344430578,0.004526472104865897,1.012139673178999,1.0067363968594247,0.1451310861423221,0.051962300665147926,1.1333205652025877,0.10739311865207464,1.0,0.48385130553375644,2.804166221557526,2.5240562546262026,5623786.650005078,9406667.528827492,-2113792.9796167994,-7034425.817413284,5078012.233136807,4822451.196666743,258448.73179740924,4822451.196666743,9847041.066247659,11735593.810331522,91691545.88153337,91691545.88153337,9895129.85653394,9847041.066247659,9847041.066247659,9847041.066247659,9847041.066247659,9847041.066247659,9847041.066247659,9847041.066247659,0.036673730657286005,0.03638496112455147,3901276.387243574,3872399.4339701207,3869511.7386427755,3869511.7386427755,30878126.135303877,30878126.135303877,189503562.0093752,121654272.59806877,67849289.41130646,67579289.89819966,67579289.89819966,120168553.35214959,141931669.18668786,-58921979.30681829,-58921979.30681829,76894995.02421577,55131879.189677514,0.002988764663802442,-12552.811587970256,69.25938415527344,2023-03-06,0,0,0,1,0,0,0,0,0,0,0,17.60718204937097,1
68.90377960205078,69.9706184387207,70.31866416931152,73.5515934753418,69.03929533418993,69.61407767649806,70.42445667108716,72.57685476414456,32.760608439337275,29.57568435156693,28.94478741852178,-1.1373643443870805,-1.0923525988923157,-0.04501174549476472,27.63162328750929,-114.10358185855551,-93.50403857050016,47.299577008071076,-4.501528662665278,1.3279071809339025,1.9465349843201338,1.692937762020037,69.61944499638696,68.90377960205078,68.18811420771459,-3.2156524658203125,-0.3372493869445233,-0.2376583784054418,100.0,35.714285714285715,-64.28571428571429,-0.6648083267268503,-0.01502120629224657,1.0249302675494663,0.9837697429574559,0.1451310861423221,0.051962300665147926,1.1333205652025877,0.10739311865207464,1.0,0.48385130553375644,2.804166221557526,2.5240562546262026,5709550.993311714,9550121.879698541,-2146028.9227749296,-7141702.808578864,5155453.361611631,4895994.94676794,262390.1483447489,4895994.94676794,9997211.238609985,11914564.94830234,93089867.99236467,93089867.99236467,10046033.396603115,9997211.238609985,9997211.238609985,9997211.238609985,9997211.238609985,9997211.238609985,9997211.238609985,9997211.238609985,0.03723301546344481,0.03693984211333895,3960771.959930232,3931454.6249196455,3928522.8914185865,3928522.8914185865,31349026.32682011,31349026.32682011,192393545.14022318,123509534.7993492,68884010.34087396,68609893.25852498,68609893.25852498,122001157.91305453,144096167.44378302,-59820556.222351156,-59820556.222351156,78067665.53294018,55972656.00221168,0.003034344173595699,-12744.245529101938,68.21902465820312,2023-03-07,0,0,0,1,0,0,0,0,0,0,0,21.97733203125524,1
68.86027221679687,69.67742919921875,70.23165321350098,73.3426596069336,68.95818592347688,69.46533029932583,70.26936242641703,72.42858465974872,37.242580707815,38.15792318550377,34.13681501983374,-1.1319836918937227,-1.100278817492597,-0.03170487440112568,28.068102050626095,-92.16236935568325,-81.4957800745595,51.365736135012305,-4.0875224990357895,1.3154746403467965,1.9121391787333166,1.1538516127144192,69.57039379421218,68.86027221679687,68.15015063938156,-2.9318923950195312,-0.5743259652765063,-0.4043200566218417,92.85714285714286,28.571428571428573,-64.28571428571429,0.327869775120695,0.008457207454054094,1.0169774730078054,1.0055294656639262,0.1451310861423221,0.051962300665147926,1.1333205652025877,0.10739311865207464,1.0,0.48385130553375644,2.804166221557526,2.5240562546262026,5661669.083337723,9470031.8556984,-2128031.717074821,-7081810.4682981735,5112218.271142175,4854935.747971244,260189.670325405,4854935.747971244,9913371.796755653,11814646.035781518,92309190.0224293,92309190.0224293,9961784.518319106,9913371.796755653,9913371.796755653,9913371.796755653,9913371.796755653,9913371.796755653,9913371.796755653,9913371.796755653,0.03692076886181724,0.03663005414636986,3927555.8056941023,3898484.334149364,3895577.18699489,3895577.18699489,31086124.52278833,31086124.52278833,190780078.4387658,122473748.89724943,68306329.54151638,68034511.28257307,68034511.28257307,120978021.68627267,142887736.21596444,-59318884.11346063,-59318884.11346063,77412968.00290555,55503253.47321377,0.0030088973048803818,-12637.368680497602,68.79596710205078,2023-03-08,0,0,0,1,0,0,0,0,0,0,0,22.169714075006446,1
68.66354827880859,69.35586242675781,70.14700508117676,73.11897476196289,68.67081372763042,69.21637376052794,70.06238213208565,72.25868209803063,34.25919537795549,27.18953061522215,31.641046050764228,-1.1707002823436454,-1.1143631104628067,-0.056337171880838754,28.107075850700884,-86.24593547991105,-94.94159551847244,47.90565138435346,-4.509310608826045,1.3329790492810063,1.9574977855256772,1.5605363654257332,69.54568277490607,68.66354827880859,67.78141378271111,-3.215667724609375,-0.8096163211033918,-0.5690433795635528,100.0,21.42857142857143,-78.57142857142857,-0.7151510387526638,-0.010173528995893966,1.0229997431699422,0.9838753716827694,0.1451310861423221,0.051962300665147926,1.1333205652025877,0.10739311865207464,1.0,0.48385130553375644,2.804166221557526,2.5240562546262026,5719860.247417284,9567365.728350092,-2149903.8259868817,-7154597.978284213,5164762.128412475,4904835.231418159,262863.9240789971,4904835.231418159,10015262.358764024,11936078.072145747,93257952.50635035,93257952.50635035,10064172.670805227,10015262.358764024,10015262.358764024,10015262.358764024,10015262.358764024,10015262.358764024,10015262.358764024,10015262.358764024,0.03730024397545546,0.037006541266987304,3967923.59140475,3938553.3205579347,3935616.293473253,3935616.293473253,31405630.616499625,31405630.616499625,192740933.9186832,123732545.53700593,69008388.38167728,68733776.34925956,68733776.34925956,122221445.10193728,144356349.72563964,-59928569.14938433,-59928569.14938433,78208625.72444218,56073721.100739814,0.0030398230326453856,-12767.256737110622,68.0960693359375,2023-03-09,0,0,0,1,0,0,0,0,0,0,0,23.843962369340478,1
68.29469146728516,68.97471160888672,70.03020095825195,72.86394409179688,68.14821318007392,68.83212618315213,69.78053736569282,72.0564989602632,30.52306451379175,25.17812018987836,30.17519133020137,-1.26691072186415,-1.1448726327430754,-0.12203808912107461,28.769011174732054,-128.60363081436566,-95.79975414160957,46.35356809945205,-5.374792305636589,1.3262630155499628,1.9764582458247109,1.2389545770463997,69.74993995784092,68.29469146728516,66.8394429767294,-3.8115081787109375,-1.1189659546040394,-0.7845706450633401,100.0,14.285714285714286,-85.71428571428572,-0.6324843173311365,-0.014583180213787794,1.016551112300712,0.9896777030553335,0.1451310861423221,0.051962300665147926,1.1333205652025877,0.10739311865207464,1.0,0.48385130553375644,2.804166221557526,2.5240562546262026,5804508.440051,9708953.141702764,-2181720.245503123,-7260478.849789081,5241195.425843227,4977421.871571332,266754.04641055944,4977421.871571332,10163478.192849247,12112720.051536463,94638076.63297528,94638076.63297528,10213112.328434443,10163478.192849247,10163478.192849247,10163478.192849247,10163478.192849247,10163478.192849247,10163478.192849247,10163478.192849247,0.03785225016105145,0.0375542009471849,4026644.8793370477,3996839.957950393,3993859.4658117276,3993859.4658117276,31870402.438749854,31870402.438749854,195593306.35385203,125563663.0637682,70029643.29008384,69750967.27511862,69750967.27511862,124030199.8584248,146492678.8614771,-60815451.843399554,-60815451.843399554,79366034.91445343,56903555.91140112,0.00308480936351876,-12956.199326778791,67.10301208496094,2023-03-10,0,0,0,1,0,0,0,0,0,0,0,27.6448536415819,1
68.08472900390625,68.70138092041016,69.9176528930664,72.6609799194336,68.16866606617559,68.71893448410245,69.63092160118674,71.90563907313049,38.56312482079788,24.618597112378183,25.662082639159507,-1.239578969399716,-1.1638139000744034,-0.07576506932531246,28.355422210866152,-85.38224248845813,-75.79609102907294,45.97639016055663,-3.8528277030206115,1.3794769392515127,2.0224096150612896,2.071257947371663,69.18140667776059,68.08472900390625,66.9880513300519,-2.733306884765625,-1.341787423066163,-0.9394123859894563,100.0,7.142857142857143,-92.85714285714286,0.6575346283548414,0.01649046323012926,1.0310198652795863,1.0203735488849566,0.1451310861423221,0.051962300665147926,1.1333205652025877,0.10739311865207464,1.0,0.48385130553375644,2.804166221557526,2.5240562546262026,5710342.251127331,9551445.382822737,-2146326.3300771276,-7142692.5410763435,5156167.829836925,4896673.457962846,262426.51166926627,4896673.457962846,9998596.701588806,11916216.12764132,93102768.8466858,93102768.8466858,10047425.62559806,9998596.701588806,9998596.701588806,9998596.701588806,9998596.701588806,9998596.701588806,9998596.701588806,9998596.701588806,0.03723817539887913,0.0369449614193604,3961320.863298087,3931999.4653462134,3929067.325551026,3929067.325551026,31353370.82993815,31353370.82993815,192420207.98927113,123526651.36154956,68893556.62772158,68619401.55687156,68619401.55687156,122018065.43692568,144116137.003355,-59828846.450899936,-59828846.450899936,78078484.5361459,55980412.969716564,0.0030347646880188894,-12746.011689679337,68.2095718383789,2023-03-13,0,0,0,1,0,0,0,0,0,0,0,26.40985015712446,1
68.02987365722656,68.46682662963867,69.74031867980958,72.42831817626953,68.09402668571862,68.57817329150285,69.4703336320075,71.75031000849026,37.44627622901586,34.748712426021164,28.18180990942584,-1.2251645015215331,-1.1760840203638294,-0.04908048115770369,27.971375315847816,-84.10296827074852,-77.65775502277712,46.761285796042465,-3.336937263929607,1.3809249173453255,2.0324233432635777,1.3997486325648936,69.1216213331517,68.02987365722656,66.93812598130143,-2.3455429077148438,-1.5571712889138172,-1.0886775774833382,92.85714285714286,0.0,-92.85714285714286,-0.4459497077108605,-0.0038825036785410383,1.0208332729232212,0.9908965012122846,0.1451310861423221,0.051962300665147926,1.1333205652025877,0.10739311865207464,1.0,0.48385130553375644,2.804166221557526,2.5240562546262026,5732599.088174771,9588673.442736492,-2154691.9294192204,-7170532.158559046,5176264.696562431,4915758.910013796,263449.3547582244,4915758.910013796,10037567.594698828,11962661.2037701,93465649.57497787,93465649.57497787,10086586.836093117,10037567.594698828,10037567.594698828,10037567.594698828,10037567.594698828,10037567.594698828,10037567.594698828,10037567.594698828,0.03738331626178156,0.037088959440822654,3976760.651154873,3947324.969058982,3944381.400849393,3944381.400849393,31475574.86513624,31475574.86513624,193170191.97017986,124008113.31767437,69162078.65250547,68886855.0249089,68886855.0249089,122493647.47384077,144677849.28540903,-60062037.53256077,-60062037.53256077,78382806.06904332,56198604.257475086,0.0030465930969247176,-12795.691007083815,67.94474792480469,2023-03-14,0,0,0,1,0,0,0,0,0,0,0,26.035550000033687,1
68.06392059326171,68.4620964050293,69.64621315002441,72.23973007202149,68.38475171788794,68.64872392617988,69.4223210748855,71.64112929373482,44.16345431776993,59.4784943992473,39.615267979215496,-1.1184256277881985,-1.1645523418487032,0.046126714060504614,26.907556790216024,-42.90543506204714,-55.384493506397256,51.30442636925922,-0.06854056573383227,1.4336124317850334,2.0787173930672993,2.1185501195012364,69.25519099314782,68.06392059326171,66.8726501933756,-0.04730224609375,-1.669993314625836,-1.166097787710342,85.71428571428572,0.0,-85.71428571428572,0.6116034631916697,0.015033595511345865,1.0315716080269621,1.0191473802760913,0.1451310861423221,0.051962300665147926,1.1333205652025877,0.10739311865207464,1.0,0.48385130553375644,2.804166221557526,2.5240562546262026,5647693.941880658,9446656.233980099,-2122778.929631138,-7064329.880575755,5099599.382180815,4842951.929622952,259547.4237732061,4842951.929622952,9888901.84431992,11785483.019154297,92081336.0151813,92081336.0151813,9937195.064969027,9888901.84431992,9888901.84431992,9888901.84431992,9888901.84431992,9888901.84431992,9888901.84431992,9888901.84431992,0.03682963443485718,0.036539637313322874,3917861.1119285077,3888861.399775077,3885961.428559734,3885961.428559734,31009392.205663607,31009392.205663607,190309161.0212823,122171437.34558116,68137723.67570113,67866576.36706655,67866576.36706655,120679402.15528715,142535035.2197203,-59172462.66346798,-59172462.66346798,77221883.50776334,55366250.443330176,0.003001470207880093,-12606.17487309639,68.96620178222656,2023-03-15,0,0,0,1,0,0,0,0,0,0,0,24.912788684554453,1
68.30036773681641,68.4819580078125,69.5729148864746,72.0464128112793,68.68260282982894,68.76319322209461,69.40860526334507,71.54846951961623,46.069072277833214,74.88957587314626,56.37226089947152,-0.9971555867928146,-1.1310729908375254,0.13391740404471086,25.77601043136565,9.933377710526445,-49.03843000573048,58.19854126572237,0.2875172581590979,1.4183583765117185,2.047334119118642,1.2200556579586248,69.84129376351537,68.30036773681641,66.75944171011746,0.19861602783203125,-1.7226746564994122,-1.202049891153976,78.57142857142857,7.142857142857143,-71.42857142857143,0.16278987242952261,0.004525452517595507,1.0179067309707557,1.0028751243406409,0.1451310861423221,0.051962300665147926,1.1333205652025877,0.10739311865207464,1.0,0.48385130553375644,2.804166221557526,2.5240562546262026,5622250.713235891,9404098.433050536,-2113215.672446045,-7032504.614861429,5076625.3551862985,4821134.116099584,258378.14574306153,4821134.116099584,9844351.698143462,11732388.651394436,91666503.6056599,91666503.6056599,9892427.354691608,9844351.698143462,9844351.698143462,9844351.698143462,9844351.698143462,9844351.698143462,9844351.698143462,9844351.698143462,0.036663714535607614,0.036375023869972906,3900210.8927248726,3871341.8261614023,3868454.919505055,3868454.919505055,30869692.87631907,30869692.87631907,189451805.86944738,121621047.07191695,67830758.79753043,67560833.02516198,67560833.02516198,120135733.5972264,141892905.61278597,-58905886.86943351,-58905886.86943351,76873993.89853758,55116821.88297799,0.002987948389319203,-12549.383235140653,69.27830505371094,2023-03-16,0,0,0,1,0,0,0,0,0,0,0,24.295183298265304,1
68.616259765625,68.45547561645508,69.4929973602295,71.8129946899414,68.68255929622059,68.7485166778963,69.33944973626495,71.43607746900399,43.04852032326548,83.61795871118602,72.66200966119314,-0.9383106736044766,-1.0925205273909158,0.15420985378643914,24.586589476228625,28.167694184719313,-51.90453931484255,54.96585035211352,-0.3840961551655031,1.3900072804548758,2.0238166090181737,1.0214430317159184,69.58846167522799,68.616259765625,67.64405785602202,-0.26482391357421875,-1.7022534564294498,-1.187075883914261,71.42857142857143,0.0,-71.42857142857143,-0.7777730682829651,-0.008600568738583947,1.0149212748278142,0.9885652552632801,0.1451310861423221,0.051962300665147926,1.1333205652025877,0.10739311865207464,1.0,0.48385130553375644,2.804166221557526,2.5240562546262026,5671024.751428766,9485680.681786498,-2131548.199253328,-7093512.859810256,5120665.995064178,4862958.323433139,260619.62272291377,4862958.323433139,9929753.223297609,11834169.237384599,92461727.04479687,92461727.04479687,9978245.94483062,9929753.223297609,9929753.223297609,9929753.223297609,9929753.223297609,9929753.223297609,9929753.223297609,9929753.223297609,0.03698177886682687,0.036690583757639256,3934045.9251246536,3904926.4142058925,3902014.463114016,3902014.463114016,31137493.025431473,31137493.025431473,191095334.4288252,122676131.57410361,68419202.85472159,68146935.42763117,68146935.42763117,121177932.73733333,143123852.1412578,-59416906.05418652,-59416906.05418652,77540889.65002356,55594970.2460991,0.003013869380091796,-12658.251396385544,68.6824722290039,2023-03-17,0,0,0,1,0,0,0,0,0,0,0,24.972293342548706,1
68.83567962646484,68.46020431518555,69.37619400024414,71.60170761108398,68.89059657833977,68.84999930783846,69.33632796543763,71.35257133855592,46.97110803019285,86.84245216467157,81.78332891633455,-0.8317204644839933,-1.0403605148095312,0.2086400503255379,23.48212716074425,89.58287784383207,-21.177046633882643,60.676112388739575,0.06827520614198779,1.3474680436500148,1.9442111725117992,0.7944579651868224,69.83648654646518,68.83567962646484,67.8348727064645,0.0472869873046875,-1.6679475240883872,-1.1630674997965542,64.28571428571429,0.0,-64.28571428571429,0.7619004368716077,0.009088183539651684,1.0115750857216148,1.0088105643588379,0.1451310861423221,0.051962300665147926,1.1333205652025877,0.10739311865207464,1.0,0.48385130553375644,2.804166221557526,2.5240562546262026,5619949.617818437,9400249.489110941,-2112350.767775659,-7029626.325548504,5074547.575318984,4819160.904624796,258272.39578677795,4819160.904624796,9840322.56573087,11727586.776284533,91628986.00245439,91628986.00245439,9888378.545697765,9840322.56573087,9840322.56573087,9840322.56573087,9840322.56573087,9840322.56573087,9840322.56573087,9840322.56573087,0.036648708675889166,0.03636013616663019,3898614.600088682,3869757.349162785,3866871.624070195,3866871.624070195,30857058.415061638,30857058.415061638,189374266.33865264,121571269.56316508,67802996.77548754,67533181.4793304,67533181.4793304,120086564.00302769,141834831.16332996,-58881777.65174649,-58881777.65174649,76842530.62802477,55094263.46772251,0.002986725470830337,-12544.246977487417,69.30667114257812,2023-03-20,0,0,0,1,0,0,0,0,0,0,0,24.724146327609233,1
69.01537780761718,68.52262573242187,69.24662208557129,71.34615768432617,68.87481066241531,68.84877013015263,69.28936709544989,71.25416614216417,44.51942038689038,78.92136315096496,83.12725800894079,-0.775700280353675,-0.9874284679183599,0.21172818756468492,22.917417636323957,47.5005235959761,-26.755834206547007,63.864112060889234,0.9150148004765102,1.3430960211520833,1.9509483341677827,1.2862597286789708,69.50270420903327,69.01537780761718,68.5280514062011,0.6242141723632812,-1.5925980568777303,-1.1095353150979008,57.142857142857146,0.0,-57.142857142857146,-0.31617655308597986,-0.006686691257445365,1.0188679325166945,0.9941272835563105,0.1451310861423221,0.051962300665147926,1.1333205652025877,0.10739311865207464,1.0,0.48385130553375644,2.804166221557526,2.5240562546262026,5657781.455614229,9463529.186990168,-2126570.488066555,-7076947.689795257,5108707.927957701,4851602.069769326,260011.0091283561,4851602.069769326,9906564.705337366,11806533.420085354,92245805.22176678,92245805.22176678,9954944.18394088,9906564.705337366,9906564.705337366,9906564.705337366,9906564.705337366,9906564.705337366,9906564.705337366,9906564.705337366,0.03689541693776673,0.036604901843768564,3924858.9199151853,3895807.410515369,3892902.259575387,3892902.259575387,31064779.001223594,31064779.001223594,190649077.8608246,122389651.3750162,68259426.48580843,67987794.87292016,67987794.87292016,120894951.21639565,142789621.2755672,-59278152.35485522,-59278152.35485522,77359811.80530089,55465141.74612932,0.003006831222880989,-12628.691136100155,68.8432388305664,2023-03-21,0,0,0,1,0,0,0,0,0,0,0,26.943860870505766,1
68.8621612548828,68.46304092407226,69.0702350616455,71.10971313476563,68.6499134477951,68.73083356440755,69.18562918336464,71.13439958829713,41.29795726057047,57.0213704556648,74.26172859043372,-0.7742729384137306,-0.944797362017434,0.17052442360370346,22.393044506505113,-0.9909419708515599,-49.497977222659976,57.56831161403778,-0.8661090302171659,1.3207965041295329,1.9366483858630712,1.0309027828363782,69.6827516903196,68.8621612548828,68.04157081944601,-0.5958480834960938,-1.5403979576754363,-1.0712184416941994,50.0,21.42857142857143,-28.571428571428573,-0.47705940406946606,-0.00934180063193324,1.0151200447032378,0.9928404700161001,0.1451310861423221,0.051962300665147926,1.1333205652025877,0.10739311865207464,1.0,0.48385130553375644,2.804166221557526,2.5240562546262026,5711133.728286188,9552769.252832996,-2146623.819823101,-7143682.547935895,5156882.496118748,4897352.157246693,262462.8850739994,4897352.157246693,9999982.548629474,11917867.764700934,93115673.2772309,93115673.2772309,10048818.24053045,9999982.548629474,9999982.548629474,9999982.548629474,9999982.548629474,9999982.548629474,9999982.548629474,9999982.548629474,0.03724333676469042,0.03695008214449601,3961869.9188265163,3932544.456807075,3929611.9106051307,3929611.9106051307,31357716.537388556,31357716.537388556,192446878.22948238,123543772.66860317,68903105.56087922,68628912.49099745,68628912.49099745,122034977.64770292,144136112.09865484,-59837138.97756895,-59837138.97756895,78089306.5384692,55988172.087517284,0.003035185319012172,-12747.778339851122,68.20011901855469,2023-03-22,0,0,0,1,0,0,0,0,0,0,0,29.074318898737978,1
68.47439117431641,68.3873794555664,68.8716209411621,70.86059494018555,68.21309384882304,68.47785558012961,69.00980303741362,70.98557821820229,37.39784703004846,26.658250879210613,54.200328161946736,-0.8329880139344681,-0.9224354924008409,0.0894474784663728,22.721164732947024,-107.32977494156846,-79.93297824887374,51.25782571609091,-1.111098911342434,1.327787350048201,1.9717821549522614,1.4186683469908843,69.81165476600326,68.47439117431641,67.13712758262956,-0.7566146850585938,-1.4545565408828403,-1.0095598758795319,42.85714285714286,14.285714285714286,-28.571428571428573,-0.5466664632161455,-0.012619690112881332,1.0210792569253155,0.9886142775195038,0.1451310861423221,0.051962300665147926,1.1333205652025877,0.10739311865207464,1.0,0.48385130553375644,2.804166221557526,2.5240562546262026,5784127.62650605,9674863.02610704,-2174059.7805403997,-7234985.827044281,5222792.5192353735,4959945.127735612,265817.41852235765,4959945.127735612,10127792.147052955,12070189.819830853,94305783.03498504,94305783.03498504,10177252.00706025,10127792.147052955,10127792.147052955,10127792.147052955,10127792.147052955,10127792.147052955,10127792.147052955,10127792.147052955,0.03771934318697142,0.0374223404847118,4012506.507527432,3982806.2373014702,3979836.210278874,3979836.210278874,31758498.952620894,31758498.952620894,194906538.34436265,125122783.42144294,69783754.92291972,69506057.39630698,69506057.39630698,123594704.51831721,145978313.17411327,-60601916.38256364,-60601916.38256364,79087364.57120223,56703755.91540617,0.0030739779683870406,-12910.707467225571,67.3394546508789,2023-03-23,0,0,0,1,0,0,0,0,0,0,0,31.133212188050802,1
68.5216796875,68.5689697265625,68.7718406677246,70.65914413452148,68.44836749752265,68.5580481646373,69.00114701431917,70.90453259375992,47.244250745597604,27.222980709081032,36.96753401465209,-0.7435002922229614,-0.886648452365265,0.14314816014230358,22.42904525125246,17.664200384090847,-24.07976425486749,51.09263382624746,2.706141875809953,1.3619771873308977,1.9762023116348484,1.8064450720059568,69.90108967691833,68.5216796875,67.14226969808166,1.8159027099609375,-1.339998653095415,-0.9291082528921208,35.714285714285715,7.142857142857143,-28.571428571428573,0.8342851911272302,0.02345519654460637,1.0245235423911438,1.0204453019128934,0.1451310861423221,0.051962300665147926,1.1333205652025877,0.10739311865207464,1.0,0.48385130553375644,2.804166221557526,2.5240562546262026,5651568.96563176,9453137.820562495,-2124235.421228471,-7069176.893596388,5103098.344576867,4846274.799797196,259725.50573763414,4846274.799797196,9895686.866651759,11793569.333159164,92144515.31770088,92144515.31770088,9944013.222484706,9895686.866651759,9895686.866651759,9895686.866651759,9895686.866651759,9895686.866651759,9895686.866651759,9895686.866651759,0.03685490416612239,0.03656470807032615,3920549.2542071925,3891529.6446275683,3888627.683669606,3888627.683669606,31030668.523491863,31030668.523491863,190439736.88580304,122255262.21751866,68184474.66828437,67913141.31871489,67913141.31871489,120762203.30464701,142632832.06433058,-59213062.36674364,-59213062.36674364,77274867.36910157,55404238.609418,0.003003529591491076,-12614.82428426252,68.91891479492188,2023-03-24,0,0,0,1,0,0,0,0,0,0,0,28.638001005165307,1
68.66922607421876,68.7524528503418,68.72691688537597,70.52843780517578,68.9803793570724,68.82829451218905,69.10050473449562,70.87080202444275,52.92605133843059,55.051284288502785,36.31083862559808,-0.5751333505860572,-0.8243454320094235,0.24921208142336626,20.96346101718588,193.91090289776537,-9.895884773516013,51.5684578195536,2.689990844892809,1.3707566013925894,1.9569823443308085,1.4848889841945834,70.45182869989151,68.66922607421876,66.886623448546,1.8348312377929688,-1.0928635673151623,-0.7576540433443455,28.571428571428573,100.0,71.42857142857143,0.5886468411142142,0.016330615254158465,1.0193071845224937,1.011334072970264,0.1451310861423221,0.051962300665147926,1.1333205652025877,0.10739311865207464,1.0,0.48385130553375644,2.804166221557526,2.5240562546262026,5560758.360327899,9301242.802961813,-2090102.7572580345,-6955587.864317722,5021100.6811998,4768403.831449341,255552.18138605752,4768403.831449341,9736680.877390571,11604067.76707193,90663917.75933845,90663917.75933845,9784230.715118192,9736680.877390571,9736680.877390571,9736680.877390571,9736680.877390571,9736680.877390571,9736680.877390571,9736680.877390571,0.03626271177209978,0.03597717860853994,3857553.039693449,3828999.723337465,3826144.391701867,3826144.391701867,30532061.179453775,30532061.179453775,187379710.92032772,120290838.81030753,67088872.11002019,66821898.602091745,66821898.602091745,118821770.68379214,140340977.55547956,-58261614.358567715,-58261614.358567715,76033198.45853221,54513991.5868448,0.0029552682428443523,-12412.126619946279,70.04440307617188,2023-03-27,0,0,0,1,0,0,0,0,0,0,0,27.16786880531889,1
70.25624542236328,69.63581161499023,69.05131912231445,70.52995101928711,71.57969809514462,70.2737565229345,69.83172671895214,71.10247000667202,72.21055668915197,80.7089090634966,54.327724687026745,0.10051209732212385,-0.639373926143114,0.7398860234652378,23.59540581720927,423.0511489532422,-20.391249457072494,61.67947399531949,13.001133886405203,1.9369163147068353,2.5227380878925136,9.296992587792033,77.0153172219823,70.25624542236328,63.49717362274425,8.833587646484375,-0.21416784285463353,-0.14890005649664317,21.42857142857143,100.0,78.57142857142857,0.3927279385653391,0.09613805242646123,1.0701620110068055,1.027334899441544,0.1451310861423221,0.051962300665147926,1.1333205652025877,0.10739311865207464,1.0,0.48385130553375644,2.804166221557526,2.5240562546262026,5073045.633274341,8485466.572729738,-1906787.8837262222,-6345540.006498739,4580719.253459784,4350185.472435507,233138.68250477716,4350185.472435507,8882714.048506035,10586319.616753234,82712134.25958589,82712134.25958589,8926093.472860808,8882714.048506035,8882714.048506035,8882714.048506035,8882714.048506035,8882714.048506035,8882714.048506035,8882714.048506035,0.03308224880235386,0.032821758654303826,3519221.9001559103,3493172.885350907,3490567.9838704066,3490567.9838704066,27854211.530989747,27854211.530989747,170945357.20709217,109740592.02125704,61204765.18583513,60961206.89740835,60961206.89740835,108400370.20953964,128032210.21733017,-53151712.25886844,-53151712.25886844,69364619.07350233,49732779.0657118,0.002696073032317814,-11323.50673573482,76.77833557128906,2023-03-28,0,0,0,1,0,0,0,0,0,0,0,16.06396985538814,1
71.97566833496094,70.41891479492188,69.44050559997558,70.53184219360351,73.31887659061074,71.45984326086332,70.49510832491318,71.32579406843166,72.24492058181744,81.99831318407028,72.5861688453565,0.630226040548834,-0.38545393280472434,1.0156799733535584,26.039354560088125,234.6712372900832,-20.2409002544022,60.01063856498246,11.354883402226967,1.864769890346791,2.428173260130245,0.9268663736662148,80.01960314517714,71.97566833496094,63.93173352474474,7.831031799316406,0.5169655904803419,0.3604862506573028,14.285714285714286,92.85714285714286,78.57142857142857,-0.306124514406272,0.0002461372744444468,1.0120988068757233,0.9963189809600269,0.1451310861423221,0.051962300665147926,1.1333205652025877,0.10739311865207464,1.0,0.48385130553375644,2.804166221557526,2.5240562546262026,5071797.274916558,8483378.497068388,-1906318.6676451452,-6343978.51691745,4579592.045155722,4349114.993124853,233081.31250579303,4349114.993124853,8880528.21949446,10583714.570095452,82691780.73005803,82691780.73005803,8923896.969183387,8880528.21949446,8880528.21949446,8880528.21949446,8880528.21949446,8880528.21949446,8880528.21949446,8880528.21949446,0.03307410803154828,0.03281368198405578,3518355.9016237585,3492313.296874508,3489709.036399583,3489709.036399583,27847357.258373685,27847357.258373685,170903291.5367197,109713587.41788046,61189704.11883926,60946205.76443376,60946205.76443376,108373695.40353152,128000704.47280425,-53138632.86060842,-53138632.86060842,69347550.05654201,49720540.98726928,0.002695409591547439,-11320.720284499244,76.79723358154297,2023-03-29,0,0,0,1,0,0,0,0,0,0,0,15.416819864400507,1
73.83128967285157,71.15284042358398,69.81739921569825,70.60447814941406,74.41843817385117,72.39761018440309,71.0781990882864,71.53331435360423,71.3416553839258,78.19854129592585,80.30192118116419,1.023729195737559,-0.10361730709626765,1.1273465028338265,27.804181317230125,152.30441645758367,-21.670340594686998,59.69189237813072,10.593873913241714,1.8335806940247115,2.3931598212582386,1.4281211418376785,80.97087787607049,73.83128967285157,66.69170146963265,7.339256286621094,1.2802700187834333,0.8951552464411776,7.142857142857143,85.71428571428572,78.57142857142857,-0.26490263644539747,-0.0023395665811342115,1.0187973916645945,0.9950865801758332,0.1451310861423221,0.051962300665147926,1.1333205652025877,0.10739311865207464,1.0,0.48385130553375644,2.804166221557526,2.5240562546262026,5083690.908274373,8503272.469167532,-1910789.0859341929,-6358855.482699036,4590331.431168413,4359313.898237845,233627.90053430366,4359313.898237845,8901353.528737156,10608533.94158,82885697.33760309,82885697.33760309,8944823.980442159,8901353.528737156,8901353.528737156,8901353.528737156,8901353.528737156,8901353.528737156,8901353.528737156,8901353.528737156,0.0331516685674375,0.032890631807063975,3526606.632646304,3500502.956608952,3497892.5890052165,3497892.5890052165,27912660.78674088,27912660.78674088,171304068.81132302,109970871.5939599,61333197.21736311,61089127.846413866,61089127.846413866,108627837.46183813,128300872.90738873,-53263245.77041563,-53263245.77041563,69510173.73606373,49837138.29051313,0.0027017304698659693,-11347.267973437072,76.61756134033203,2023-03-30,0,0,0,1,0,0,0,0,0,0,0,15.63786885169178,1
75.787158203125,72.1544189453125,70.3049472808838,70.72856430053712,75.84504459799713,73.5431824138369,71.8039189319057,71.81429251410167,75.2074710457249,83.20743662713149,81.13476370237582,1.4863444147140399,0.21437503726579385,1.2719693774482461,29.806133029869695,137.30941750418825,-5.2550928870402736,64.40665900400884,14.582738349735159,1.8667698170898614,2.3720599129706486,2.2982284169368086,81.72995144988865,75.787158203125,69.84436495636136,10.015785217285156,2.0256340018075374,1.4220629471998905,0.0,78.57142857142857,78.57142857142857,0.882049837435592,0.02715690854104147,1.0239293732820638,1.0211068998133799,0.1451310861423221,0.051962300665147926,1.1333205652025877,0.10739311865207464,1.0,0.48385130553375644,2.804166221557526,2.5240562546262026,4949283.664455095,8278455.217952489,-1860269.906229078,-6190734.278106604,4468968.073912341,4244058.392626449,227451.03361680667,4244058.392626449,8666011.44841688,10328055.872834664,80694289.88734809,80694289.88734809,8708332.588783592,8666011.44841688,8666011.44841688,8666011.44841688,8666011.44841688,8666011.44841688,8666011.44841688,8666011.44841688,0.03227517460260832,0.03202103936951692,3433366.9990648697,3407953.4757557292,3405412.123424815,3405412.123424815,27174680.474463843,27174680.474463843,166774976.04006848,107063361.67291218,59711614.36715631,59473997.924215846,59473997.924215846,105755835.8986569,124908737.74059057,-51855023.63613555,-51855023.63613555,67672400.54374455,48519498.701810874,0.0026302996624960324,-11047.258582483337,78.69825744628906,2023-03-31,0,0,0,1,0,0,0,0,0,0,0,10.890324492023277,1
77.72789306640625,73.1985595703125,70.82938194274902,70.85870315551757,77.14605552952413,74.6713451372444,72.56050545196975,72.12542133286544,76.90056931480245,89.0066048653165,83.47086092945788,1.9156001584626665,0.5546200615051684,1.360980096957498,31.890995887727794,122.29880638493857,-1.6912010864510512,68.90436343541538,15.065514008773938,1.8475983063498893,2.3167935413096727,1.5983686667302521,80.26140837864423,77.72789306640625,75.19437775416827,10.44140625,2.771060090967292,1.9547917781732025,7.142857142857143,100.0,92.85714285714286,0.8579851204449428,0.013339811837708826,1.0203958777330147,1.0174972474983053,0.1451310861423221,0.051962300665147926,1.1333205652025877,0.10739311865207464,1.0,0.48385130553375644,2.804166221557526,2.5240562546262026,4884130.285456253,8169475.946019895,-1835780.9339943402,-6109238.190177887,4410137.667252797,4188188.74285594,224456.82184766865,4188188.74285594,8551930.307268716,10192095.240099724,79632013.80690613,79632013.80690613,8593694.323517088,8551930.307268716,8551930.307268716,8551930.307268716,8551930.307268716,8551930.307268716,8551930.307268716,8551930.307268716,0.03185029762531164,0.03159950788023045,3388169.4560469314,3363090.4815388117,3360582.584088,3360582.584088,26816947.441532075,26816947.441532075,164579516.26080817,105653957.75653082,58925558.50427735,58691070.09262643,58691070.09262643,104363644.51808809,123264413.65613227,-51172393.535092235,-51172393.535092235,66781547.26894575,47880778.13090156,0.002595673861590358,-10901.830218679504,79.74807739257812,2023-04-03,0,0,0,1,0,0,0,0,0,0,0,3.3900967593186095,1
78.4769515991211,74.3665985107422,71.44461212158203,70.98146530151367,78.27191309797051,75.73539660953874,73.3188980979596,72.45476278000261,78.09089579429711,95.59506312357458,89.26970153867411,2.2919487410296426,0.9020857974100632,1.3898629436195793,33.97199509879103,111.07875619070371,-1.1315667231184616,68.18407802578321,16.96664712862228,1.7825074602232356,2.213645235935216,0.936326460576737,81.5923850604722,78.4769515991211,75.36151813776999,11.680389404296875,3.6285525193326595,2.573064412826156,0.0,100.0,100.0,0.3636349624697627,0.00972500990170988,1.0117424448088261,1.0042462917614419,0.1451310861423221,0.051962300665147926,1.1333205652025877,0.10739311865207464,1.0,0.48385130553375644,2.804166221557526,2.5240562546262026,4837089.541767111,8090792.90490699,-1818099.8945178562,-6050398.009624997,4367662.109985861,4147850.8522470216,222295.00076413678,4147850.8522470216,8469563.716264877,10093931.654809518,78865050.41076261,78865050.41076261,8510925.488865158,8469563.716264877,8469563.716264877,8469563.716264877,8469563.716264877,8469563.716264877,8469563.716264877,8469563.716264877,0.031543536421279744,0.03129516211874998,3355536.8271770817,3330699.3969241055,3328215.6538988077,3328215.6538988077,26558664.169507425,26558664.169507425,162994394.1636435,104636368.04125069,58358026.122392826,58125796.1495275,58125796.1495275,103358482.25473507,122077211.56489056,-50679534.559685245,-50679534.559685245,66138351.149137616,47419621.83898212,0.0025706740311830342,-10796.830930968745,80.52362823486328,2023-04-04,0,0,0,1,0,0,0,0,0,0,0,2.9252842868367703,1
79.25438385009765,75.61502609252929,72.03903350830078,71.10838882446289,79.0760736774556,76.63521446897275,74.02037397781352,72.77749344888196,78.34006377519901,92.48448192701505,92.36204997196864,2.5735143538089744,1.2363715086898455,1.337142845119129,36.07703682197497,100.61596281669856,-6.1048828902391605,65.05696383676606,18.3053578168604,1.7288204034027552,2.142694887787969,1.0308886647365085,82.2425947620899,79.25438385009765,76.26617293810541,12.484275817871094,4.377191134727262,3.121434823060639,35.714285714285715,100.0,64.28571428571429,-0.34259455488209506,0.0019965146266582856,1.012683520982985,0.9956815739348256,0.1451310861423221,0.051962300665147926,1.1333205652025877,0.10739311865207464,1.0,0.48385130553375644,2.804166221557526,2.5240562546262026,4827451.4643091345,8074671.704743006,-1814477.264120301,-6038342.370761002,4358959.383819057,4139586.1080340203,221852.0698617035,4139586.1080340203,8452687.801434737,10073819.127575004,78707908.9193714,78707908.9193714,8493967.159193473,8452687.801434737,8452687.801434737,8452687.801434737,8452687.801434737,8452687.801434737,8452687.801434737,8452687.801434737,0.03148068477367189,0.031232805366005183,3348850.7975772223,3324062.8568105516,3321584.0627338844,3321584.0627338844,26505745.061801065,26505745.061801065,162669621.88423866,104427876.25886899,58241745.62536967,58009978.37920129,58009978.37920129,103152536.70642379,121833968.26522522,-50578553.73735339,-50578553.73735339,66006568.07052929,47325136.511727855,0.0025655518693504255,-10775.317851271788,80.68439483642578,2023-04-05,0,0,0,1,0,0,0,0,0,0,0,3.827141407020873,1
80.23497161865234,77.03313064575195,72.71025505065919,71.26376205444336,79.89088251267222,77.52344823517869,74.73467171165085,73.12035645806719,79.63711400355317,93.47615761147017,93.85190088735321,2.831484256390496,1.5553940582299757,1.2760901981605204,38.014270045321,90.75395064231051,-0.2386654462602299,65.67104381936157,21.059044219689827,1.6786285084000745,2.059148931409474,1.0261338733652252,82.14000579067384,80.23497161865234,78.32993744663084,14.181045532226562,5.149339895524728,3.696834955459977,28.571428571428573,92.85714285714286,64.28571428571429,0.611113465858521,0.01036266490409643,1.0127448885801358,1.0077519810528637,0.1451310861423221,0.051962300665147926,1.1333205652025877,0.10739311865207464,1.0,0.48385130553375644,2.804166221557526,2.5240562546262026,4777939.280612033,7991854.79157571,-1795867.2931491695,-5976410.828021007,4314252.233610403,4097128.933823925,219576.67040553372,4097128.933823925,8365993.810981787,9970498.19584457,77900650.58158334,77900650.58158334,8406849.79190093,8365993.810981787,8365993.810981787,8365993.810981787,8365993.810981787,8365993.810981787,8365993.810981787,8365993.810981787,0.031157806862014283,0.030912469800108658,3314503.7063449835,3289970.000154421,3287516.629535365,3287516.629535365,26233892.0295684,26233892.0295684,161001220.1902564,103356824.12491092,57644396.06534547,57415005.91246372,57415005.91246372,102094564.94140647,120584392.61192384,-50059800.7965331,-50059800.7965331,65329579.52953915,46839751.85902178,0.002539238590723211,-10664.802081037487,81.52050018310547,2023-04-06,0,0,0,1,0,0,0,0,0,0,0,1.4801982769391453,1
80.69490814208984,78.24103317260742,73.40500144958496,71.49418243408203,80.25990169627367,78.15517402214194,75.33117345944378,73.42928130533815,76.55169344769651,88.72846606870807,91.56303520239771,2.9596440935265207,1.8362440652892846,1.123400028237236,39.813129466999456,79.5552998996659,-3.905011202172712,66.6069595537399,17.526429869793446,1.623198654588341,2.0039999206353527,0.9026105550358068,81.86088116682149,80.69490814208984,79.5289351173582,12.079025268554688,5.958308851986567,4.3049257718599705,21.42857142857143,85.71428571428572,64.28571428571429,-0.11363399916770497,-0.0064101682209403155,1.010371301103569,0.9988283716940967,0.1451310861423221,0.051962300665147926,1.1333205652025877,0.10739311865207464,1.0,0.48385130553375644,2.804166221557526,2.5240562546262026,4808764.268508016,8043414.431150122,-1807453.3733236806,-6014967.783355854,4342085.733592476,4123561.6577193257,220993.27447058662,4123561.6577193257,8419967.217259223,10034823.099982837,78403228.46510951,78403228.46510951,8461086.781502336,8419967.217259223,8419967.217259223,8419967.217259223,8419967.217259223,8419967.217259223,8419967.217259223,8419967.217259223,0.03135882218744637,0.0311119023277027,3335887.305137011,3311195.319162644,3308726.1205652077,3308726.1205652077,26403140.602390867,26403140.602390867,162039923.35748616,104023633.11211294,58016290.24537322,57785420.17651289,57785420.17651289,102753230.43373175,121362345.6633136,-50382762.781397596,-50382762.781397596,65751054.85184375,47141939.6222619,0.0025556205483470073,-10733.60630305743,80.99794006347656,2023-04-10,0,0,0,1,0,0,0,0,0,0,0,0.5395908769712832,1
81.10830230712891,79.41809768676758,74.08527526855468,71.72240753173828,80.77828387010693,78.82060569407494,75.94868534118946,73.75813490974738,77.98781119801355,87.32175668121192,89.84212678713,3.0915085013858175,2.0872969525085914,1.004211548877226,41.671161115060336,82.56983292360337,-3.4144179518984408,68.89361881553543,16.804547722108822,1.616520021350375,1.9758223658899017,1.529697789256815,82.08937030089656,81.10830230712891,80.12723431336126,11.770645141601562,6.895680166850678,5.016311694414199,14.285714285714286,100.0,85.71428571428572,0.409940007392453,0.010088011542719766,1.0189322741417985,1.0077238582291483,0.1451310861423221,0.051962300665147926,1.1333205652025877,0.10739311865207464,1.0,0.48385130553375644,2.804166221557526,2.5240562546262026,4760737.889724611,7963082.760348097,-1789401.8666384674,-5954894.736518178,4298720.1946499245,4082378.575527651,218786.15719145196,4082378.575527651,8335874.815897779,9934602.713140342,77620195.04158188,77620195.04158188,8376583.708363803,8335874.815897779,8335874.815897779,8335874.815897779,8335874.815897779,8335874.815897779,8335874.815897779,8335874.815897779,0.031045633478563574,0.03080117967164575,3302570.9314597943,3278125.5507680117,3275681.012698834,3275681.012698834,26139445.573722858,26139445.573722858,160421588.52078703,102984722.04737523,57436866.47341179,57208302.163943626,57208302.163943626,101727007.21078303,120150268.3691448,-49879577.03254728,-49879577.03254728,65094381.97511261,46671120.81675085,0.002530096901599472,-10626.406986717784,81.81504821777344,2023-04-11,0,0,0,1,0,0,0,0,0,0,0,-1.2228285449504097,0
81.32478179931641,79.90086669921875,74.76833915710449,71.94191268920899,81.05419781200489,79.32704569438873,76.48747966067626,74.06589533272987,76.6938028976252,74.31134268669733,83.45385514553907,3.1429160442363298,2.298420770854139,0.8444952733821909,43.396476216831154,79.3676318391476,-4.805445305142534,62.85672873479893,6.287828576368626,1.5668843082874744,1.9200595727186625,0.9216200384697686,82.16129167189497,81.32478179931641,80.48827192673785,4.827690124511719,7.646347277078977,5.598700107672272,7.142857142857143,92.85714285714286,85.71428571428572,0.0,-0.002554817561388978,1.0113251745875338,1.0,0.1451310861423221,0.051962300665147926,1.1333205652025877,0.10739311865207464,1.0,0.48385130553375644,2.804166221557526,2.5240562546262026,4772931.859859493,7983479.092935712,-1793985.1714593833,-5970147.37387303,4309730.770507275,4092835.0223185383,219346.5476032989,4092835.0223185383,8357226.003656416,9960048.820779964,77819008.41087987,77819008.41087987,8398039.166307118,8357226.003656416,8357226.003656416,8357226.003656416,8357226.003656416,8357226.003656416,8357226.003656416,8357226.003656416,0.031125152564937388,0.03088007262348119,3311030.0090732607,3286522.0149276406,3284071.2155130785,3284071.2155130785,26206398.139911454,26206398.139911454,160832486.1809239,103248503.13637517,57583983.04454873,57354833.29928718,57354833.29928718,101987566.83758302,120458016.62542953,-50007336.65443031,-50007336.65443031,65261112.21066419,46790662.422817685,0.002536577394071669,-10653.625055101009,81.60602569580078,2023-04-12,0,0,0,1,0,0,0,0,0,0,0,-2.5487868896292305,0
81.61932220458985,80.43685302734374,75.42788391113281,72.1641163635254,81.42183082893425,79.8416004522804,77.02744320373499,74.38319735351665,77.74235226758275,74.52326415349721,78.71878784046878,3.191335995184275,2.477003815720166,0.7143321794641091,44.737926038939314,77.32109242727695,-2.2171126402736436,62.497787563102605,6.979240047180757,1.55133344781272,1.8882525150609148,1.3491722616409163,82.38014734066543,81.61932220458985,80.85849706851427,5.35986328125,8.232492193682836,6.0720115563808434,0.0,100.0,100.0,0.4718303048538064,0.0067528244672323545,1.0166276129224074,1.0078088361901474,0.1451310861423221,0.051962300665147926,1.1333205652025877,0.10739311865207464,1.0,0.48385130553375644,2.804166221557526,2.5240562546262026,4740917.27766972,7929929.6698378,-1781951.9626465908,-5930102.433069802,4280823.123379822,4065382.209863124,217875.27412140692,4065382.209863124,8301169.66205584,9893241.497535171,77297035.1010053,77297035.1010053,8341709.06920605,8301169.66205584,8301169.66205584,8301169.66205584,8301169.66205584,8301169.66205584,8301169.66205584,8301169.66205584,0.03091637967979741,0.030672943619326563,3288821.176961126,3264477.5709140413,3262043.2103093327,3262043.2103093327,26030617.946147535,26030617.946147535,159753697.50369015,102555960.73546025,57197736.76822992,56970124.05168968,56970124.05168968,101303482.20433775,119650040.90172304,-49671910.95877372,-49671910.95877372,64823371.36247916,46476812.66509387,0.002519563225873253,-10582.165548667665,82.15709686279297,2023-04-13,0,0,0,1,0,0,0,0,0,0,0,-2.970090063653277,0
81.4654052734375,80.85018844604492,76.00151443481445,72.3487385559082,81.19819239507075,80.00693046592828,77.38205961550726,74.63291179170595,69.18836042577824,50.92966075231798,66.58808919750412,3.080729343153976,2.597748921206928,0.4829804219470484,45.36021571145073,54.72198171224373,-12.95679767720043,54.0452389543395,5.394786932269402,1.5538596083452592,1.9242625277964727,1.5866996952682655,82.50443592410865,81.4654052734375,80.42637462276635,4.133354187011719,8.007999099257496,5.943254177386947,0.0,92.85714285714286,92.85714285714286,-0.8125026822115735,-0.01711576223046951,1.0188679058554342,0.9849344879132584,0.1451310861423221,0.051962300665147926,1.1333205652025877,0.10739311865207464,1.0,0.48385130553375644,2.804166221557526,2.5240562546262026,4823474.724173351,8068019.981512037,-1812982.540741922,-6033368.127387052,4355368.576358839,4136176.0150806145,221669.3133830629,4136176.0150806145,8445724.677499937,10065520.554064441,78643071.20889054,78643071.20889054,8486970.030301817,8445724.677499937,8445724.677499937,8445724.677499937,8445724.677499937,8445724.677499937,8445724.677499937,8445724.677499937,0.03145475173145138,0.031207076520967512,3346092.093637072,3321324.572588685,3318847.8204838466,3318847.8204838466,26483910.257040128,26483910.257040128,162535618.50398672,104341851.04869682,58193767.45528989,57962191.13348748,57962191.13348748,103067562.09075731,121733604.3288741,-50536888.32318108,-50536888.32318108,65952193.42369709,47286151.1855803,0.0025634384285080454,-10766.44139973379,80.75091552734375,2023-04-14,0,0,0,1,0,0,0,0,0,0,0,0.4098190280894588,1
81.51671142578125,81.10580978393554,76.63011436462402,72.55572708129883,81.21695187177893,80.23375598579501,77.7508606830966,74.89258077341141,70.44256511422608,46.505831526085615,57.31958547730022,2.999133336484178,2.678025804262378,0.3211075322218,45.50099021225443,41.02138378601787,-14.792377254858895,60.08792139710454,3.2481194143985315,1.5310949839966954,1.8843209099110088,1.2351548674653685,82.48098892894372,81.51671142578125,80.55243392261879,2.55621337890625,7.773553442438855,5.80859824938652,0.0,85.71428571428572,85.71428571428572,0.30768869613188243,0.00623590821928266,1.015408265734778,1.0046991762638358,0.1451310861423221,0.051962300665147926,1.1333205652025877,0.10739311865207464,1.0,0.48385130553375644,2.804166221557526,2.5240562546262026,4793582.38438277,8018020.34255552,-1801747.0117423302,-5995977.76038841,4328377.213318152,4110543.045914879,220295.57042477943,4110543.045914879,8393384.303335171,10003141.879400041,78155699.44036658,78155699.44036658,8434374.04785231,8393384.303335171,8393384.303335171,8393384.303335171,8393384.303335171,8393384.303335171,8393384.303335171,8393384.303335171,0.03125981837312513,0.031013678070974535,3325355.482054492,3300741.4518394326,3298280.0488179266,3298280.0488179266,26319782.508962754,26319782.508962754,161528342.58481494,103695217.19151196,57833125.39330299,57602984.210792184,57602984.210792184,102428825.33694717,120979189.20852649,-50223697.952317454,-50223697.952317454,65543470.35817027,46993106.48659094,0.0025475521272586223,-10699.718934486214,81.25447082519531,2023-04-17,0,0,0,1,0,0,0,0,0,0,0,0.09296551252719905,1
81.33428649902343,81.22129440307617,77.20992698669434,72.763818359375,81.11227577584741,80.35542282182945,78.05105714984782,75.12828049147309,68.35077427106366,31.87226831228682,43.10258686356343,2.872983028979789,2.71701724920586,0.15596577977392867,45.32558616016474,27.372400838531647,-24.35401851515413,56.799247886835715,1.44811790975381,1.5391392663476773,1.902451973506143,1.6437149369104418,82.34764735583751,81.33428649902343,80.32092564220936,1.15484619140625,7.487969163962985,5.634945942805359,0.0,78.57142857142857,78.57142857142857,-0.13872681969526446,-0.0043264972085933495,1.0205781296920844,0.997189391433599,0.1451310861423221,0.051962300665147926,1.1333205652025877,0.10739311865207464,1.0,0.48385130553375644,2.804166221557526,2.5240562546262026,4814411.924133553,8052861.023293992,-1809576.1378514818,-6022032.065309029,4347185.298376818,4128404.5767923146,221252.82013348036,4128404.5767923146,8429856.05201305,10046608.503044292,78495309.17640598,78495309.17640598,8471023.909149172,8429856.05201305,8429856.05201305,8429856.05201305,8429856.05201305,8429856.05201305,8429856.05201305,8429856.05201305,0.03139565157201341,0.031148441717115668,3339805.1396685136,3315084.154178739,3312612.0556297614,3312612.0556297614,26434149.784215704,26434149.784215704,162230231.2273696,104145803.72059584,58084427.50677379,57853286.2924444,57853286.2924444,102873909.01714694,121504879.73151538,-50441934.84261005,-50441934.84261005,65828276.2114456,47197305.49707717,0.002558621998191644,-10746.212392404906,80.90292358398438,2023-04-18,0,0,0,1,0,0,0,0,0,0,0,1.1885582455403132,1
81.21457061767578,81.2696762084961,77.81813735961914,72.95924575805664,81.07733261358577,80.47397254314455,78.33261802024921,75.35883601294718,68.64886467680331,43.16134580574822,40.513148548040185,2.74974476420077,2.7235627522048422,0.026182011995927734,45.162710968938605,31.934180563886986,-22.749730190391723,58.18630944915106,0.6008398588151831,1.4665266776871146,1.8103603370658565,0.5225630250997995,82.21254783312833,81.21457061767578,80.21659340222322,0.48381805419921875,7.043518963131724,5.335152405958908,7.142857142857143,71.42857142857143,64.28571428571429,-0.14544521355545434,0.0012919521377940946,1.0064728188120735,0.9990626411402289,0.1451310861423221,0.051962300665147926,1.1333205652025877,0.10739311865207464,1.0,0.48385130553375644,2.804166221557526,2.5240562546262026,4808199.959916397,8042470.536291483,-1807241.2686309642,-6014261.926755504,4341576.189737091,4123077.7576690027,220967.34090501542,4123077.7576690027,8418979.133922935,10033645.51327355,78394027.84454192,78394027.84454192,8460093.872784289,8418979.133922935,8418979.133922935,8418979.133922935,8418979.133922935,8418979.133922935,8418979.133922935,8418979.133922935,0.031355142228979845,0.031108251345287087,3335495.8386891154,3310806.75031984,3308337.8414829127,3308337.8414829127,26400042.193266258,26400042.193266258,162020907.9689518,104011425.93650214,58009482.03244963,57778639.05619691,57778639.05619691,102741172.33990292,121348103.78940739,-50376850.36308812,-50376850.36308812,65743338.96412518,47136407.51462072,0.0025553206462200105,-10732.346714124045,81.0074462890625,2023-04-19,0,0,0,1,0,0,0,0,0,0,0,1.0344508018980942,1
81.01124114990235,81.31528167724609,78.4651538848877,73.17133102416992,81.0983715836991,80.59515017601387,78.60003054440888,75.58556595455418,69.04835375256495,46.54217853284293,40.52526421695929,2.6324643901413367,2.705343079792141,-0.07287868965080424,44.66727421910616,12.753706068099943,-24.901411736703416,60.099747527435035,0.5652328290056241,1.4147100769635972,1.7435324616317824,0.7410942675578696,81.36379980280886,81.01124114990235,80.65868249699584,0.4560546875,6.4832219471975625,4.9436564323229675,0.0,64.28571428571429,64.28571428571429,0.2948765601158117,0.001641864309469554,1.0092133090663447,1.0027005208627262,0.1451310861423221,0.051962300665147926,1.1333205652025877,0.10739311865207464,1.0,0.48385130553375644,2.804166221557526,2.5240562546262026,4800318.488316344,8029287.53565622,-1804278.8875212136,-6004403.5109312525,4334459.59522685,4116319.3198912935,220605.13720375494,4116319.3198912935,8405178.970556473,10017198.632358214,78265526.46996903,78265526.46996903,8446226.31524758,8405178.970556473,8405178.970556473,8405178.970556473,8405178.970556473,8405178.970556473,8405178.970556473,8405178.970556473,0.031303745726119415,0.03105725953929958,3330028.3839360103,3305379.7652540267,3302914.9033858282,3302914.9033858282,26356767.95664527,26356767.95664527,161755327.66958454,103840933.21439542,57914394.455189124,57683929.870512575,57683929.870512575,102572761.78320736,121149193.25288445,-50294273.98965383,-50294273.98965383,65635574.257320546,47059142.787643455,0.0025511320335853227,-10714.754541058355,81.14044952392578,2023-04-20,0,0,0,1,0,0,0,0,0,0,0,0.49241009207031605,1
81.1423568725586,81.30388107299805,79.168505859375,73.40368026733398,81.2010791026744,80.74266726048863,78.86731279166756,75.81383764812558,69.8752518914611,59.63016504994977,49.77789646284694,2.5318013953854006,2.670634742910793,-0.13883334752539245,44.53246543676145,57.50307496407784,-26.27461872791782,60.754629617625255,-0.13984953750822982,1.3788105506301738,1.6937353281033802,0.9121167082956703,81.49773930088283,81.1423568725586,80.78697444423436,-0.11400604248046875,5.915110056308258,4.53875580812111,0.0,57.142857142857146,57.142857142857146,-0.13541393478451202,0.0032788161547068206,1.0112728868387755,0.9984850570199678,0.1451310861423221,0.051962300665147926,1.1333205652025877,0.10739311865207464,1.0,0.48385130553375644,2.804166221557526,2.5240562546262026,4784630.564327722,8003047.015813892,-1798382.3225098294,-5984780.515893366,4320294.144991168,4102866.774031988,219884.17741069634,4102866.774031988,8377709.999670107,9984461.418961676,78009746.85176688,78009746.85176688,8418623.197507204,8377709.999670107,8377709.999670107,8377709.999670107,8377709.999670107,8377709.999670107,8377709.999670107,8377709.999670107,0.031201441934255236,0.03095576128910362,3319145.5159983328,3294577.451483171,3292120.6450316547,3292120.6450316547,26270631.3860623,26270631.3860623,161226694.97752225,103501570.59269856,57725124.3848237,57495412.98160694,57495412.98160694,102237543.67339349,120753265.49524504,-50129907.23996149,-50129907.23996149,65421070.59419807,46905348.772346534,0.0025427946773192256,-10679.73764474075,81.406494140625,2023-04-21,0,0,0,1,0,0,0,0,0,0,0,0.9026240774229924,1
81.0853485107422,81.30102996826172,79.77103157043457,73.63428695678711,81.12386240715402,80.7838966706022,79.06751433685287,76.01601770177216,66.7216185700812,63.118629243530876,56.43032427544116,2.3892163451695865,2.6143510633625517,-0.22513471819296527,44.02897371398889,2.221866839663534,-55.26007397422888,54.64331608149114,-0.03519971908043651,1.373978815061569,1.6969105892893737,1.3111662526697074,81.44194977436452,81.0853485107422,80.72874724711987,-0.02851104736328125,5.3288228524206245,4.112850042489853,0.0,50.0,50.0,-0.4275344290934864,-0.005368922088165529,1.0162677970485765,0.9931243869633284,0.1451310861423221,0.051962300665147926,1.1333205652025877,0.10739311865207464,1.0,0.48385130553375644,2.804166221557526,2.5240562546262026,4810457.536047189,8046246.687380599,-1808089.815859585,-6017085.780647472,4343614.673755574,4125013.650936485,221071.09087354215,4125013.650936485,8422932.065684678,10038356.57329693,78430835.8990184,78430835.8990184,8464066.108995484,8422932.065684678,8422932.065684678,8422932.065684678,8422932.065684678,8422932.065684678,8422932.065684678,8422932.065684678,0.03136986429155291,0.03112285748610761,3337061.9415659825,3312361.261021453,3309891.192967,3309891.192967,26412437.70626577,26412437.70626577,162096981.0394499,104060262.03202258,58036719.007427335,57805767.64433598,57805767.64433598,102789412.01800652,121405079.91039144,-50400503.61708593,-50400503.61708593,65774207.18800131,47158539.29561639,0.0025565204363588393,-10737.385832707125,80.96942901611328,2023-04-24,0,0,0,1,0,0,0,0,0,0,0,3.2154963452238214,1
81.21646728515626,81.27537689208984,80.34673728942872,73.85624664306641,81.26874742345424,80.92473681341174,79.3047527291578,76.23337063331265,68.76764646986942,69.46829840645185,64.0723642333108,2.297269684566544,2.5509347876033504,-0.25366510303680645,43.56144568570009,46.55533156323307,-35.63623351125118,60.84420678400851,-0.3135496064683885,1.333523380417272,1.6350510308574457,0.8076027300414097,81.67568828502877,81.21646728515626,80.75724628528374,-0.25653076171875,4.661368939489381,3.6207856398362424,0.0,42.85714285714286,42.85714285714286,0.5294091247722341,0.007275442683734035,1.0099753372051847,1.0052699022304565,0.1451310861423221,0.051962300665147926,1.1333205652025877,0.10739311865207464,1.0,0.48385130553375644,2.804166221557526,2.5240562546262026,4775712.1162712425,7988129.508987714,-1795030.1766934786,-5973625.014242232,4312241.209993828,4095219.1189591656,219474.3180520032,4095219.1189591656,8362094.129132188,9965850.598473083,77864338.36811431,77864338.36811431,8402931.065651964,8362094.129132188,8362094.129132188,8362094.129132188,8362094.129132188,8362094.129132188,8362094.129132188,8362094.129132188,0.031143283120228384,0.030898060418494303,3312958.7004274447,3288436.4302540366,3285984.203236696,3285984.203236696,26221663.496425364,26221663.496425364,160926171.8994825,103308645.90004264,57617525.99943985,57388242.773318484,57388242.773318484,102046975.09962079,120528184.01580986,-50036466.17533071,-50036466.17533071,65299127.13125996,46817918.21507089,0.0025380549629477464,-10659.830844380534,81.55851745605469,2023-04-25,0,0,0,1,0,0,0,0,0,0,0,3.1370515240450967,1
81.16325988769532,81.18891525268555,80.54489097595214,74.04124618530274,81.09296804955544,80.89140453856557,79.44157716464352,76.41015646344775,62.98324880074308,50.17137991790157,60.91943585596139,2.1338695742405775,2.467521744930796,-0.33365217069021824,42.64060293110422,-70.14729722797625,-66.90892723139513,54.26883287913299,-1.0595006761706105,1.3081741732840677,1.6202023033744442,0.9786344805524152,81.75075632749147,81.16325988769532,80.57576344789916,-0.8646163940429688,4.044754821954522,3.1596104548527677,57.142857142857146,35.714285714285715,-21.42857142857143,-0.2473071527601099,-0.010018673460281402,1.0109656919225032,0.9973008364040581,0.1451310861423221,0.051962300665147926,1.1333205652025877,0.10739311865207464,1.0,0.48385130553375644,2.804166221557526,2.5240562546262026,4824042.624080383,8068969.883410448,-1813195.9952897767,-6034078.476128274,4355881.363001465,4136662.99471848,221695.41199239757,4136662.99471848,8446719.049095819,10066705.635051439,78652330.38311289,78652330.38311289,8487969.257988662,8446719.049095819,8446719.049095819,8446719.049095819,8446719.049095819,8446719.049095819,8446719.049095819,8446719.049095819,0.031458455109535745,0.031210750738594518,3346486.0514159678,3321715.614321845,3319238.570612433,3319238.570612433,26487028.384745333,26487028.384745333,162554754.90832508,104354135.91197453,58200618.99635054,57969015.40952049,57969015.40952049,103079696.92348193,121747936.83946745,-50542838.36870253,-50542838.36870253,65959958.41608445,47291718.500098936,0.0025637402392416925,-10767.70900481511,80.74140930175781,2023-04-26,0,0,0,1,0,0,0,0,0,0,0,4.9373718337951145,1
81.5433120727539,81.27727661132812,80.85706481933593,74.28509414672851,81.74221551610988,81.2821874314116,79.7843517631745,76.67017818837995,70.50230122140732,64.96067920082415,61.533452508392486,2.1649519773525583,2.407007791415148,-0.2420558140625899,42.705548062054696,172.4129718197546,-1.479150627511834,62.79343723365846,1.0755170522900315,1.3898267762387049,1.6736691783105768,2.451310614648989,83.15167572936996,81.5433120727539,79.93494841613786,0.8836135864257812,3.452343028887514,2.7156923734224705,50.0,100.0,50.0,0.9806218857658221,0.0284773472168125,1.0303993651250831,1.0298102827550428,0.1451310861423221,0.051962300665147926,1.1333205652025877,0.10739311865207464,1.0,0.48385130553375644,2.804166221557526,2.5240562546262026,4690470.467954244,7845549.447682132,-1762990.6970693232,-5867001.827952011,4235272.050268313,4022123.584843948,215556.92266079842,4022123.584843948,8212839.176238241,9787970.20886575,76474538.39985476,76474538.39985476,8252947.214596568,8212839.176238241,8212839.176238241,8212839.176238241,8212839.176238241,8212839.176238241,8212839.176238241,8212839.176238241,0.030587406902705474,0.03034656117906212,3253825.7264216607,3229741.154057326,3227332.6968208924,3227332.6968208924,25753633.229183435,25753633.229183435,158053801.91233033,101464690.68508878,56589111.22724155,56363920.47563502,56363920.47563502,100225539.43694374,118376877.39932482,-49143365.68080739,-49143365.68080739,64133603.5203695,45982265.55798841,0.0024927532397086742,-10469.563606776432,83.04071044921875,2023-04-27,0,0,0,1,0,0,0,0,0,0,0,3.238624545125131,1
81.9556655883789,81.54901123046875,81.19959983825683,74.53957397460937,82.31756425032326,81.67965548365494,80.13520033037217,76.93676969937485,71.65526137147154,69.74275753326533,61.62493888399698,2.198739124056985,2.3653540579435157,-0.1666149338865308,43.07913249466498,245.53409557621367,-7.804853260173701,63.718325402504284,3.365096449570415,1.3563834352116824,1.6250289718289286,0.92162000186039,84.15931291927942,81.9556655883789,79.7520182574784,2.71734619140625,2.88158468348738,2.283642450968429,42.85714285714286,100.0,57.142857142857146,0.19587069372345983,0.005148694745244375,1.0111238675992027,1.0021674059328594,0.1451310861423221,0.051962300665147926,1.1333205652025877,0.10739311865207464,1.0,0.48385130553375644,2.804166221557526,2.5240562546262026,4666444.370345671,7805362.021258548,-1753960.091960478,-5836949.158491427,4213577.625290302,4001520.9748278665,214452.77080664315,4001520.9748278665,8170770.373750314,9737833.078862544,76082811.22947416,76082811.22947416,8210672.965842416,8170770.373750314,8170770.373750314,8170770.373750314,8170770.373750314,8170770.373750314,8170770.373750314,8170770.373750314,0.03043072837144545,0.030191116337024624,3237158.5850254176,3213197.381583335,3210801.2612391263,3210801.2612391263,25621714.84061939,25621714.84061939,157244199.52849782,100944955.92097951,56299243.60751829,56075206.35533482,56075206.35533482,99712152.00388433,117770512.9780102,-48891637.563398324,-48891637.563398324,63805090.5857508,45746729.61162493,0.002479984556255594,-10415.935136273494,83.46826171875,2023-04-28,0,0,0,1,0,0,0,0,0,0,0,2.8356034613877137,1
82.56184387207031,81.82359619140625,81.4647029876709,74.81396392822266,82.87848297840561,82.10159456563956,80.50330700696247,77.21377168899036,73.06611267712859,93.08755356387177,75.93033009932039,2.242597109499897,2.340802668254792,-0.0982055587548949,43.672200827238576,209.5074714015624,-7.855531186341576,62.204721771366344,3.3793212625582214,1.3321153772997205,1.585845590121688,1.0166306244442183,85.00164177422789,82.56184387207031,80.12204596991273,2.745849609375,2.248634752985072,1.7964418851412205,35.714285714285715,100.0,64.28571428571429,0.5327172773749308,0.006374383566452035,1.012199289773036,1.0064891546901498,0.1451310861423221,0.051962300665147926,1.1333205652025877,0.10739311865207464,1.0,0.48385130553375644,2.804166221557526,2.5240562546262026,4636887.073584321,7755922.794454904,-1742850.4944101274,-5799977.8748402605,4186888.7901915424,3976175.3082854,213094.42520451694,3976175.3082854,8119016.647457015,9676153.564593932,75600902.08163603,75600902.08163603,8158666.496204845,8119016.647457015,8119016.647457015,8119016.647457015,8119016.647457015,8119016.647457015,8119016.647457015,8119016.647457015,0.030237979889356035,0.029999885559518588,3216654.396103937,3192844.9631201923,3190464.019821818,3190464.019821818,25459426.689518433,25459426.689518433,156248213.48417678,100305569.74556975,55942643.73860704,55720025.540209025,55720025.540209025,99080574.41855606,117024553.58675542,-48581957.531682305,-48581957.531682305,63400948.620765135,45456969.45256578,0.0024642763138175983,-10349.960518033913,84.00032043457031,2023-05-01,0,0,0,1,0,0,0,0,0,0,0,1.7751716834285642,1
83.01600036621093,82.1162338256836,81.66876411437988,75.05769515991211,83.19542196118968,82.41572281311561,80.82006823741918,77.47320416890281,71.8285163918536,89.10088438328815,83.97706516014172,2.237759455198045,2.320194025643443,-0.0824345704453977,43.97595191440563,142.61177030795352,-11.677157528302237,64.3300441046256,3.617145355366058,1.304830162518633,1.5565323385244434,0.9501223703644968,85.38399658273795,83.01600036621093,80.64800414968391,2.9263763427734375,1.8387117178039203,1.479497567201264,28.571428571428573,92.85714285714286,64.28571428571429,0.030006408691406534,-0.002035950659803887,1.0114272651764225,1.0003402087270934,0.1451310861423221,0.051962300665147926,1.1333205652025877,0.10739311865207464,1.0,0.48385130553375644,2.804166221557526,2.5240562546262026,4646346.806430551,7771745.685210537,-1746406.091043473,-5811810.434128279,4195430.479644736,3984287.1202767757,213529.16003878528,3984287.1202767757,8135580.28751126,9695893.926230429,75755135.80035229,75755135.80035229,8175311.026082499,8135580.28751126,8135580.28751126,8135580.28751126,8135580.28751126,8135580.28751126,8135580.28751126,8135580.28751126,0.03029966851947009,0.030061088452387648,3223216.706283787,3199358.6995755425,3196972.898904718,3196972.898904718,25511366.573125485,25511366.573125485,156566976.12251693,100510203.56082644,56056772.56169049,55833700.19896841,55833700.19896841,99282709.11568727,117263295.87135549,-48681069.787836805,-48681069.787836805,63530293.16304798,45549706.40737976,0.002469303694303271,-10371.075516073739,83.82929992675781,2023-05-02,0,0,0,1,0,0,0,0,0,0,0,2.2788444578898135,1
83.57467498779297,82.36896743774415,81.81932182312012,75.299697265625,83.30854211068244,82.61918819430694,81.07861244430002,77.71091311952105,69.64088132796572,82.58557194823648,88.25800329846544,2.184973463083182,2.2931499131313906,-0.10817645004820875,44.53726465214085,122.46009473315605,-24.50970013573319,61.19297985585808,3.1198812410245136,1.3052827694359515,1.5625620032558838,1.311166659361092,84.23439689039814,83.57467498779297,82.9149530851878,2.5273361206054688,1.4208752673232834,1.1506627889779963,21.42857142857143,100.0,78.57142857142857,-0.44927824678375466,-0.0035133004492124975,1.0157192987700936,0.9929974842989493,0.1451310861423221,0.051962300665147926,1.1333205652025877,0.10739311865207464,1.0,0.48385130553375644,2.804166221557526,2.5240562546262026,4662728.372114858,7799146.429866059,-1752563.372728152,-5832301.060062539,4210222.255385868,3998334.470568325,214281.9970753683,3998334.470568325,8164263.799184424,9730078.615802199,76022224.71659924,76022224.71659924,8204134.615913989,8164263.799184424,8164263.799184424,8164263.799184424,8164263.799184424,8164263.799184424,8164263.799184424,8164263.799184424,0.030406495674381872,0.030167074448599337,3234580.76032204,3210638.6377437864,3208244.425485961,3208244.425485961,25601311.672926407,25601311.672926407,157118982.3136593,100864571.10379502,56254411.20986429,56030552.36375762,56030552.36375762,99632748.89714387,117676729.57824458,-48852704.01479724,-48852704.01479724,63754281.10750218,45710300.42640147,0.0024780096868492313,-10407.640684766771,83.53478240966797,2023-05-03,0,0,0,1,0,0,0,0,0,0,0,2.2395324680970647,1
83.73999481201172,82.64165344238282,81.97846755981445,75.54248626708984,83.49479793055913,82.84611935358068,81.3442026467774,77.9523404313168,70.7249969565889,70.46357262147019,80.7166763176649,2.145243317254483,2.263568593956009,-0.11832527670152615,44.3622543125794,87.79158166940044,-17.647309542183425,63.55550016582418,3.3606666741261337,1.3023095295560818,1.5528213987408934,1.2636574111177765,84.14782309451759,83.73999481201172,83.33216652950584,2.7268600463867188,1.3845764319044742,1.125042108389053,14.285714285714286,92.85714285714286,78.57142857142857,0.12029829341746126,0.003980703020374898,1.0152469809753186,1.0018158668891899,0.1451310861423221,0.051962300665147926,1.1333205652025877,0.10739311865207464,1.0,0.48385130553375644,2.804166221557526,2.5240562546262026,4644241.027828034,7768223.439358058,-1745614.5994198308,-5809176.453806978,4193529.061584389,3982481.3948512534,213432.3861312498,3982481.3948512534,8131893.147570523,9691499.633937422,75720802.68863139,75720802.68863139,8171605.879707324,8131893.147570523,8131893.147570523,8131893.147570523,8131893.147570523,8131893.147570523,8131893.147570523,8131893.147570523,0.030285936356054442,0.03004746441624299,3221755.906852721,3197908.7128715753,3195523.993473461,3195523.993473461,25499804.524038594,25499804.524038594,156496018.14156651,100464651.16346768,56031366.97809883,55808395.71437512,55808395.71437512,99237713.03313775,117210150.77702786,-48659006.958827786,-48659006.958827786,63501500.492692575,45529062.748802476,0.0024681845770485314,-10366.37522360383,83.8673095703125,2023-05-04,0,0,0,1,0,0,0,0,0,0,0,0.2067198318586518,1
83.94902038574219,82.95234298706055,82.1281120300293,75.80651931762695,83.8343284828402,83.14925939609371,81.64602997445597,78.20963647665349,72.76031548809175,71.30109936310318,74.78341464426991,2.1412076394955335,2.2390964030639138,-0.09788876356838028,44.403656345381044,99.75634382181268,-4.3141026445449135,68.85520411961632,3.8165203889143795,1.2832615093565194,1.518412071295983,1.0356372467622066,84.59011135418336,83.94902038574219,83.30792941730101,3.1068954467773438,1.3738809757195323,1.1204288189227753,7.142857142857143,85.71428571428572,78.57142857142857,0.9724712848833498,0.0077035977474415596,1.0124019111941596,1.0120605025139935,0.1451310861423221,0.051962300665147926,1.1333205652025877,0.10739311865207464,1.0,0.48385130553375644,2.804166221557526,2.5240562546262026,4608737.1705424925,7708837.654963886,-1732269.8890049316,-5764767.00767215,4161470.7647748254,3952036.495407426,211800.75828680515,3952036.495407426,8069727.215173247,9617410.968464538,75141939.41342773,75141939.41342773,8109136.355148109,8069727.215173247,8069727.215173247,8069727.215173247,8069727.215173247,8069727.215173247,8069727.215173247,8069727.215173247,0.03005440927645168,0.02981776038451112,3197126.5301170256,3173461.6409229687,3171095.1520035635,3171095.1520035635,25304866.015204553,25304866.015204553,155299652.0915357,99696628.44118069,55603023.65035502,55381756.936390586,55381756.936390586,98479069.89214648,116314113.63324712,-48287023.15601247,-48287023.15601247,63016050.190393195,45181006.44929256,0.0024493160315848415,-10287.127332656335,84.51338958740234,2023-05-05,0,0,0,1,0,0,0,0,0,0,0,-0.2882732035193651,0
83.9262191772461,83.2440315246582,82.27253074645996,76.06595520019532,83.85165711925676,83.28326939536574,81.85939039518301,78.43225129686668,67.83105248853548,65.87056436562762,69.21174545006697,2.0636214645369932,2.2040014153585297,-0.14037995082153643,44.44210109012543,75.58923127019779,-19.512409861996773,60.15902815741073,3.6024526928503997,1.2567510328346951,1.4981597915490277,0.9121148380509823,84.56649905876934,83.9262191772461,83.28593929572286,2.9168853759765625,1.3071754122557646,1.0696834662021644,0.0,78.57142857142857,78.57142857142857,-0.2643620706286715,-0.007419832506705859,1.0098875186692131,0.997401765293028,0.1451310861423221,0.051962300665147926,1.1333205652025877,0.10739311865207464,1.0,0.48385130553375644,2.804166221557526,2.5240562546262026,4643188.854137193,7766463.513402777,-1745219.12258199,-5807860.358756458,4192578.9987164335,3981579.145781316,213384.03206432803,3981579.145781316,8130050.830607358,9689303.98111094,75703647.80025224,75703647.80025224,8169754.565646098,8130050.830607358,8130050.830607358,8130050.830607358,8130050.830607358,8130050.830607358,8130050.830607358,8130050.830607358,0.030279074940971686,0.030040657028050647,3221026.0035632085,3197184.2122711046,3194800.0331418943,3194800.0331418943,25494027.428646475,25494027.428646475,156460563.26486585,100441890.44493903,56018672.81992683,55795752.07134566,55795752.07134566,99215230.2829603,117183596.29025424,-48647983.04197297,-48647983.04197297,63487113.94217831,45518747.93488436,0.0024676253987327315,-10364.026674677474,83.88631439208984,2023-05-08,0,0,0,1,0,0,0,0,0,0,0,0.32055960688838453,1
83.96802673339843,83.49201354980468,82.38369522094726,76.32786437988281,83.91388398201101,83.42055454303006,82.06690918683411,78.65209782277464,68.39014690540277,68.72791432499888,68.63319268457654,1.9914447376432207,2.1614900798154677,-0.17004534217224698,44.57185559458285,69.10268750779387,-15.964669726528761,58.915270535831496,3.0405411093954893,1.2491007754987664,1.4863463623543332,1.1496474301316937,84.60482231963967,83.96802673339843,83.3312311471572,2.4798202514648438,1.3208860665535904,1.0836160610883638,7.142857142857143,71.42857142857143,64.28571428571429,0.3057813199493089,0.0018122540790042052,1.013776603202174,1.0042006710887357,0.1451310861423221,0.051962300665147926,1.1333205652025877,0.10739311865207464,1.0,0.48385130553375644,2.804166221557526,2.5240562546262026,4634789.438072721,7752414.16920251,-1742062.063501531,-5797354.080177226,4184994.7249555225,3974376.5656387387,212998.02552375276,3974376.5656387387,8115343.765765329,9671776.265123254,75566701.73679285,75566701.73679285,8154975.677709989,8115343.765765329,8115343.765765329,8115343.765765329,8115343.765765329,8115343.765765329,8115343.765765329,8115343.765765329,0.03022430082851017,0.02998631420781324,3215199.2456155308,3191400.5835458376,3189020.7173388684,3189020.7173388684,25447909.351122774,25447909.351122774,156177529.89925712,100260193.50030635,55917336.398950785,55694818.90859915,55694818.90859915,99035752.33682065,116971614.00564481,-48559980.020105176,-48559980.020105176,63372267.29228213,45436405.62345797,0.0024631615242132303,-10345.278401695568,84.03833770751953,2023-05-09,0,0,0,1,0,0,0,0,0,0,0,-0.8035716150042764,0
84.17705078125,83.87586288452148,82.53238906860352,76.61365661621093,84.13589020431594,83.63134510773838,82.30624189750951,78.8845607571335,70.36603819194205,65.69340013201726,66.7639596075479,1.9554032547743248,2.120272714807239,-0.16486946003291436,44.91969465185442,85.42335144459837,-9.85022799884449,58.53874797207804,4.75405789961163,1.2447116584970737,1.4716399753539824,1.187653137475067,84.79357134205377,84.17705078125,83.56053022044624,3.8384933471679688,1.4578049138680687,1.1986494308862916,0.0,100.0,100.0,0.39199829101562295,0.006444260514660183,1.0141675161786308,1.0055348228908383,0.1451310861423221,0.051962300665147926,1.1333205652025877,0.10739311865207464,1.0,0.48385130553375644,2.804166221557526,2.5240562546262026,4605112.890904313,7702775.477340591,-1730907.6437185917,-5760233.63401433,4158198.2124032015,3948928.6407241095,211634.19960766935,3948928.6407241095,8063381.236448631,9609847.901738193,75082848.30215107,75082848.30215107,8102759.3853432285,8063381.236448631,8063381.236448631,8063381.236448631,8063381.236448631,8063381.236448631,8063381.236448631,8063381.236448631,0.03003077469293185,0.02979431190007412,3194612.3315079473,3170966.052222174,3168601.4242935968,3168601.4242935968,25284966.44027719,25284966.44027719,155177525.49892175,99618227.68906926,55559297.8098525,55338205.09853052,55338205.09853052,98401626.61981623,116222645.00353913,-48249050.568655744,-48249050.568655744,62966494.79612093,45145476.412398025,0.0024473899060775167,-10279.037605525571,84.57990264892578,2023-05-10,0,0,0,1,0,0,0,0,0,0,0,-1.1227707019727573,0
84.41268005371094,84.07633743286132,82.67680702209472,76.93429565429688,84.43907878041635,83.88845616680726,82.56711942466262,79.12616448950541,71.98710917700917,78.76539465257217,71.06223636986276,1.9420199816555623,2.084622168176904,-0.1426021865213416,45.314514056517076,97.54550848895302,-2.28691579259366,60.272264382701245,2.414171883349181,1.2263842644057672,1.442033852317107,0.9881281412187803,85.24006345762291,84.41268005371094,83.58529664979898,2.0047454833984375,1.5963131756760878,1.31531118735289,21.42857142857143,100.0,78.57142857142857,0.5576935773759376,0.005504301484287932,1.0117408093703915,1.0065220041500544,0.1451310861423221,0.051962300665147926,1.1333205652025877,0.10739311865207464,1.0,0.48385130553375644,2.804166221557526,2.5240562546262026,4579903.7200600915,7660609.174888702,-1721432.3610187352,-5728701.135849234,4135435.5284855817,3927311.5340181524,210475.67802073332,3927311.5340181524,8019240.916767605,9557241.960628606,74671832.02629425,74671832.02629425,8058403.502980781,8019240.916767605,8019240.916767605,8019240.916767605,8019240.916767605,8019240.916767605,8019240.916767605,8019240.916767605,0.029866381126964395,0.029631212771633966,3177124.4805140863,3153607.6449810434,3151255.9614277394,3151255.9614277394,25146552.235482696,25146552.235482696,154328057.3438169,99072900.57537949,55255156.76843743,55035274.35620348,55035274.35620348,97862959.38720444,115586422.48668216,-47984927.06339724,-47984927.06339724,62621805.4991631,44898342.39968537,0.002433992477669933,-10222.768406213718,85.04545593261719,2023-05-11,0,0,0,1,0,0,0,0,0,0,0,-3.7290669357476465,0
84.66541290283203,84.30721664428711,82.92811393737793,77.26824295043946,84.8850704646135,84.2318375606619,82.87282746355264,79.38698367944669,74.36070182640228,90.73343065364294,78.39740847941077,1.9677643154921753,2.061250597639958,-0.09348628214778287,46.01913175389818,141.78829265487252,-0.5454323629955934,69.24368852152855,2.766071877760412,1.2039365801150848,1.4035648536716223,0.9121166843362118,86.0475006151488,84.66541290283203,83.28332519051526,2.3087921142578125,1.8634540518028673,1.5390767317551877,14.285714285714286,100.0,85.71428571428572,0.9479134380786587,0.008602433749902882,1.0107442540667833,1.0101823431212733,0.1451310861423221,0.051962300665147926,1.1333205652025877,0.10739311865207464,1.0,0.48385130553375644,2.804166221557526,2.5240562546262026,4540841.432468467,7595271.356234162,-1706750.1558751825,-5679840.68266659,4100164.1381236454,3893815.2463272605,208680.5176923891,3893815.2463272605,7950844.305374825,9475727.641361669,74034951.26287805,74034951.26287805,7989672.871420986,7950844.305374825,7950844.305374825,7950844.305374825,7950844.305374825,7950844.305374825,7950844.305374825,7950844.305374825,0.029611648879255215,0.02937848628965478,3150026.5855018734,3126710.3265418303,3124378.700645826,3124378.700645826,24932075.70597449,24932075.70597449,153011783.61233732,98227901.55981916,54783882.05251815,54565875.031241745,54565875.031241745,97028280.03632492,114600578.60156168,-47575660.59502071,-47575660.59502071,62087700.17175177,44515401.606515005,0.0024132328023644995,-10135.577769930898,85.77705383300781,2023-05-12,0,0,0,1,0,0,0,0,0,0,0,-3.2260247959391517,0
85.1518768310547,84.53904800415039,83.18132209777832,77.61566970825196,85.36292498747672,84.61125510112394,83.20099951780507,79.65881310508419,75.98303971524743,94.35472864207965,87.95118464943157,2.0087126919838454,2.0507430165087355,-0.042030324524890084,47.03715773681762,173.5881680748879,-5.031433045601122,69.96179674617802,2.7598866130976285,1.2299199451243144,1.4248602968522606,1.5677036902443007,86.7842047159654,85.1518768310547,83.51954894614398,2.3183135986328125,1.9663540948367153,1.6276934208014069,7.142857142857143,100.0,92.85714285714286,0.3272729794838802,0.006313812097693106,1.0184316531250308,1.0059794145734196,0.1451310861423221,0.051962300665147926,1.1333205652025877,0.10739311865207464,1.0,0.48385130553375644,2.804166221557526,2.5240562546262026,4512351.294277616,7547617.119953445,-1696041.6674768755,-5644204.237668946,4074438.8965274394,3869384.6785333087,207371.21480762344,3869384.6785333087,7900959.134011127,9416275.05003555,73570441.32043646,73570441.32043646,7939544.081946227,7900959.134011127,7900959.134011127,7900959.134011127,7900959.134011127,7900959.134011127,7900959.134011127,7900959.134011127,0.029425859531361093,0.02919415985001179,3130262.695029042,3107092.726894112,3104775.730080619,3104775.730080619,24775646.92668064,24775646.92668064,152051757.38707134,97611600.25723982,54440157.12983151,54223517.927769914,54223517.927769914,96419505.39669767,113881551.88158765,-47277161.4809179,-47277161.4809179,61698149.648098335,44236103.16320834,0.002398091701965254,-10071.985148254067,86.31863403320312,2023-05-15,0,0,0,1,0,0,0,0,0,0,0,-4.750981884674114,0
85.38940734863282,84.67871704101563,83.39747543334961,77.93500183105469,85.3172800901212,84.72302513644871,83.39385578233889,79.87713377921462,66.799522917659,79.73648150352436,88.27488026641562,1.9307409771948585,2.02674260864596,-0.09600163145110141,47.77458153948003,111.03631964573458,-23.333378233856596,62.84724285045071,1.6661124092323787,1.2411527640616786,1.4563078231882052,1.3871794102474126,86.59407746011505,85.38940734863282,84.18473723715059,1.3966903686523438,1.943038923082017,1.6115534855769198,0.0,92.85714285714286,92.85714285714286,-0.7539706087156574,-0.012658260293746948,1.0140955604075816,0.989520082055757,0.1451310861423221,0.051962300665147926,1.1333205652025877,0.10739311865207464,1.0,0.48385130553375644,2.804166221557526,2.5240562546262026,4570202.102080784,7644381.693210863,-1717785.8478681047,-5716566.018315168,4126675.4282459863,3918992.303196359,210029.82702758932,3918992.303196359,8002253.744850051,9536996.838437127,74513654.55523497,74513654.55523497,8041333.37288905,8002253.744850051,8002253.744850051,8002253.744850051,8002253.744850051,8002253.744850051,8002253.744850051,8002253.744850051,0.029803115120116026,0.029568444922319834,3170394.372226516,3146927.352446897,3144580.650468935,3144580.650468935,25093284.250346508,25093284.250346508,154001143.95276016,98863034.27856755,55138109.67419261,54918693.03925317,54918693.03925317,97655656.11090615,115341575.56781596,-47883280.50932342,-47883280.50932342,62489153.62015823,44803234.163248435,0.002428836547190558,-10201.113498200342,85.22599029541016,2023-05-16,0,0,0,1,0,0,0,0,0,0,0,-3.2050425303030474,0
85.34380187988282,84.7604263305664,83.56469688415527,78.25765884399414,84.9954784951394,84.65554334894455,83.48509573689478,80.05261383905624,60.499806276573096,54.357562508172286,76.14959088459209,1.7779193099518125,1.9769779489071304,-0.19905863895531795,46.60893278104775,14.219378867959092,-60.20154496469804,59.07562520256947,0.978146913103406,1.2828013866331174,1.5207739981975308,1.824233480061821,86.6779122757124,85.34380187988282,84.00969148405323,0.8170928955078125,1.8585350149475024,1.543279452201645,0.0,85.71428571428572,85.71428571428572,-0.5208338300391802,-0.01025643688274569,1.021798343880919,0.9888616616886099,0.1451310861423221,0.051962300665147926,1.1333205652025877,0.10739311865207464,1.0,0.48385130553375644,2.804166221557526,2.5240562546262026,4617561.833579063,7723598.291596303,-1735586.7841745184,-5775805.199793889,4169439.0163536756,3959603.72892274,212206.30762789535,3959603.72892274,8085178.871632661,9635826.080444321,75285818.80396365,75285818.80396365,8124663.470972631,8085178.871632661,8085178.871632661,8085178.871632661,8085178.871632661,8085178.871632661,8085178.871632661,8085178.871632661,0.030111956501388502,0.02987485448169253,3203248.2860925877,3179538.0841229907,3177167.063926031,3177167.063926031,25353318.966090333,25353318.966090333,155597014.91538343,99887524.36761776,55709490.54776569,55487800.159349956,55487800.159349956,98667634.47628197,116536828.19066894,-48379481.608864695,-48379481.608864695,63136711.31474202,45267517.60035506,0.0024540059038533147,-10306.824796183922,84.35187530517578,2023-05-17,0,0,0,1,0,0,0,0,0,0,0,-1.7493943878752214,0
85.16707916259766,84.7898796081543,83.71576652526855,78.56497634887695,84.7175997788234,84.56577953026216,83.54954779492303,80.21376005502232,59.19284737119032,30.905067393512514,54.99970380173638,1.6227667213956636,1.906135703404837,-0.2833689820091734,45.33970847134945,-47.3634837401158,-65.73636612871549,60.83945992478483,0.3511890120094785,1.2488594273822826,1.483878432990123,0.8076139571214327,86.81065492935384,85.16707916259766,83.52350339584147,0.29453277587890625,1.7714295843985226,1.4726906800881352,0.0,78.57142857142857,78.57142857142857,0.30487816224565784,-0.002252859919199879,1.0093255964059853,1.0028302954241772,0.1451310861423221,0.051962300665147926,1.1333205652025877,0.10739311865207464,1.0,0.48385130553375644,2.804166221557526,2.5240562546262026,4627988.042346202,7741037.765310784,-1739505.6467252474,-5788846.660413529,4178853.387658945,3968544.3033212614,212685.45817200773,3968544.3033212614,8103434.7750452105,9657583.262693178,75455810.17437625,75455810.17437625,8143008.52850821,8103434.7750452105,8103434.7750452105,8103434.7750452105,8103434.7750452105,8103434.7750452105,8103434.7750452105,8103434.7750452105,0.030179947695916177,0.029942310312483768,3210481.0501718707,3186717.3118286296,3184340.9379943055,3184340.9379943055,25410565.410427693,25410565.410427693,155948344.69060245,100113065.0793232,55835279.61127926,55613088.65776995,55613088.65776995,98890420.74156345,116799962.1439471,-48488719.902466275,-48488719.902466275,63279270.64729953,45369729.24491588,0.0024595469185254523,-10330.0970578069,84.1618423461914,2023-05-18,0,0,0,1,0,0,0,0,0,0,0,-2.6049152494896095,0
84.90864562988281,84.78702926635742,83.86968612670898,78.89275268554688,84.64002857569346,84.55107164647515,83.6386276401145,80.38125519676395,60.74529466318208,24.423603182706767,36.56207769479718,1.5084852351057947,1.8266056097450285,-0.3181203746392338,44.62918230179928,1.3578849150253458,-57.10687051353258,59.58456093050197,-0.03372651139411653,1.2336287530564447,1.4601768540972104,1.0356299868205525,86.49257879856424,84.90864562988281,83.32471246120139,-0.02850341796875,1.7570817604992925,1.462335635454238,21.42857142857143,71.42857142857143,50.0,0.30275499062071665,0.0038383644444637266,1.0123344608352722,1.0037250462207497,0.1451310861423221,0.051962300665147926,1.1333205652025877,0.10739311865207464,1.0,0.48385130553375644,2.804166221557526,2.5240562546262026,4610292.061219822,7711438.454132769,-1732854.320314716,-5766711.918424383,4162874.757204137,3953369.8291333,211872.21539367086,3953369.8291333,8072449.770865002,9620655.679998642,75167290.71829647,75167290.71829647,8111872.206652162,8072449.770865002,8072449.770865002,8072449.770865002,8072449.770865002,8072449.770865002,8072449.770865002,8072449.770865002,0.030064548999995756,0.029827820267712326,3198205.173149155,3174532.299920812,3172165.012597977,3172165.012597977,25313403.343067292,25313403.343067292,155352046.91734028,99730263.98002529,55621782.93731498,55400441.57262997,55400441.57262997,98512294.65242703,116353355.56096783,-48303314.17877271,-48303314.17877271,63037310.47609346,45196249.56755268,0.002450142379133512,-10290.597992360752,84.4848861694336,2023-05-19,0,0,0,1,0,0,0,0,0,0,0,-3.0677097598676784,0
84.31386871337891,84.7328727722168,83.9884521484375,79.21758743286132,84.20826886735684,84.33174033814942,83.61063924112109,80.49747065770197,53.07131575725311,21.73148318746898,25.686717921229416,1.310806665888876,1.723445820973798,-0.412639155084922,42.63106028258055,-103.36661142502558,-87.34177480990745,53.26774260845908,-0.6455939152064105,1.266313623749262,1.5193682050703865,1.6912169427558865,85.52216053685508,84.31386871337891,83.10557688990274,-0.54156494140625,1.5829894503904813,1.319026115613113,100.0,64.28571428571429,-35.714285714285715,-0.5224724398648997,-0.013495156002973907,1.0204081489840011,0.9895093029986661,0.1451310861423221,0.051962300665147926,1.1333205652025877,0.10739311865207464,1.0,0.48385130553375644,2.804166221557526,2.5240562546262026,4673359.780515907,7816929.132236493,-1756559.362946159,-5845599.191443775,4219821.912214235,4007451.005628532,214770.57784655906,4007451.005628532,8182878.999516943,9752264.004116379,76195561.71031135,76195561.71031135,8222840.725023967,8182878.999516943,8182878.999516943,8182878.999516943,8182878.999516943,8182878.999516943,8182878.999516943,8182878.999516943,0.030475825012863687,0.030235857886778145,3241955.873415657,3217959.1608071025,3215559.4895462473,3215559.4895462473,25659684.792326882,25659684.792326882,157477226.65800574,101094550.71294707,56382675.94505867,56158306.68216869,56158306.68216869,99859919.84923697,117945042.30667375,-48964092.24212418,-48964092.24212418,63899646.16968824,45814523.712251455,0.0024836597549853473,-10431.37097093846,83.3447494506836,2023-05-22,0,0,0,1,0,0,0,0,0,0,0,-2.5547769655212944,0
83.85591125488281,84.6226593017578,84.05733642578124,79.51212005615234,83.78424691254779,84.07800627720037,83.5464072184362,80.59310722025992,50.60433983329469,19.331530729126285,21.82887236643401,1.1084017264720245,1.6004370020734433,-0.4920352756014188,40.43392612987043,-152.03372636165287,-90.65416009122912,51.070556239572596,-1.311466569490738,1.2362632604783226,1.4906195554125525,0.8456085379561102,85.06994033978324,83.85591125488281,82.64188216998238,-1.1021347045898438,1.346583574387117,1.1229118934044493,100.0,57.142857142857146,-42.85714285714286,-0.5505597750612978,-0.004901885846998022,1.0102428288168968,0.994417887097475,0.1451310861423221,0.051962300665147926,1.1333205652025877,0.10739311865207464,1.0,0.48385130553375644,2.804166221557526,2.5240562546262026,4696380.903599373,7855435.580731686,-1765212.2318021778,-5874394.804194133,4240608.892929139,4027191.8403137117,215828.54473537556,4027191.8403137117,8223188.129023807,9800303.975470016,76570903.53865936,76570903.53865936,8263346.7072973065,8223188.129023807,8223188.129023807,8223188.129023807,8223188.129023807,8223188.129023807,8223188.129023807,8223188.129023807,0.030625949923343797,0.030384800711348962,3257925.8540501944,3233810.932850711,3231399.4407307627,3231399.4407307627,25786085.238607496,25786085.238607496,158252964.6255492,101592545.77524324,56660418.850305974,56434944.337090805,56434944.337090805,100351833.07952982,118526043.44152041,-49205290.961485706,-49205290.961485706,64214417.916044116,46040207.55405352,0.002495894344146522,-10482.756245415392,82.93620300292969,2023-05-23,0,0,0,1,0,0,0,0,0,0,0,-2.212855685980571,0
83.64878540039062,84.49629364013671,84.1860782623291,79.81955001831055,83.62824661927014,83.93950441456664,83.52448710551036,80.6998969776111,52.80221339505733,21.85039265463081,20.97113552374202,0.9675078221656435,1.4738511660918834,-0.5063433439262399,38.8033301571305,-120.93007675434797,-76.14873350178797,49.61974433379671,-1.4940388634119395,1.263331072732846,1.5163082026484824,1.6152126320416471,84.80570748543158,83.64878540039062,82.49186331534966,-1.2636566162109375,1.1769963307672524,0.9825861026079252,100.0,50.0,-50.0,0.24117797534365712,0.004582353857840893,1.0196305381938862,1.0046975672301066,0.1451310861423221,0.051962300665147926,1.1333205652025877,0.10739311865207464,1.0,0.48385130553375644,2.804166221557526,2.5240562546262026,4674958.589073486,7819603.3909663055,-1757160.3015156826,-5847599.036191533,4221265.560403453,4008821.999359549,214844.0532590896,4008821.999359549,8185678.453782073,9755600.362513298,76221629.06267309,76221629.06267309,8225653.850641554,8185678.453782073,8185678.453782073,8185678.453782073,8185678.453782073,8185678.453782073,8185678.453782073,8185678.453782073,0.030486251132854053,0.030246201911335518,3243064.9827154195,3219060.0605635657,3216659.5683483807,3216659.5683483807,25668463.25697704,25668463.25697704,157531101.37543157,101129136.28743638,56401965.08799519,56177519.06587535,56177519.06587535,99894083.0427235,117985392.62246796,-48980843.40474965,-48980843.40474965,63921506.95206332,45830197.372318864,0.002484509442716846,-10434.939659410753,83.31624603271484,2023-05-24,0,0,0,1,0,0,0,0,0,0,0,-4.159626725218712,0
83.38845367431641,84.27776641845703,84.17705192565919,80.09742965698243,83.37222565145353,83.74326428752185,83.46122011601607,80.7846141045997,49.93103248191472,24.100885973904337,21.760936452553807,0.8097140904107647,1.3410237509556597,-0.531309660544895,37.28920532530058,-122.88487328518366,-86.65208607357772,50.721127760042705,-2.569534365866999,1.2334937660293963,1.488644739504588,0.8456087788845537,84.5522021137423,83.38845367431641,82.22470523489052,-2.185272216796875,0.9732025986027747,0.8131474715012814,92.85714285714286,42.85714285714286,-50.0,0.09091145539824791,-0.00547387020672363,1.0101382168488315,1.0009181892984802,0.1451310861423221,0.051962300665147926,1.1333205652025877,0.10739311865207464,1.0,0.48385130553375644,2.804166221557526,2.5240562546262026,4700689.55357184,7862642.475358289,-1766831.7089676952,-5879784.211810527,4244499.39920723,4030886.549147611,216026.55458006656,4030886.549147611,8230732.414726559,9809295.171099335,76641152.78551468,76641152.78551468,8270927.836105574,8230732.414726559,8230732.414726559,8230732.414726559,8230732.414726559,8230732.414726559,8230732.414726559,8230732.414726559,0.030654047409685425,0.030412676957640657,3260914.807124804,3236777.761920327,3234364.057399879,3234364.057399879,25809742.437146947,25809742.437146947,158398152.3021182,101685750.88967972,56712401.41243848,56486720.03977662,56486720.03977662,100443899.91390939,118634784.03226326,-49250433.88747451,-49250433.88747451,64273330.822740816,46082446.704386935,0.0024981841786633394,-10492.373550386026,82.86018371582031,2023-05-25,0,0,0,1,0,0,0,0,0,0,0,-5.141137961355905,0
83.0103042602539,83.95947494506837,84.13334579467774,80.36374633789063,83.11286346734272,83.53433243508535,83.37864097154987,80.85557586909073,48.28170829485875,29.677535409968556,25.20960467950123,0.6556360794084526,1.2039462166462183,-0.5483101372377657,35.06856797574709,-133.02021319573126,-82.97456754860015,54.743438111725986,-3.7106832091520325,1.229541138090321,1.4886542211121672,1.1781569748823415,83.58068979238506,83.0103042602539,82.43991872812275,-3.1829147338867188,0.7077601808722556,0.5917560381766975,100.0,35.714285714285715,-64.28571428571429,0.11290223343383113,-0.003210765469838339,1.0144086164111241,1.0016130820160343,0.1451310861423221,0.051962300665147926,1.1333205652025877,0.10739311865207464,1.0,0.48385130553375644,2.804166221557526,2.5240562546262026,4715830.980846737,7887968.893508726,-1772522.8641744857,-5898723.629957715,4258171.388867258,4043870.468813376,216722.39937652522,4043870.468813376,8257244.490211744,9840891.967220096,76888022.19221361,76888022.19221361,8297569.385371713,8257244.490211744,8257244.490211744,8257244.490211744,8257244.490211744,8257244.490211744,8257244.490211744,8257244.490211744,0.0307527873975628,0.030510639465298525,3271418.564890342,3247203.7716639144,3244782.292341272,3244782.292341272,25892878.39701882,25892878.39701882,158908369.8087685,102013291.64395468,56895078.164813824,56668669.84814672,56668669.84814672,100767440.53245498,119016919.447552,-49409074.83886379,-49409074.83886379,64480362.142992206,46230883.22789519,0.0025062310989352357,-10526.170615527992,82.5941390991211,2023-05-26,0,0,0,1,0,0,0,0,0,0,0,-5.6445083536251754,0
82.57324676513672,83.44355773925781,83.99130287170411,80.6132861328125,82.46172963659437,83.10253780599668,83.16729059093538,80.86749297128708,40.51051626849097,20.67719995925478,24.81854044770922,0.4130008748046663,1.0457571482779078,-0.6327562734732415,33.05895923949801,-162.4827749225855,-94.10801696957432,48.471373597876436,-5.976892609446249,1.268625471293944,1.5631270099883108,1.77672180294104,84.06061810491904,82.57324676513672,81.08587542535439,-5.159172058105469,0.33184670442669795,0.27742444551907397,100.0,28.571428571428573,-71.42857142857143,-0.5274005173359829,-0.01737020495245656,1.017164344302584,0.9910661996675959,0.1451310861423221,0.051962300665147926,1.1333205652025877,0.10739311865207464,1.0,0.48385130553375644,2.804166221557526,2.5240562546262026,4799193.963601079,8027406.591235181,-1803856.2163573762,-6002996.916730285,4333444.2028202815,4115355.029121336,220553.45814752072,4115355.029121336,8403209.969642969,10014851.999011444,78247191.95339835,78247191.95339835,8444247.698565098,8403209.969642969,8403209.969642969,8403209.969642969,8403209.969642969,8403209.969642969,8403209.969642969,8403209.969642969,0.03129641249691076,0.031049984052053198,3329248.2900257036,3304605.445539947,3302141.1610913714,3302141.1610913714,26350593.60861943,26350593.60861943,161717434.79555276,103816607.3918193,57900827.403733484,57670416.80779166,57670416.80779166,102548733.04302712,121120812.78971751,-50282492.03096186,-50282492.03096186,65620198.43889671,47048118.692206316,0.0025505344042757983,-10712.244497958352,81.15946197509766,2023-05-30,0,0,0,1,0,0,0,0,0,0,0,-4.75274196109265,0
82.27680816650391,83.06635971069336,83.87253837585449,80.85623291015625,82.12582309431812,82.80280547940922,83.00412101177636,80.8904936394627,42.55481920497977,22.701352228990697,24.352029199404672,0.24169221442132027,0.8849441615065903,-0.64325194708527,31.448297116535635,-129.51614468360458,-84.86736920438294,48.7298850446662,-4.425856798577643,1.3008464739670644,1.5970318389617704,1.7197195087176311,83.93739031701027,82.27680816650391,80.61622601599755,-3.7719802856445312,-0.12134461894121142,-0.10146693694285602,100.0,21.42857142857143,-78.57142857142857,0.0662999494183106,0.0036292507059538792,1.0213543831167515,1.0014017374807438,0.1451310861423221,0.051962300665147926,1.1333205652025877,0.10739311865207464,1.0,0.48385130553375644,2.804166221557526,2.5240562546262026,4781839.4693312505,7998378.470524543,-1797333.2434148781,-5981289.318249512,4317773.918777409,4100473.38320061,219755.90886015244,4100473.38320061,8372822.896235976,9978637.023549268,77964240.17968705,77964240.17968705,8413712.227523664,8372822.896235976,8372822.896235976,8372822.896235976,8372822.896235976,8372822.896235976,8372822.896235976,8372822.896235976,0.031183240698591467,0.0309377033702561,3317209.305810793,3292655.572977256,3290200.1996939024,3290200.1996939024,26255306.51890067,26255306.51890067,161132644.03344217,103441193.3677646,57691450.66567756,57461873.263684,57461873.263684,102177903.81347916,120682824.563474,-50100664.160189725,-50100664.160189725,65382907.4757829,46877986.72578805,0.0025413113482710367,-10673.507662738353,81.45401000976562,2023-05-31,0,0,0,1,0,0,0,0,0,0,0,-4.523010694676265,0
82.255908203125,82.95234680175781,83.85638656616212,81.14360305786133,82.48779746815218,82.87715834057487,83.02389484073294,80.98152315226105,52.94637143690421,45.029400564401065,29.469317584215514,0.24493997312909244,0.7569433238310908,-0.5120033507019983,29.449849997579783,-43.68434008925462,-56.00604687855488,56.94248373425436,-1.3516345490015569,1.336196153197405,1.6057782872766653,1.7957419831918315,83.86548215525735,82.255908203125,80.64633425099265,-1.1401290893554688,-0.5066297740851388,-0.4239599765875397,92.85714285714286,14.285714285714286,-78.57142857142857,0.9435427305728276,0.021579492597650463,1.0143552388584383,1.013540077761371,0.1451310861423221,0.051962300665147926,1.1333205652025877,0.10739311865207464,1.0,0.48385130553375644,2.804166221557526,2.5240562546262026,4680829.542860234,7829423.484399082,-1759366.9963407915,-5854942.627166896,4226566.752821423,4013856.3987556305,215113.86089139458,4013856.3987556305,8195958.275303413,9767851.739247235,76317350.47993304,76317350.47993304,8235983.874470167,8195958.275303413,8195958.275303413,8195958.275303413,8195958.275303413,8195958.275303413,8195958.275303413,8195958.275303413,0.03052453668514761,0.030284186002587393,3247137.721388537,3223102.6531325155,3220699.1463069133,3220699.1463069133,25700698.48616405,25700698.48616405,157728933.67672986,101256137.30238119,56472796.374348685,56248068.48615488,56248068.48615488,100019533.04060887,118133562.23175965,-49042355.02299956,-49042355.02299956,64001781.50554749,45887752.31439671,0.00248762956449825,-10448.04417089265,83.21174621582031,2023-06-01,0,0,0,1,0,0,0,0,0,0,0,-5.943367077024919,0
82.49343872070312,82.94094619750976,83.86541290283203,81.46055740356445,83.00781041333843,83.09000887932687,83.12141307530227,81.10177072682771,56.936780174249954,73.95354798908254,47.22810026082476,0.3113898198899392,0.6678326230428604,-0.3564428031529212,28.329391522743755,16.846298648960456,-42.27778353794616,59.925458390367105,-0.1354604881527166,1.3140488600962479,1.563453525856238,1.0261340497812057,84.64790646430052,82.49343872070312,80.33897097710573,-0.11400604248046875,-0.7747441117758774,-0.6493097452016912,85.71428571428572,7.142857142857143,-78.57142857142857,0.92592435609432,0.010047741165317259,1.0123485232375953,1.0114337984274862,0.1451310861423221,0.051962300665147926,1.1333205652025877,0.10739311865207464,1.0,0.48385130553375644,2.804166221557526,2.5240562546262026,4634265.641206073,7751538.036574471,-1741865.1858089063,-5796698.897036197,4184521.761263609,3973927.404782614,212973.95372936764,3973927.404782614,8114426.616951326,9670683.217387153,75558161.62895806,75558161.62895806,8154054.049928479,8114426.616951326,8114426.616951326,8114426.616951326,8114426.616951326,8114426.616951326,8114426.616951326,8114426.616951326,0.030220885054334852,0.02998292532949757,3214835.8825516836,3191039.9100679555,3188660.312819583,3188660.312819583,25445033.376850594,25445033.376850594,156159879.62584233,100248862.67807446,55911016.94776785,55688524.60504499,55688524.60504499,99024559.89378665,116958394.55614844,-48554492.054423265,-48554492.054423265,63365105.328295715,45431270.66593394,0.0024628831520658715,-10344.109238676661,84.04783630371094,2023-06-02,0,0,0,1,0,0,0,0,0,0,0,-5.97051573856165,0
82.8411849975586,82.92574462890624,83.85638694763183,81.80042572021485,83.44949710335844,83.3159837164308,83.23678997131142,81.22848052120302,58.23708047804499,92.31122562291175,70.43139139213177,0.3826408330264712,0.6107942650395826,-0.22815343201311133,28.014739326547147,77.85505322127456,-32.08844961262793,56.32039203896443,-0.1799324032114913,1.303663498668778,1.5458545300262418,1.1686538001116702,85.45971822832927,82.8411849975586,80.22265176678793,-0.15201568603515625,-0.8354376524642265,-0.7005919432028804,78.57142857142857,0.0,-78.57142857142857,0.29268262425644587,0.0033913327483829914,1.0139172142470962,1.0040724050241805,0.1451310861423221,0.051962300665147926,1.1333205652025877,0.10739311865207464,1.0,0.48385130553375644,2.804166221557526,2.5240562546262026,4618602.423555309,7725338.841967353,-1735977.9070821495,-5777106.805535678,4170378.619677541,3960496.0448458875,212254.12934952512,3960496.0448458875,8087000.9059428,9637997.560630951,75302784.82872398,75302784.82872398,8126494.403328919,8087000.9059428,8087000.9059428,8087000.9059428,8087000.9059428,8087000.9059428,8087000.9059428,8087000.9059428,0.030118742376971718,0.029881586925184542,3203970.1536447867,3180254.6084660687,3177883.053948197,3177883.053948197,25359032.459603038,25359032.459603038,155632079.45807722,99910034.50616166,55722044.951915555,55500304.60449454,55500304.60449454,98689869.70671663,116563090.33065736,-48390384.15991492,-48390384.15991492,63150939.47914893,45277718.855208196,0.0024545589259973013,-10309.147489188666,84.33287048339844,2023-06-05,0,0,0,1,0,0,0,0,0,0,0,-6.152522264534936,0
83.74000091552735,83.15662384033203,83.94474830627442,82.13511825561524,84.18417859055276,83.74099423434181,83.46695678975237,81.40201232683982,63.70548433471962,83.63582254618836,83.3001987193942,0.5394563759428337,0.5965266872202328,-0.057070311277399144,29.073486779854086,184.33006343054663,-29.450296203525753,53.36943452959394,2.770171041937042,1.4575765791340665,1.7017119812015604,3.458446625182816,86.51311500862462,83.74000091552735,80.96688682243007,2.3087921142578125,-0.7866413681682197,-0.6603328998272247,71.42857142857143,100.0,28.571428571428573,-0.5693934235283558,0.015660217350279337,1.0313651669031247,0.9825613245327401,0.1451310861423221,0.051962300665147926,1.1333205652025877,0.10739311865207464,1.0,0.48385130553375644,2.804166221557526,2.5240562546262026,4547389.318452012,7606223.725215625,-1709211.2868327973,-5688031.00372226,4106076.568163216,3899430.121599415,208981.43466056744,3899430.121599415,7962309.409972458,9489391.625257498,74141709.54256612,74141709.54256612,8001193.966747904,7962309.409972458,7962309.409972458,7962309.409972458,7962309.409972458,7962309.409972458,7962309.409972458,7962309.409972458,0.029654348828929682,0.02942085001925307,3154568.9187310236,3131219.0377633623,3128884.049666596,3128884.049666596,24968027.718720086,24968027.718720086,153232426.35622802,98369546.03461134,54862880.32161668,54644558.934569046,54644558.934569046,97168194.65882517,114765832.45010301,-47644264.62046423,-47644264.62046423,62177230.53473654,44579592.743458696,0.0024167126801529306,-10150.19325664231,85.6535415649414,2023-06-06,0,0,0,1,0,0,0,0,0,0,0,-8.535554403350346,0
84.69392242431641,83.48536529541016,84.05401229858398,82.45870254516602,84.86399157827215,84.19238029240893,83.72949591012937,81.59109488475634,65.78792171568443,75.20508549898767,83.71737788936258,0.7016460525347838,0.617550560283143,0.08409549225164081,28.948289168348435,126.32805185255572,-21.596849298059162,58.18910504426176,3.9637871421062343,1.535344581338623,1.7806543321871378,2.5463286099978575,86.885810774804,84.69392242431641,82.50203407382882,3.28741455078125,-0.7151712312028068,-0.6009500454633638,64.28571428571429,92.85714285714286,28.571428571428573,0.5597014288032379,0.006655603240145247,1.030344206458742,1.0168067226890756,0.1451310861423221,0.051962300665147926,1.1333205652025877,0.10739311865207464,1.0,0.48385130553375644,2.804166221557526,2.5240562546262026,4517323.803508596,7555934.4235836975,-1697910.6670954002,-5650424.023284692,4078928.8361847834,3873648.653072839,207599.73320360426,3873648.653072839,7909665.812561906,9426651.572507795,73651514.2854463,73651514.2854463,7948293.280238326,7909665.812561906,7909665.812561906,7909665.812561906,7909665.812561906,7909665.812561906,7909665.812561906,7909665.812561906,0.029458286164086862,0.029226331154920824,3133712.1738331774,3110516.6729165735,3108197.122824913,3108197.122824913,24802949.130124472,24802949.130124472,152219314.99016678,97719166.03651443,54500148.95365235,54283271.02008211,54283271.02008211,96525757.51435517,114007046.78015365,-47329259.84528428,-47329259.84528428,61766139.615778506,44284850.34998003,0.002400734344868496,-10083.084248447683,86.22361755371094,2023-06-07,0,0,0,1,0,0,0,0,0,0,0,-10.933582102626712,0
85.17848052978516,83.71719436645508,84.1067440032959,82.63582656860352,85.12083996656945,84.4545905561826,83.91092837041839,81.74966123214489,61.83949834830747,65.72985175048323,74.85691993188641,0.7737295686525556,0.6487863619570255,0.12494320669553005,28.832034243378903,112.08898509026267,-29.712109298124556,60.49354192015387,2.782519401484951,1.5193323730427881,1.774205163974419,1.3111736651969323,86.85643031977655,85.17848052978516,83.50053073979377,2.3182907104492188,-0.5702455540751814,-0.4795666230030662,57.142857142857146,85.71428571428572,28.571428571428573,-0.34782728881026065,-0.006832012240496899,1.015432844006608,0.9947025344476296,0.1451310861423221,0.051962300665147926,1.1333205652025877,0.10739311865207464,1.0,0.48385130553375644,2.804166221557526,2.5240562546262026,4548398.5178572545,7607911.769920413,-1709590.6110765135,-5689293.345057906,4106987.8272924167,3900295.519805707,209027.81378599448,3900295.519805707,7964076.480561354,9491497.60029365,74158163.76804234,74158163.76804234,8002969.666963344,7964076.480561354,7964076.480561354,7964076.480561354,7964076.480561354,7964076.480561354,7964076.480561354,7964076.480561354,0.029660930000917653,0.029427379370989167,3155269.0103338384,3131913.94734099,3129578.441041705,3129578.441041705,24973568.85825295,24973568.85825295,153266433.13741893,98391377.129422,54875056.00799694,54656686.169013806,54656686.169013806,97189759.13843994,114791302.36300024,-47654838.28375781,-47654838.28375781,62191029.490506746,44589486.26594644,0.002417249019759824,-10152.445882991262,85.63453674316406,2023-06-08,0,0,0,1,0,0,0,0,0,0,0,-10.287448025665766,0
85.59843444824219,84.04593658447266,84.16185150146484,82.82283401489258,85.46309527637833,84.76241152705778,84.12394527761627,81.92212965033514,63.873224436229236,61.412628102066925,67.4491884505126,0.862316420325115,0.6914923736306434,0.1708240466944716,28.805194107142025,113.24715528209457,-22.64399657284354,62.34055466107334,3.9674328884551135,1.492247496959536,1.732198453386029,1.140144107877262,86.95443902449176,85.59843444824219,84.24242987199261,3.2874221801757812,-0.37107782719532617,-0.3124429262601467,50.0,78.57142857142857,28.571428571428573,0.6500006357845002,0.005991381192039791,1.0133689496399623,1.0086772587005568,0.1451310861423221,0.051962300665147926,1.1333205652025877,0.10739311865207464,1.0,0.48385130553375644,2.804166221557526,2.5240562546262026,4521309.628386352,7562601.342474219,-1699408.8051239073,-5655409.630166446,4082527.846735507,3877066.5362799526,207782.90718386573,3877066.5362799526,7916644.843541699,9434969.103857322,73716500.1157061,73716500.1157061,7955306.393858269,7916644.843541699,7916644.843541699,7916644.843541699,7916644.843541699,7916644.843541699,7916644.843541699,7916644.843541699,0.029484278449554133,0.029252118776722996,3136477.179948632,3113261.2126655187,3110939.6159372074,3110939.6159372074,24824833.815833252,24824833.815833252,152353624.4970681,97805387.76866466,54548236.72840346,54331167.43430634,54331167.43430634,96610926.25194848,114107639.99486695,-47371020.442828916,-47371020.442828916,61820638.47983875,44323924.736920275,0.002402852613802246,-10091.980977969433,86.1476058959961,2023-06-09,0,0,0,1,0,0,0,0,0,0,0,-11.253851224354802,0
85.95377960205079,84.3974822998047,84.17847862243653,83.01267471313477,85.67859560173268,85.00735420440026,84.31305489426629,82.08634402688833,63.60279301678623,56.08802227688787,61.07683404314599,0.9188629972741893,0.7369664983593526,0.18189649891483672,28.80167595963702,97.64539924929952,-23.16762276204115,59.606246107413995,4.256303403200823,1.440629595444971,1.6730186392020459,0.7695968757556244,86.46502816218045,85.95377960205079,85.44253104192113,3.5154571533203125,-0.19683874323945166,-0.16590553674942043,42.85714285714286,71.42857142857143,28.571428571428573,-0.308642905583597,-0.00044121532060426016,1.008981012713909,0.9972491196351726,0.1451310861423221,0.051962300665147926,1.1333205652025877,0.10739311865207464,1.0,0.48385130553375644,2.804166221557526,2.5240562546262026,4523305.380019788,7565939.55091885,-1700158.9412962697,-5657905.984969553,4084329.915668702,3878777.9125201777,207874.62465302748,3878777.9125201777,7920139.3303555725,9439133.7943006,73749039.3217347,73749039.3217347,7958817.946270063,7920139.3303555725,7920139.3303555725,7920139.3303555725,7920139.3303555725,7920139.3303555725,7920139.3303555725,7920139.3303555725,0.029497293107189376,0.029265030956739067,3137861.6525836885,3114635.437538658,3112312.8160341545,3112312.8160341545,24835791.74765165,24835791.74765165,152420874.9222637,97848560.05245887,54572314.86980485,54355149.75913381,54355149.75913381,96653571.28839202,114158008.25707965,-47391930.48863351,-47391930.48863351,61847926.73266081,44343489.76397319,0.0024039132571607087,-10096.435680074977,86.1095962524414,2023-06-12,0,0,0,1,0,0,0,0,0,0,0,-11.19249209479915,0
85.98988342285156,84.86494216918945,84.15424995422363,83.1553907775879,85.73041729080356,85.15766447068118,84.45791258709286,82.233313306969,61.56781089338488,62.46791545637174,59.989521945108834,0.9307144512172272,0.7757160889309275,0.1549983622862997,28.843913344014478,80.48553118635571,-26.963439667475043,55.81342761696371,5.759770432290412,1.397449796834747,1.6280830546099787,0.8361124149018337,86.43205187711293,85.98988342285156,85.5477149685902,4.674598693847656,0.036903073822517826,0.031122501079849485,35.714285714285715,64.28571428571429,28.571428571428573,-0.10227666805381759,-0.0031998243574191676,1.0097561520242342,0.999004711191182,0.1451310861423221,0.051962300665147926,1.1333205652025877,0.10739311865207464,1.0,0.48385130553375644,2.804166221557526,2.5240562546262026,4537825.624984334,7590226.943972512,-1705616.6148849975,-5676068.406912369,4097441.00720665,3891229.1623742427,208541.92217514655,3891229.1623742427,7945563.73874022,9469434.32089157,73985780.82532224,73985780.82532224,7984366.516728854,7945563.73874022,7945563.73874022,7945563.73874022,7945563.73874022,7945563.73874022,7945563.73874022,7945563.73874022,0.029591982252786156,0.02935897451851225,3147934.49004048,3124633.7166130897,3122303.6392703503,3122303.6392703503,24915517.02590885,24915517.02590885,152910160.57857993,98162663.3335828,54747497.24499713,54529635.013451025,54529635.013451025,96963838.54074356,114524466.43429653,-47544063.1399193,-47544063.1399193,62046464.52112726,44485836.62757428,0.0024116300497349346,-10128.846208886727,85.83406066894531,2023-06-13,0,0,0,1,0,0,0,0,0,0,0,-10.262467910149663,0
86.0335906982422,85.3637565612793,84.21505813598633,83.28927230834961,85.96766283742373,85.39120800885989,84.64688795314726,82.39836588044723,64.2837931129863,71.37681720627216,63.31091831317725,0.9779022100707664,0.8161533131588953,0.1617488969118711,28.995898179244612,81.56790770125046,-18.586261469200007,57.8441298154284,6.123877658448484,1.360747841765317,1.5741716048130678,0.8836224258627254,86.58839265651066,86.0335906982422,85.47878873997372,4.9881439208984375,0.3002209892081005,0.2534888829940485,28.571428571428573,57.142857142857146,28.571428571428573,0.21591253912245018,0.007084521657015896,1.0097355598999898,1.0020927683609457,0.1451310861423221,0.051962300665147926,1.1333205652025877,0.10739311865207464,1.0,0.48385130553375644,2.804166221557526,2.5240562546262026,4505903.454377376,7536832.093778845,-1693618.1404899813,-5636139.057696167,4068616.8033492244,3863855.5937408046,207074.8955926958,3863855.5937408046,7889669.206380924,9402819.840097383,73465314.21572149,73465314.21572149,7928199.019077071,7889669.206380924,7889669.206380924,7889669.206380924,7889669.206380924,7889669.206380924,7889669.206380924,7889669.206380924,0.02938381200030432,0.029152443401876726,3125789.7647567824,3102652.9049140234,3100339.218929747,3100339.218929747,24740244.229862526,24740244.229862526,151834485.8751158,97472119.98856854,54362365.88654727,54146036.24701747,54146036.24701747,96281728.54965858,113718822.97015414,-47209605.66615823,-47209605.66615823,61609987.232291624,44172892.81179607,0.0023946649937255883,-10057.592973647472,86.44215393066406,2023-06-14,0,0,0,1,0,0,0,0,0,0,0,-9.73436705934769,0
86.38513641357422,85.78180847167968,84.36707763671875,83.42664505004883,86.44253033155722,85.75503661085341,84.90835246425935,82.59420507414829,68.07948308002968,84.678302957475,72.84101187337296,1.0795208532073133,0.8688268211685789,0.21069403203873438,29.585728829975988,97.22435097190122,-5.4973935006440335,65.66381653637356,5.0239531005168425,1.3436333366696533,1.537473976389603,1.121144770426028,87.46350081749696,86.38513641357422,85.30677200965147,4.180519104003906,0.7614337523848944,0.6438919458633734,21.42857142857143,50.0,28.571428571428573,0.5169495360941433,0.010991297023003943,1.0129841586799937,1.0066761583891315,0.1451310861423221,0.051962300665147926,1.1333205652025877,0.10739311865207464,1.0,0.48385130553375644,2.804166221557526,2.5240562546262026,4456916.165001219,7454893.148904478,-1675205.4597077754,-5574864.070830793,4024383.6077815886,3821848.52146446,204823.6183659097,3821848.52146446,7803894.286343598,9300594.246246446,72666613.87892231,72666613.87892231,7842005.21055195,7803894.286343598,7803894.286343598,7803894.286343598,7803894.286343598,7803894.286343598,7803894.286343598,7803894.286343598,0.029064357019520145,0.028835503814642033,3091806.797903285,3068921.4774154737,3066632.9453666927,3066632.9453666927,24471273.19761645,24471273.19761645,150183771.43523622,96412422.41707516,53771349.01816105,53557371.271600015,53557371.271600015,95234972.67797726,112482494.46361613,-46696352.18935423,-46696352.18935423,60940175.66096789,43692653.875329025,0.0023686306704884526,-9948.248816051502,87.39226531982422,2023-06-15,0,0,0,1,0,0,0,0,0,0,0,-11.8297160487867,0
86.76138305664062,86.1799087524414,84.56042747497558,83.57353393554688,86.97129992481419,86.16845524730336,85.20554166874209,82.80732797756711,70.35283896336611,86.64876251704906,80.90129422693207,1.19761518258575,0.9345844934520131,0.26303068913373684,30.730962663721215,121.86688940963195,-7.611273075736305,59.433144661563645,4.736591663385181,1.3372424725932848,1.5190958850452452,1.2541612396004922,88.40846954235666,86.76138305664062,85.1142965709246,3.9810028076171875,1.2505267573542027,1.0591429685935054,14.285714285714286,100.0,85.71428571428572,0.4545444036644237,0.007284097616353957,1.014350942016189,1.0065181798395348,0.1451310861423221,0.051962300665147926,1.1333205652025877,0.10739311865207464,1.0,0.48385130553375644,2.804166221557526,2.5240562546262026,4424686.317939601,7400983.661457382,-1663091.3400419964,-5534549.869320086,3995281.5866992497,3794211.1173089263,203342.45209529874,3794211.1173089263,7747461.023966131,9233337.713020045,72141130.83973154,72141130.83973154,7785296.351952086,7747461.023966131,7747461.023966131,7747461.023966131,7747461.023966131,7747461.023966131,7747461.023966131,7747461.023966131,0.028854180353187642,0.028626982082690103,3069448.6344217723,3046728.807372018,3044456.8246670426,3044456.8246670426,24294311.064302005,24294311.064302005,149097729.02265847,95715223.38655634,53382505.63610212,53170075.25318692,53170075.25318692,94546288.2848465,111669085.94089365,-46358671.10367065,-46358671.10367065,60499491.45943757,43376693.803390436,0.002351502099649544,-9876.308818528085,88.02883911132812,2023-06-16,0,0,0,1,0,0,0,0,0,0,0,-13.432314253037497,0
87.200341796875,86.57706069946289,84.75140266418457,83.70921173095704,87.41566326774722,86.55680701208698,85.50067007682506,83.02289903545127,71.30549032427483,81.09199878408963,84.13968808620456,1.2984724573228164,1.0073620862261738,0.2911103710966425,32.17933143369295,148.8102755495295,-13.80398553764134,55.374260446347314,4.709337471201902,1.3503115125981957,1.5291555870637017,1.5202090326620379,89.07303776411108,87.200341796875,85.32764582963891,3.9715194702148438,1.6012365951276717,1.3581863305507653,7.142857142857143,100.0,92.85714285714286,-0.2575730427997503,0.0031302337400664904,1.014204236419772,0.9963550992459267,0.1451310861423221,0.051962300665147926,1.1333205652025877,0.10739311865207464,1.0,0.48385130553375644,2.804166221557526,2.5240562546262026,4410879.234935049,7377889.1439285865,-1657901.7201399005,-5517279.4948918,3982814.446538272,3782371.4107016856,202707.92889688673,3782371.4107016856,7723285.3356244,9204525.397060867,71916016.89718878,71916016.89718878,7761002.599757582,7723285.3356244,7723285.3356244,7723285.3356244,7723285.3356244,7723285.3356244,7723285.3356244,7723285.3356244,0.02876414186581521,0.02853765255978517,3059870.5244658543,3037221.59386285,3034956.7008025497,3034956.7008025497,24218501.493792288,24218501.493792288,148632474.63568428,95416547.29086584,53215927.34481844,53004159.84368035,53004159.84368035,94251259.81134129,111320626.36029533,-46214010.44889972,-46214010.44889972,60310704.85620948,43241338.30725543,0.0023441643174109245,-9845.490133125884,88.30438995361328,2023-06-20,0,0,0,1,0,0,0,0,0,0,0,-13.118778583427515,0
87.76471252441407,86.8772979736328,85.01696090698242,83.86237121582032,87.8290802807117,86.938462883824,85.80116952728369,83.24380159510577,72.51867497386766,74.13372107535032,80.62482745882966,1.390736111477139,1.084036891276367,0.3066992202007721,32.90732530473946,134.48291281172263,-11.944358301431485,55.401615626223524,3.5052523069613706,1.3427648303368953,1.5145800941069507,1.244657960939989,89.3250031004935,87.76471252441407,86.20442194833463,3.0023727416992188,1.9209143519684284,1.6314674279628747,0.0,92.85714285714286,92.85714285714286,0.412215207566521,0.003980825338491201,1.0141789973725286,1.005820857336074,0.1451310861423221,0.051962300665147926,1.1333205652025877,0.10739311865207464,1.0,0.48385130553375644,2.804166221557526,2.5240562546262026,4393389.9170314595,7348635.509489077,-1651328.071510669,-5495403.25437157,3967022.423157803,3767374.1522169635,201904.18360683726,3767374.1522169635,7692662.1910538,9168029.074616611,71630866.92710727,71630866.92710727,7730229.904680667,7692662.1910538,7692662.1910538,7692662.1910538,7692662.1910538,7692662.1910538,7692662.1910538,7692662.1910538,0.028650090858176908,0.028424499591577092,3047738.011763544,3025178.885103562,3022922.972437564,3022922.972437564,24122474.13751856,24122474.13751856,148043140.74979767,95038216.7495044,53004924.00029328,52793996.16602245,52793996.16602245,93877549.68284833,110879235.49014364,-46030769.9933599,-46030769.9933599,60071570.42653258,43069884.61923729,0.002334869609308118,-9806.452359094097,88.65591430664062,2023-06-21,0,0,0,1,0,0,0,0,0,0,0,-14.098447304494854,0
88.29107666015625,87.16233367919922,85.32384948730468,84.00754974365235,88.24404505693279,87.32673774301509,86.11286524938762,83.47243583095945,73.93034002127492,76.15481948203269,77.12684644715752,1.480523145446071,1.1633341421103078,0.31718900333576316,33.78003434663585,135.9202884961431,-7.363957731401773,54.1070853038826,3.3057729848652073,1.3031821608271659,1.4630335814048276,0.7886074572006834,89.43049521661094,88.29107666015625,87.15165810370156,2.8503570556640625,2.2585074284221753,1.9205848009158473,0.0,85.71428571428572,85.71428571428572,-0.1772142119037766,0.004715537660447522,1.0084627844503538,0.9985088998768928,0.1451310861423221,0.051962300665147926,1.1333205652025877,0.10739311865207464,1.0,0.48385130553375644,2.804166221557526,2.5240562546262026,4372769.955625235,7314145.381488679,-1643577.7188794208,-5469611.097254465,3948403.5773899746,3749692.3367877495,200956.56535479255,3749692.3367877495,7656557.406255225,9124999.79443438,71294674.20590001,71294674.20590001,7693948.799359731,7656557.406255225,7656557.406255225,7656557.406255225,7656557.406255225,7656557.406255225,7656557.406255225,7656557.406255225,0.028515624357607437,0.028291091882350683,3033433.740718712,3010980.493193037,3008735.1684404695,3008735.1684404695,24009257.579204433,24009257.579204433,147348314.22486687,94592163.83854054,52756150.38632632,52546212.52196126,52546212.52196126,93436944.25334455,110358834.25106962,-45814728.91376385,-45814728.91376385,59789630.17374406,42867740.17601899,0.0023239111189073776,-9760.426699410986,89.073974609375,2023-06-22,0,0,0,1,0,0,0,0,0,0,0,-14.362321740345955,0
88.63502044677735,87.51007843017578,85.61363639831544,84.15766891479493,88.53335812226508,87.65132801754501,86.39849563067735,83.69359459260535,74.0608038309833,78.63794487466929,76.30882847735074,1.537029161911022,1.2380731460704506,0.2989560158405713,34.7017660440299,117.87521476196943,-9.884664748400828,54.05448664646073,4.060800282245025,1.2704983199953006,1.425732274560513,0.8456083891810522,89.48231454781882,88.63502044677735,87.78772634573588,3.477447509765625,2.417412258339487,2.059327052189758,0.0,100.0,100.0,-0.5393214120390153,0.0004267199675480615,1.0095187100497158,0.9949082874230233,0.1451310861423221,0.051962300665147926,1.1333205652025877,0.10739311865207464,1.0,0.48385130553375644,2.804166221557526,2.5240562546262026,4370904.803269428,7311025.620872997,-1642876.6705998569,-5467278.100520835,3946719.4334014324,3748092.9506854657,200870.8497523049,3748092.9506854657,7653291.593914634,9121107.63568008,71264264.32134147,71264264.32134147,7690667.038170781,7653291.593914634,7653291.593914634,7653291.593914634,7653291.593914634,7653291.593914634,7653291.593914634,7653291.593914634,0.02850346136150025,0.02827902465786639,3032139.8660934516,3009696.1957300655,3007451.828693727,3007451.828693727,23999016.719568674,23999016.719568674,147285464.5762026,94551816.69039081,52733647.8858118,52523799.56791414,52523799.56791414,93397089.8501946,110311762.01956047,-45795187.19297101,-45795187.19297101,59764127.627142474,42849455.4577766,0.002322919882610453,-9756.263506963904,89.11198425292969,2023-06-23,0,0,0,1,0,0,0,0,0,0,0,-15.684156777612767,0
88.75663757324219,87.7590103149414,85.90247344970703,84.28726547241212,88.56788032939417,87.8305274222918,86.61167935572259,83.88745067696013,69.38698767483518,68.42236262595499,74.4050423275523,1.5258877705163059,1.2956360709596217,0.23025169955668412,34.633983215754355,73.26940959747972,-18.12187668213087,53.3209449186583,2.889597246221265,1.2530436023666878,1.4136812688285685,1.026132273194719,89.36060995984985,88.75663757324219,88.15266518663452,2.48931884765625,2.455273337612051,2.0956263908973085,14.285714285714286,92.85714285714286,78.57142857142857,-0.44230642262407555,-0.005331039514606339,1.0112177858461604,0.9950933430989582,0.1451310861423221,0.051962300665147926,1.1333205652025877,0.10739311865207464,1.0,0.48385130553375644,2.804166221557526,2.5240562546262026,4394331.15630395,7350209.880184912,-1651681.8518174537,-5496580.588835133,3967872.3175150175,3768181.2739551202,201947.4395323253,3768181.2739551202,7694310.265980216,9169993.231948268,71646213.11452691,71646213.11452691,7731886.028109062,7694310.265980216,7694310.265980216,7694310.265980216,7694310.265980216,7694310.265980216,7694310.265980216,7694310.265980216,0.02865622884983834,0.028430589252595517,3048390.9587505194,3025826.999026237,3023570.603053809,3023570.603053809,24127642.13317491,24127642.13317491,148074857.49261543,95058577.72444208,53016279.76817335,52805306.74475132,52805306.74475132,93897661.99662776,110902990.24283302,-46040631.61941153,-46040631.61941153,60084440.15180474,43079111.90559949,0.002335369831463203,-9808.553292145454,88.63692474365234,2023-06-26,0,0,0,1,0,0,0,0,0,0,0,-15.40453505085593,0
88.81554260253907,88.00794219970703,86.20271224975586,84.44422546386718,88.578225252962,87.97023427280195,86.80093990280592,84.0722139876714,69.01172398439735,54.36812397216399,67.1428104909294,1.4967376174247278,1.3358563802526429,0.1608812371720849,34.58238396763739,62.740203594725656,-18.7809383015094,50.89320779977381,2.890872743565631,1.234799358292205,1.3936957996575332,0.9976241853239287,89.27071532704568,88.81554260253907,88.36036987803246,2.48931884765625,2.539677576003291,2.172001276260758,7.142857142857143,85.71428571428572,78.57142857142857,-0.257140781108077,-0.0004288240331511428,1.0113243680817472,0.99711295281482,0.1451310861423221,0.051962300665147926,1.1333205652025877,0.10739311865207464,1.0,0.48385130553375644,2.804166221557526,2.5240562546262026,4396216.35953385,7353363.179040574,-1652390.436548795,-5498938.665891892,3969574.5664905137,3769797.8538749833,202034.07659988684,3769797.8538749833,7697611.186654906,9173927.23242391,71676949.9132727,71676949.9132727,7735203.0690863915,7697611.186654906,7697611.186654906,7697611.186654906,7697611.186654906,7697611.186654906,7697611.186654906,7697611.186654906,0.028668522601324724,0.028442786202889096,3049698.742865331,3027125.103021768,3024867.7390374118,3024867.7390374118,24137993.084721673,24137993.084721673,148138382.79138854,95099358.61495343,53039024.1764351,52827960.64389779,52827960.64389779,93937944.84500213,110950568.51310322,-46060383.418797664,-46060383.418797664,60110216.857431136,43097593.18933005,0.002336371723808747,-9812.761239996738,88.59891510009766,2023-06-27,0,0,0,1,0,0,0,0,0,0,0,-16.60713054010833,0
88.5381103515625,88.15141143798829,86.50817680358887,84.56451110839843,88.14173451922727,87.84269223261211,86.84549353603944,84.19756846077283,57.32711828058253,37.087790061158,53.292758886425645,1.3507325464179019,1.3388316134856946,0.011900932932207287,32.863049385364704,-15.98312025822328,-51.10650651299941,46.66883348191382,1.671472107495875,1.293867490411063,1.4826240150855474,2.0617532079562153,89.87712826438445,88.5381103515625,87.19909243874054,1.4346923828125,2.520569562020658,2.158358402741271,0.0,78.57142857142857,78.57142857142857,-0.431653768044357,-0.015013299506399735,1.0152613017314904,0.9935100216990055,0.1451310861423221,0.051962300665147926,1.1333205652025877,0.10739311865207464,1.0,0.48385130553375644,2.804166221557526,2.5240562546262026,4463224.079402089,7465444.127677692,-1677576.3933875887,-5582754.22717509,4030079.3548798836,3827257.618794089,205113.50711501256,3827257.618794089,7814939.20963344,9313757.462742023,72769459.6052451,72769459.6052451,7853104.072583007,7814939.20963344,7814939.20963344,7814939.20963344,7814939.20963344,7814939.20963344,7814939.20963344,7814939.20963344,0.02910549207106882,0.02887631496814702,3096182.6604735414,3073264.9501813613,3070973.179152143,3070973.179152143,24505907.61542826,24505907.61542826,150396327.90691778,96548875.80441125,53847452.10250654,53633171.51127465,53633171.51127465,95369759.60987857,112641691.97158016,-46762441.965679035,-46762441.965679035,61026424.851531975,43754492.48983039,0.002371983015240648,-9962.328664010722,87.26875305175781,2023-06-28,0,0,0,1,0,0,0,0,0,0,0,-16.27663266742376,0
87.21363830566406,87.75235748291016,86.55805702209473,84.59548492431641,86.24502780611245,86.8624962593886,86.42702885450072,84.12909967328694,34.527562526880615,24.104108118982595,38.52000738410151,0.8366749751214542,1.2384002858128464,-0.4017253106913923,32.56465224163985,-191.33656561110942,-93.95065069001565,35.95347188967247,-4.616427714170679,1.57878385412739,1.9148004147661588,5.282696582439641,92.13122819683697,87.21363830566406,82.29604841449115,-3.99053955078125,2.205582419080479,1.8878779289049987,100.0,71.42857142857143,-28.571428571428573,-0.8920709768815952,-0.055198894259644415,1.0526132908489794,0.9554111750510489,0.1451310861423221,0.051962300665147926,1.1333205652025877,0.10739311865207464,1.0,0.48385130553375644,2.804166221557526,2.5240562546262026,4723982.700998917,7901603.927344788,-1775586.8226604403,-5908920.08196835,4265532.004984132,4050860.6473264145,217097.02271599646,4050860.6473264145,8271517.848732379,9857902.796847034,77020929.76301315,77020929.76301315,8311912.448947905,8271517.848732379,8271517.848732379,8271517.848732379,8271517.848732379,8271517.848732379,8271517.848732379,8271517.848732379,0.030805946240146986,0.030563379734319055,3277073.493735321,3252816.843152528,3250391.1780942488,3250391.1780942488,25937636.468180448,25937636.468180448,159183056.61704928,102189630.40771908,56993426.2093302,56766626.52638109,56766626.52638109,100941625.73523438,119222650.44695625,-49494482.68165977,-49494482.68165977,64591822.004390076,46310797.29266821,0.002510563335319065,-10544.366008340074,82.45161437988281,2023-06-29,0,0,0,1,0,0,0,0,0,0,0,-12.531227162000382,0
85.96707611083984,87.3010482788086,86.54142837524414,84.63291946411132,85.12307629701117,86.13825571746497,86.08913784729195,84.08008295193486,36.925360216519834,13.959677994026345,25.050525391388963,0.45849582173943304,1.0824193929981638,-0.6239235712587308,32.287569179609626,-183.11779663637202,-88.39505154434241,34.47482967276398,-5.164177887481614,1.5671335951965937,1.8908653805277453,1.415680229096239,91.45470919827707,85.96707611083984,80.47944302340261,-4.513092041015625,1.92051460999979,1.6438307639880065,92.85714285714286,64.28571428571429,-28.571428571428573,-0.24831922661382372,0.00518557340740311,1.0172254088297055,0.9957763113740601,0.1451310861423221,0.051962300665147926,1.1333205652025877,0.10739311865207464,1.0,0.48385130553375644,2.804166221557526,2.5240562546262026,4699612.515314404,7860840.959505351,-1766426.886372346,-5878437.015304692,4243526.884816626,4029962.978472429,215977.0578283128,4029962.978472429,8228846.560832923,9807047.631444281,76623592.49936874,76623592.49936874,8269032.772497894,8228846.560832923,8228846.560832923,8228846.560832923,8228846.560832923,8228846.560832923,8228846.560832923,8228846.560832923,0.03064702384826338,0.030405708699851857,3260167.6550396713,3236036.140198519,3233622.988714404,3233622.988714404,25803828.81964412,25803828.81964412,158361859.5693197,101662452.29854833,56699407.27077137,56473777.607006595,56473777.607006595,100420885.85997105,118607602.02000545,-49239149.457629144,-49239149.457629144,64258604.29476231,46071888.13472791,0.0024976117860592596,-10489.96950144889,82.8791732788086,2023-06-30,0,0,0,1,0,0,0,0,0,0,0,-13.07460946601162,0
84.99415130615235,86.87539443969726,86.52765159606933,84.68555648803711,84.6728177714124,85.70808208160132,85.86848669233223,84.06801306049485,41.72632583484849,14.583362961651181,17.549049691553357,0.22822322314218013,0.9115801590269671,-0.683356935884787,31.890339984642832,-136.82447951832543,-76.78996494008673,40.085572679331186,-4.835390803836603,1.5685314002711668,1.872374742947306,1.5867028662406142,89.94177134355981,84.99415130615235,80.04653126874489,-4.256538391113281,1.6397495152340655,1.4038024315467226,85.71428571428572,57.142857142857146,-28.571428571428573,0.5568870208780636,0.010776259053667747,1.0193063372132407,1.0106602513520007,0.1451310861423221,0.051962300665147926,1.1333205652025877,0.10739311865207464,1.0,0.48385130553375644,2.804166221557526,2.5240562546262026,4649508.210367331,7777033.630434701,-1747594.3568620726,-5815764.826934438,4198285.077243107,3986998.0545897014,213674.44663819057,3986998.0545897014,8141115.7881143,9702491.0741632,75806680.07686196,75806680.07686196,8180873.559732912,8141115.7881143,8141115.7881143,8141115.7881143,8141115.7881143,8141115.7881143,8141115.7881143,8141115.7881143,0.030320284606760003,0.03008154220828158,3225409.8034435245,3201535.5635956824,3199148.1396108977,3199148.1396108977,25528724.669298008,25528724.669298008,156673505.28947416,100578591.34298337,56094913.94649079,55871689.80391346,55871689.80391346,99350261.70281187,117343082.56413838,-48714192.69753027,-48714192.69753027,63573519.578827456,45580698.71750094,0.0024709838242517007,-10378.132061857144,83.77230072021484,2023-07-03,0,0,0,1,0,0,0,0,0,0,0,-15.585048837439528,0
83.8198013305664,86.31767196655274,86.4473663330078,84.71196990966797,84.02426692166425,85.16609719806799,85.56931321898325,84.01543079232516,38.07417913023702,16.774094906854998,15.105711954177492,-0.03816324823139894,0.7216314775752939,-0.7597947258066928,31.52148430360224,-120.49663040537553,-90.37020825779138,38.78099244399398,-6.3159087949931525,1.5433618600259127,1.8656046727591074,1.2161578368376098,87.38048605260992,83.8198013305664,80.25911660852289,-5.5772247314453125,1.1916969978659253,1.0201601859850769,78.57142857142857,50.0,-28.571428571428573,-0.703704488619508,-0.012475907776932749,1.0124295297346193,0.9913468960447893,0.1451310861423221,0.051962300665147926,1.1333205652025877,0.10739311865207464,1.0,0.48385130553375644,2.804166221557526,2.5240562546262026,4708247.876667575,7875284.959304044,-1769672.6293815994,-5889238.422368274,4251324.205966588,4037367.883971682,216373.90755417096,4037367.883971682,8243966.757091877,9825067.712850846,76764385.47054541,76764385.47054541,8284226.8094103085,8243966.757091877,8243966.757091877,8243966.757091877,8243966.757091877,8243966.757091877,8243966.757091877,8243966.757091877,0.0307033366026589,0.03046157804673245,3266158.090566313,3241982.2349736677,3239564.6494144034,3239564.6494144034,25851242.385215085,25851242.385215085,158652843.53395188,101849253.23347366,56803590.30047823,56577546.050687,56577546.050687,100605405.46323207,118825539.03062883,-49329624.544012085,-49329624.544012085,64376677.06487421,46156543.49747746,0.0025022010538387368,-10509.244426122696,82.72716522216797,2023-07-05,0,0,0,1,0,0,0,0,0,0,0,-13.872481547216392,0
82.65305023193359,85.59558029174805,86.23643913269044,84.72128128051757,83.16117713397408,84.48771544543631,85.17556887037473,83.91423733217883,34.100196993727394,14.660826374135212,15.339428080880447,-0.34951459072394186,0.5074022639154467,-0.8569168546393886,31.858017358572514,-124.32353533943092,-96.23063576558087,36.033714053643514,-8.144878776018672,1.5484935721647939,1.9015087107365953,1.6152058299702503,84.1586597529299,82.65305023193359,81.14744071093727,-7.220916748046875,0.60220805730349,0.5152557568672478,100.0,42.85714285714286,-57.142857142857146,-0.7161315409945809,-0.015619629418027747,1.0181562067763357,0.9872149203610543,0.1451310861423221,0.051962300665147926,1.1333205652025877,0.10739311865207464,1.0,0.48385130553375644,2.804166221557526,2.5240562546262026,4782955.874957185,8000245.834491928,-1797752.8628850626,-5982685.756814225,4318781.980031944,4101430.7117732987,219807.21479264085,4101430.7117732987,8374777.680926316,9980966.714159692,77982442.32070759,77982442.32070759,8415676.558556952,8374777.680926316,8374777.680926316,8374777.680926316,8374777.680926316,8374777.680926316,8374777.680926316,8374777.680926316,0.03119052098174904,0.03094492632834944,3317983.767428579,3293424.3020886187,3290968.355554623,3290968.355554623,26261436.28801909,26261436.28801909,161170263.32021967,103465343.55744995,57704919.762769714,57475288.76184109,57475288.76184109,102201759.06570901,120711000.11916977,-50112361.052921124,-50112361.052921124,65398172.28051215,46888931.227051385,0.0025419046626858465,-10675.999583280556,81.43499755859375,2023-07-06,0,0,0,1,0,0,0,0,0,0,0,-11.34552412588225,0
82.32564544677734,84.7696418762207,85.96598777770996,84.70640274047851,82.37898157401658,83.8198745379209,84.76023759263443,83.79268255264638,32.35410420465786,6.812119877324508,12.749013719438222,-0.6389589204912909,0.2781300270340992,-0.91708894752539,32.31766712940861,-111.30627617966876,-99.46474575312823,32.7410055817248,-9.272499842399695,1.5121985940083138,1.871195022472041,1.0403638779740731,84.44922045560428,82.32564544677734,80.20207043795041,-8.259384155273438,-0.11178532623762157,-0.09562991215632621,100.0,35.714285714285715,-64.28571428571429,-0.44037153176358035,-0.007618433389720347,1.0128810718803085,0.9943628496966297,0.1451310861423221,0.051962300665147926,1.1333205652025877,0.10739311865207464,1.0,0.48385130553375644,2.804166221557526,2.5240562546262026,4819674.242131012,8061663.077659445,-1811554.06687543,-6028614.353700202,4351936.921585306,4132917.065139301,221494.65708381284,4132917.065139301,8439070.17492516,10057589.792051569,78581107.2519974,78581107.2519974,8480283.029946575,8439070.17492516,8439070.17492516,8439070.17492516,8439070.17492516,8439070.17492516,8439070.17492516,8439070.17492516,0.03142996810016115,0.031182488036380355,3343455.66167856,3318707.655300481,3316232.8546626726,3316232.8546626726,26463043.220080566,26463043.220080566,162407554.4558288,104259638.66989283,58147915.78593594,57916521.92630089,57916521.92630089,102986353.74174064,121637688.74858037,-50497069.61415262,-50497069.61415262,65900228.783869386,47248893.77702966,0.0025614186601312433,-10757.958372551222,80.81459045410156,2023-07-07,0,0,0,1,0,0,0,0,0,0,0,-11.751507902266974,0
81.65502319335937,83.81104965209961,85.66056404113769,84.68209579467774,81.42800838658397,83.03918135133868,84.26174468016626,83.62536410006099,29.02941780191596,3.762113611388454,8.411686620949373,-0.9612385540832378,0.030256310810631824,-0.9914948648938696,33.2874661551637,-113.99150489917885,-98.51862393798015,29.823849854308076,-10.757163945539439,1.5180383782966564,1.9088564677991502,1.5939555740451112,84.61063708394383,81.65502319335937,78.69940930277491,-9.585922241210938,-0.9152515473411184,-0.7822990906544334,100.0,28.571428571428573,-71.42857142857143,-0.7305404541093681,-0.015944255055213463,1.0200817471789774,0.9855689471552981,0.1451310861423221,0.051962300665147926,1.1333205652025877,0.10739311865207464,1.0,0.48385130553375644,2.804166221557526,2.5240562546262026,4897765.4638878545,8192282.92611794,-1840905.9407270397,-6126293.54045228,4422449.585749316,4199881.039636825,225083.4449386203,4199881.039636825,8575804.99710274,10220548.829391653,79854324.97668761,79854324.97668761,8617685.60725428,8575804.99710274,8575804.99710274,8575804.99710274,8575804.99710274,8575804.99710274,8575804.99710274,8575804.99710274,0.03193921509184891,0.03168772520923593,3397628.314101408,3372479.3258401095,3369964.4270139798,3369964.4270139798,26891813.14780633,26891813.14780633,165038978.0153574,105948915.19661078,59090062.81874662,58854919.77850348,58854919.77850348,104654999.75056697,123608534.75369449,-51315253.09776623,-51315253.09776623,66967983.39159833,48014448.38847082,0.00260292028504438,-10932.265197186396,79.52606201171875,2023-07-10,0,0,0,1,0,0,0,0,0,0,0,-17.90686362921206,0
80.84395446777344,82.91905288696289,85.33903160095215,84.61562072753907,80.85765795515103,82.43514057696531,83.82890776703472,83.47209323701095,30.17419940541585,5.862308050508265,5.4788471797403915,-1.1875544593983136,-0.21330584323115725,-0.9742486161671564,34.26373644876889,-105.57037147258772,-94.73713169213605,38.571400704562784,-10.063489541367442,1.457330133543698,1.8281306596494955,0.6681229517552367,83.19404221695254,80.84395446777344,78.49386671859435,-8.919967651367188,-1.6728943524583273,-1.4276355841220862,100.0,21.42857142857143,-78.57142857142857,0.31427792915531666,0.002400409070152154,1.0084397989828455,1.0026409793907438,0.1451310861423221,0.051962300665147926,1.1333205652025877,0.10739311865207464,1.0,0.48385130553375644,2.804166221557526,2.5240562546262026,4886036.976412576,8172665.186477005,-1836497.595242108,-6111623.144822097,4411859.318624655,4189823.748708088,224544.44641279874,4189823.748708088,8555268.852152443,10196074.080688424,79663100.9466189,79663100.9466189,8597049.172444202,8555268.852152443,8555268.852152443,8555268.852152443,8555268.852152443,8555268.852152443,8555268.852152443,8555268.852152443,0.031862731502151326,0.03161184385252809,3389492.1464099563,3364403.3814476323,3361894.5049514,3361894.5049514,26827416.374212924,26827416.374212924,164643765.62700236,105695203.47152616,58948562.15547619,58713982.20307846,58713982.20307846,104404386.51421459,123312534.22806999,-51192370.46737376,-51192370.46737376,66807617.77992415,47899470.06606875,0.0025966871736005214,-10906.086129122192,79.71695709228516,2023-07-11,0,0,0,1,0,0,0,0,0,0,0,-18.091466456802454,0
80.5148910522461,82.16734619140625,85.08764419555663,84.5678924560547,80.93238801827776,82.18908740743184,83.567283041082,83.37835813534508,37.888621148520166,24.02469413259138,11.216371931496015,-1.2424539085754134,-0.4191354563000085,-0.8233184522754049,33.743220587864,-73.54448532888884,-81.76125848556892,42.63622923381715,-8.48437810674515,1.4732255841095687,1.816961031134234,1.6798664414658901,82.03076374738426,80.5148910522461,78.99901835710794,-7.517066955566406,-2.3264687152161088,-1.9827371254945376,92.85714285714286,14.285714285714286,-78.57142857142857,0.7011466029421444,0.01712171540449048,1.020828319903048,1.0145705666116824,0.1451310861423221,0.051962300665147926,1.1333205652025877,0.10739311865207464,1.0,0.48385130553375644,2.804166221557526,2.5240562546262026,4803787.887341968,8035090.651099594,-1805582.9183744905,-6008743.154590517,4337592.297761668,4119294.3629581956,220764.57813458593,4119294.3629581956,8411253.75909428,10024438.49764198,78322092.37115575,78322092.37115575,8452330.7704873,8411253.75909428,8411253.75909428,8411253.75909428,8411253.75909428,8411253.75909428,8411253.75909428,8411253.75909428,0.03132637030513119,0.03107970597201992,3332435.140333247,3307768.70702212,3305302.063691007,3305302.063691007,26375817.139588013,26375817.139588013,161872235.28260484,103915983.57478105,57956251.707823806,57725620.556364775,57725620.556364775,102646895.58092356,121236753.04585436,-50330623.849688925,-50330623.849688925,65683011.94253432,47093154.47760352,0.002552975847701636,-10722.498560346872,81.08184814453125,2023-07-12,0,0,0,1,0,0,0,0,0,0,0,-23.025313430364072,0
80.49389343261718,81.57347183227539,84.86244163513183,84.51448623657227,81.06492849900158,82.03289141707137,83.35420936673603,83.29803073632955,39.20379956252585,50.184075272106604,26.690359151735397,-1.2515109343409279,-0.5856105519081923,-0.6659003824327355,33.19556872508218,-62.29432595560278,-79.40201540545104,40.6905734495517,-6.805120256257602,1.4511701243761828,1.7842984822003332,1.1644491478421628,81.96030539957749,80.49389343261718,79.02748146565688,-5.938743591308594,-2.9093658360183,-2.476152077699311,85.71428571428572,7.142857142857143,-78.57142857142857,0.33606198564173984,0.003060627274745986,1.0144996580645713,1.0048348587023588,0.1451310861423221,0.051962300665147926,1.1333205652025877,0.10739311865207464,1.0,0.48385130553375644,2.804166221557526,2.5240562546262026,4789130.144997879,8010573.272056785,-1800073.5641275723,-5990408.746195036,4324357.052620677,4106725.207777385,220090.96173417722,4106725.207777385,8385588.597916696,9993851.044555265,78083109.07781522,78083109.07781522,8426540.271500599,8385588.597916696,8385588.597916696,8385588.597916696,8385588.597916696,8385588.597916696,8385588.597916696,8385588.597916696,0.031230784514235204,0.030984872825146736,3322266.9195851777,3297675.750676331,3295216.6337854466,3295216.6337854466,26295336.914229687,26295336.914229687,161378316.40586048,103598905.93763447,57779410.46822601,57549483.03892829,57549483.03892829,102333690.2972743,120866824.74542657,-50177050.60005608,-50177050.60005608,65482594.12892221,46949459.68076996,0.0025451859820656247,-10689.781124675625,81.33000946044922,2023-07-13,0,0,0,1,0,0,0,0,0,0,0,-23.79146155186163,0
80.70387573242188,81.5147605895996,84.63355903625488,84.47519027709961,81.33145298370938,82.00227515089931,83.21233247020164,83.24181392130193,42.04996046087989,77.0388217895776,50.41586373142517,-1.201707084065248,-0.7088298583396034,-0.4928772257256445,32.183836712269745,-41.853112888612934,-72.79720705300554,46.32308160653533,-0.7120690494339943,1.4259177419900328,1.7418022561311162,1.0976367709700838,82.546311810401,80.70387573242188,78.86143965444276,-0.5871124267578125,-3.403350259436194,-2.8916208805182038,78.57142857142857,0.0,-78.57142857142857,0.573908832173447,0.006571897583950381,1.0135565425092081,1.0077546237572765,0.1451310861423221,0.051962300665147926,1.1333205652025877,0.10739311865207464,1.0,0.48385130553375644,2.804166221557526,2.5240562546262026,4757861.963455477,7958272.321415258,-1788320.9023103511,-5951297.429000021,4296123.369826164,4079912.4410632327,218653.99010488583,4079912.4410632327,8330839.176063248,9928601.293701185,77573305.2603954,77573305.2603954,8371523.4765908085,8330839.176063248,8330839.176063248,8330839.176063248,8330839.176063248,8330839.176063248,8330839.176063248,8330839.176063248,0.031026879042816202,0.030782572908620798,3300575.8729798966,3276145.2595603564,3273702.1982184025,3273702.1982184025,26123654.92951446,26123654.92951446,160324679.03506234,102922509.74451041,57402169.29055192,57173743.05507922,57173743.05507922,101665554.68407507,120077686.48771162,-49849445.15190104,-49849445.15190104,65055058.94422293,46642927.14058637,0.0025285684889224226,-10619.987653474174,81.864501953125,2023-07-14,0,0,0,1,0,0,0,0,0,0,0,-25.919358584563263,0
81.1677490234375,81.41138610839843,84.35621719360351,84.44140319824218,81.50277814473854,81.97375757197159,83.08215113654404,83.18705370739977,41.97444408858239,86.47535205572007,71.2327497058014,-1.1505138374986217,-0.7971666541714071,-0.3533471833272146,31.011607489265327,-24.338853343172786,-72.98929415297182,48.922591585951544,-1.2472914136512525,1.3820160701324065,1.6885684344521015,0.8112943359832627,82.7382823623766,81.1677490234375,79.5972156844984,-1.0337448120117188,-3.7445034906417236,-3.1751727079733882,71.42857142857143,7.142857142857143,-64.28571428571429,0.3176436797084679,-0.00023298848552266715,1.0099508135371293,1.0031585942028922,0.1451310861423221,0.051962300665147926,1.1333205652025877,0.10739311865207464,1.0,0.48385130553375644,2.804166221557526,2.5240562546262026,4758970.748842896,7960126.939335422,-1788737.65758819,-5952684.335908239,4297124.550367257,4080863.235208029,218704.94583899315,4080863.235208029,8332780.617999628,9930915.082566125,77591383.15924726,77591383.15924726,8373474.399709759,8332780.617999628,8332780.617999628,8332780.617999628,8332780.617999628,8332780.617999628,8332780.617999628,8332780.617999628,0.03103410963301914,0.030789746565042613,3301345.0483629024,3276908.7415652494,3274465.110885484,3274465.110885484,26129742.85873021,26129742.85873021,160362041.54425707,102946495.09249188,57415546.45176518,57187066.98320712,57187066.98320712,101689247.10775265,120105669.72580373,-49861062.2052708,-49861062.2052708,65070219.55612994,46653796.93807886,0.0025291577535570715,-10622.462564939702,81.84542846679688,2023-07-17,0,0,0,1,0,0,0,0,0,0,0,-25.843437757628795,0
81.53235626220703,81.18815536499024,84.03177490234376,84.39485687255859,81.51518319186997,81.89489133818272,82.9352789603144,83.1224631026442,40.713523105514376,80.44257253316343,81.318915459487,-1.1216590993298894,-0.8620651432031036,-0.2595939561267858,30.12982498229084,-16.331612100506526,-72.66511165456564,49.36004556523432,-2.664732154769811,1.3807924969440477,1.6933929490264916,1.364886045495382,82.13388437073787,81.53235626220703,80.93082815367619,-2.2323074340820312,-3.655161810423154,-3.0936586917975006,64.28571428571429,0.0,-64.28571428571429,-0.3426557756638336,-0.003731853890751813,1.0168096897884764,0.9942970452256524,0.1451310861423221,0.051962300665147926,1.1333205652025877,0.10739311865207464,1.0,0.48385130553375644,2.804166221557526,2.5240562546262026,4776797.057527361,7989944.243848719,-1795437.9697612468,-5974982.096090707,4313220.860416875,4096149.4665318066,219524.17799676448,4096149.4665318066,8363993.820882311,9968114.629931293,77882027.50661747,77882027.50661747,8404840.03469438,8363993.820882311,8363993.820882311,8363993.820882311,8363993.820882311,8363993.820882311,8363993.820882311,8363993.820882311,0.031150358218535294,0.030905079807365725,3313711.3349008807,3289183.493783924,3286730.709672228,3286730.709672228,26227620.50636204,26227620.50636204,160962730.93797398,103332115.44957198,57630615.488401994,57401280.17395844,57401280.17395844,102070158.02410455,120555565.48189913,-50047833.407094754,-50047833.407094754,65313961.71828875,46828554.26049416,0.0025386315556050415,-10662.252533541176,81.53999328613281,2023-07-18,0,0,0,1,0,0,0,0,0,0,0,-26.966973907169145,0
81.74424438476562,81.12956771850585,83.7236198425293,84.34741485595703,81.72388504702138,81.93969086893571,82.85966084574392,83.08398567733754,44.263274412923806,76.53033240183657,81.14941899690666,-1.0383030805632814,-0.8973127306751392,-0.14099034988814219,29.317173274765683,12.934936917178563,-58.27051641107184,57.42016760437289,-0.7082032404595817,1.363976092301987,1.660524339144078,1.1453628319551967,82.30684791749866,81.74424438476562,81.18164085203259,-0.58587646484375,-3.55222332617981,-3.00105994786972,57.142857142857146,0.0,-57.142857142857146,0.35833222071754217,0.007374239890864276,1.0141077429118204,1.0050216083027916,0.1451310861423221,0.051962300665147926,1.1333205652025877,0.10739311865207464,1.0,0.48385130553375644,2.804166221557526,2.5240562546262026,4741829.668033663,7931455.786197514,-1782294.8996152205,-5931243.682326062,4281646.968542849,4066164.593384451,217917.20425623254,4066164.593384451,8302767.223617352,9895145.453601442,77311910.92900586,77311910.92900586,8343314.432583598,8302767.223617352,8302767.223617352,8302767.223617352,8302767.223617352,8302767.223617352,8302767.223617352,8302767.223617352,0.03092232954250451,0.030678846632721007,3289454.111175086,3265105.8201967357,3262670.991098901,3262670.991098901,26035627.54314966,26035627.54314966,159784442.130873,102575697.64814182,57208744.48273117,56981087.9620836,56981087.9620836,101322978.07730572,119673067.57313919,-49681470.32677427,-49681470.32677427,64835846.63169931,46485757.13586583,0.0025200481162592253,-10584.202088288748,82.14128875732422,2023-07-19,0,0,0,1,0,0,0,0,0,0,0,-30.37721534812444,0
82.19284210205078,81.34336776733399,83.46947402954102,84.34114852905273,82.34025604697258,82.23665581037922,82.92759772204212,83.10316263300567,51.681607884147304,81.01859002712875,79.33049832070957,-0.8469527170576043,-0.8872407279516322,0.04028801089402789,27.42629780543545,113.7377734870576,-4.324273870251642,63.755164978292136,2.6254074444380215,1.3729050980037734,1.6427615738204449,1.4889821721269954,83.62454130039993,82.19284210205078,80.76114290370163,2.13800048828125,-3.4603989478449364,-2.920107034536514,50.0,0.0,-50.0,0.8321640266121724,0.017429837189194552,1.0165912549561409,1.0137778716472114,0.1451310861423221,0.051962300665147926,1.1333205652025877,0.10739311865207464,1.0,0.48385130553375644,2.804166221557526,2.5240562546262026,4660596.23446241,7795580.094357536,-1751761.973620788,-5829634.108934753,4208297.036355403,3996506.14200371,214184.01180199525,3996506.14200371,8160530.505528534,9725629.318025796,75987461.84070228,75987461.84070228,8200383.090428406,8160530.505528534,8160530.505528534,8160530.505528534,8160530.505528534,8160530.505528534,8160530.505528534,8160530.505528534,0.03039259161883061,0.030153279873800447,3233101.675357492,3209170.5008544764,3206777.3834041744,3206777.3834041744,25589604.896075252,25589604.896075252,157047136.11731884,100818448.50503191,56228687.612286925,56004931.13068373,56004931.13068373,99587189.57685173,117622919.24104992,-48830365.01467946,-48830365.01467946,63725128.02535676,45689398.36115858,0.0024768765610621796,-10402.881556461154,83.572998046875,2023-07-20,0,0,0,1,0,0,0,0,0,0,0,-29.926976980266712,0
82.64335174560547,81.67361373901367,83.22162780761718,84.34272277832031,82.93252075494787,82.57854569410999,83.04087890764748,83.14292292860931,54.17743580955917,91.12539337973958,82.8914386029016,-0.6439822888383873,-0.8385890401289833,0.19460675129059601,25.771826945964374,152.6148341420337,-3.531641523586814,64.12663532112803,4.086464706732018,1.3505159761330667,1.6055198956564196,1.0594573918138792,84.67158802125526,82.64335174560547,80.61511546995568,3.302459716796875,-3.2474286251802695,-2.7382444234994807,42.85714285714286,100.0,57.142857142857146,0.5225170114784482,0.006509903159370722,1.0127279053090736,1.0066247193768487,0.1451310861423221,0.051962300665147926,1.1333205652025877,0.10739311865207464,1.0,0.48385130553375644,2.804166221557526,2.5240562546262026,4630452.437510147,7745159.85375574,-1740431.9302990641,-5791929.210667377,4181078.6194411265,3970657.5459008706,212798.71278929815,3970657.5459008706,8107749.839234712,9662725.908108465,75495990.25522,75495990.25522,8147344.665649015,8107749.839234712,8107749.839234712,8107749.839234712,8107749.839234712,8107749.839234712,8107749.839234712,8107749.839234712,0.030196018462838956,0.029958254537934714,3212190.625456333,3188414.2329659085,3186036.5937168663,3186036.5937168663,25424096.490010783,25424096.490010783,156031386.89878544,100166375.10328433,55865011.79550111,55642702.52571564,55642702.52571564,98943079.70965199,116862157.91006033,-48514540.057086416,-48514540.057086416,63312966.74312655,45393888.54271822,0.0024608566227589225,-10335.597815587476,84.11705017089844,2023-07-21,0,0,0,1,0,0,0,0,0,0,0,-29.798025285273354,0
83.2198486328125,82.193798828125,83.0024242401123,84.34568298339843,83.53098480424259,82.96933973205945,83.20154881195077,83.20507939818667,56.87118697206952,94.24333678386665,88.79577339691163,-0.42889125348287394,-0.7566494827997614,0.3277582293168875,24.79013799254605,173.3416047311772,-6.119230763639757,62.16465546583672,6.54106434988162,1.34677011155356,1.5895235293923358,1.2980738720199696,85.61803934114006,83.2198486328125,80.82165792448494,5.201850891113281,-2.846024509664118,-2.39790246425531,35.714285714285715,100.0,64.28571428571429,0.5808771555834783,0.007262056036112963,1.0154915206306943,1.008979236826439,0.1451310861423221,0.051962300665147926,1.1333205652025877,0.10739311865207464,1.0,0.48385130553375644,2.804166221557526,2.5240562546262026,4597068.270130621,7689319.584056739,-1727883.9403007007,-5750171.145590857,4150934.3019382274,3942030.300959249,211264.4981651813,3942030.300959249,8049295.404952718,9593060.564729573,74951686.9049153,74951686.9049153,8088604.76459456,8049295.404952718,8049295.404952718,8049295.404952718,8049295.404952718,8049295.404952718,8049295.404952718,8049295.404952718,0.02997831426477992,0.029742264546159605,3189031.6985604465,3165426.726698415,3163066.229512212,3163066.229512212,25240796.41207021,25240796.41207021,154906447.59598818,99444205.70895912,55462241.88702905,55241535.40011906,55241535.40011906,98229729.9066576,116019616.95047759,-48164764.83588204,-48164764.83588204,62856499.3228104,45066612.27899041,0.0024431145877202532,-10261.081268425063,84.72791290283203,2023-07-24,0,0,0,1,0,0,0,0,0,0,0,-29.896194276381422,0
84.05786743164063,82.79511184692383,82.85708236694336,84.35937561035156,84.26401896291954,83.47129383173473,83.44236199941007,83.30409931513125,60.92921101844351,94.07410145932215,93.14761054097609,-0.17553945204397792,-0.6404274766486047,0.46488802460462675,24.366468096921125,175.0929953423153,-1.8544572619950155,65.3427688282247,7.543100498714628,1.3528364028167121,1.5780182264295919,1.431698189237693,86.45071592452481,84.05786743164063,81.66501893875645,6.013130187988281,-2.2857058828958494,-1.924347804142883,28.571428571428573,100.0,71.42857142857143,0.53999837239583,0.01182814899017659,1.016958734333001,1.0091000734653848,0.1451310861423221,0.051962300665147926,1.1333205652025877,0.10739311865207464,1.0,0.48385130553375644,2.804166221557526,2.5240562546262026,4543329.096663876,7599432.365793364,-1707685.1854983093,-5682952.338625521,4102410.3807360344,3895948.442325378,208794.84166953372,3895948.442325378,7955200.112772179,9480918.844078045,74075510.72750692,74075510.72750692,7994049.950742265,7955200.112772179,7955200.112772179,7955200.112772179,7955200.112772179,7955200.112772179,7955200.112772179,7955200.112772179,0.029627871387743893,0.029394581061856145,3151752.3027434642,3128423.27015469,3126090.366895812,3126090.366895812,24945734.547176808,24945734.547176808,153095609.91220465,98281714.94161958,54813894.97058508,54595768.51588003,54595768.51588003,97081436.2149271,114663361.62545718,-47601724.54576538,-47601724.54576538,62121714.42901876,44539789.01848869,0.0024145548729381833,-10141.13046634037,85.73008728027344,2023-07-25,0,0,0,1,0,0,0,0,0,0,0,-31.443708154286437,0
84.79662780761718,83.2704360961914,82.71889114379883,84.36053634643555,84.78770952101537,83.90107506909332,83.67024091729549,83.40335387678128,61.3396582877795,94.48624144640449,94.2678932298644,0.03333233484494258,-0.5056755143498952,0.5390078491948378,24.068404395618444,142.47797025742355,-2.510463097759146,68.8290882773362,5.862276947860101,1.3121096234038059,1.5286401093809112,0.7826614910360234,86.56605007024969,84.79662780761718,83.02720554498468,4.753242492675781,-1.5625735595342705,-1.3142204773731834,21.42857142857143,100.0,78.57142857142857,0.23171038063248797,0.0012248133679173545,1.0091835556771915,1.0021172548019746,0.1451310861423221,0.051962300665147926,1.1333205652025877,0.10739311865207464,1.0,0.48385130553375644,2.804166221557526,2.5240562546262026,4537771.173869572,7590135.865920477,-1705596.1485353152,-5676000.297584738,4097391.840436273,3891182.4700190932,208539.41980042445,3891182.4700190932,7945468.396865334,9469320.693507541,73984893.04148579,73984893.04148579,7984270.709244513,7945468.396865334,7945468.396865334,7945468.396865334,7945468.396865334,7945468.396865334,7945468.396865334,7945468.396865334,0.02959162716721107,0.02935862222888657,3147896.716763949,3124596.2229314996,3122266.1735482547,3122266.1735482547,24915218.055038422,24915218.055038422,152908325.75075927,98161485.44203556,54746840.30872372,54528980.69139032,54528980.69139032,96962675.03435601,114523092.2111817,-47543492.64042191,-47543492.64042191,62045720.00173858,44485302.82491289,0.00241160111165854,-10128.724668965868,85.83509063720703,2023-07-26,0,0,0,1,0,0,0,0,0,0,0,-32.83638252509182,0
85.180322265625,83.68658218383788,82.63002700805664,84.34399307250976,85.02229645964827,84.19023784506074,83.84369133821154,83.48524079678648,59.149786524272926,88.52973301537486,92.36335864036714,0.16918716004971657,-0.3707029794699728,0.5398901395196893,23.998417605099753,116.00373318126158,-11.717690905547409,69.12476380618536,5.116759366035195,1.2817913047750136,1.4993206921387494,0.8876531626007136,86.49576837793661,85.180322265625,83.86487615331338,4.161460876464844,-0.8629040621370283,-0.7248218242938691,14.285714285714286,100.0,85.71428571428572,-0.3763423217962718,-0.004003261343840436,1.0103887437449743,0.9961076681355854,0.1451310861423221,0.051962300665147926,1.1333205652025877,0.10739311865207464,1.0,0.48385130553375644,2.804166221557526,2.5240562546262026,4556010.0728764655,7620643.292629056,-1712451.5395869436,-5698814.139936877,4113860.699950328,3906822.5015166607,209377.61310523422,3906822.5015166607,7977404.030043002,9507381.22524773,74282264.3589268,74282264.3589268,8016362.302568605,7977404.030043002,7977404.030043002,7977404.030043002,7977404.030043002,7977404.030043002,7977404.030043002,7977404.030043002,0.02971056632889916,0.029476624861742472,3160549.2212868314,3137155.074571163,3134815.659899596,3134815.659899596,25015361.083064463,25015361.083064463,153522918.11423957,98556030.99110457,54966887.12313501,54748151.851343505,54748151.851343505,97352402.14258343,114983400.81484708,-47734586.66598605,-47734586.66598605,62295103.58181821,44664104.90955454,0.002421294185071703,-10169.435577301152,85.49147033691406,2023-07-27,0,0,0,1,0,0,0,0,0,0,0,-32.880920130742496,0
85.50484008789063,84.07409591674805,82.79442825317383,84.35426605224609,85.26141073384103,84.4719471972727,84.02425780907012,83.57364858052924,60.253433691521785,81.64652480620951,88.22083308932959,0.29349501976442127,-0.237863379623094,0.5313583993875153,23.697484540414546,98.2862166353838,-8.255524464139562,67.94141259438258,4.7335991017455115,1.2645470117121715,1.4748685932182437,1.0403712018952262,86.31414941603695,85.50484008789063,84.6955307597443,3.8751373291015625,-0.2676354590231663,-0.22450813880332987,7.142857142857143,92.85714285714286,85.71428571428572,-0.33027458720925756,0.002902850358456721,1.012208825965373,0.9960084199954929,0.1451310861423221,0.051962300665147926,1.1333205652025877,0.10739311865207464,1.0,0.48385130553375644,2.804166221557526,2.5240562546262026,4542822.937683405,7598585.735303566,-1707494.9372961505,-5682319.21755932,4101953.3432175964,3895514.4061264633,208771.5804480949,3895514.4061264633,7954313.847240264,9479862.60269338,74067258.19193445,74067258.19193445,7993159.357063751,7954313.847240264,7954313.847240264,7954313.847240264,7954313.847240264,7954313.847240264,7954313.847240264,7954313.847240264,0.02962457063341682,0.02939130629772062,3151401.1752556,3128074.7416859805,3125742.0983290183,3125742.0983290183,24942955.415994175,24942955.415994175,153078553.97894976,98270765.66377169,54807788.315178074,54589686.161302134,54589686.161302134,97070620.65661477,114650587.31635852,-47596421.377130195,-47596421.377130195,62114793.630861394,44534826.97111763,0.0024142858744556225,-10140.000672713615,85.73963928222656,2023-07-28,0,0,0,1,0,0,0,0,0,0,0,-31.865700913306615,0
85.64037170410157,84.43011016845703,82.92074813842774,84.37533996582032,85.30946415052293,84.64169697665706,84.15581144476694,83.64548867477855,57.98249537624599,67.92562239464347,79.36729340540926,0.3608932220122085,-0.1181120592960335,0.47900528130824205,22.539693653581143,68.18538403298618,-14.037579113453523,65.22224240133087,4.349836739548785,1.2873942857065501,1.507389120961957,1.584408847633469,85.96671066278405,85.64037170410157,85.31403274541908,3.5601425170898438,0.30594702742009183,0.25621443528395105,0.0,85.71428571428572,85.71428571428572,-0.21084295818989768,-0.003896310984470075,1.0187931167021806,0.9961037685963834,0.1451310861423221,0.051962300665147926,1.1333205652025877,0.10739311865207464,1.0,0.48385130553375644,2.804166221557526,2.5240562546262026,4560592.4240408875,7628307.995539507,-1714173.8918602976,-5704545.9024203345,4117998.345404827,3910751.9117577826,209588.20125887517,3910751.9117577826,7985427.556343736,9516943.574481215,74356976.09466407,74356976.09466407,8024425.012383558,7985427.556343736,7985427.556343736,7985427.556343736,7985427.556343736,7985427.556343736,7985427.556343736,7985427.556343736,0.029740448670253796,0.029506271909070698,3163728.043583691,3140310.367465381,3137968.59985355,3137968.59985355,25040521.073308963,25040521.073308963,153677328.64260396,98655156.8350226,55022171.80758136,54803216.53587516,54803216.53587516,97450317.39873555,115099049.00529994,-47782597.23560579,-47782597.23560579,62357758.85164198,44709027.245077595,0.0024237294782450927,-10179.66380862939,85.40557098388672,2023-07-31,0,0,0,1,0,0,0,0,0,0,0,-29.957753420296207,0
85.302490234375,84.68017883300782,82.93416709899903,84.3729167175293,84.88653607756216,84.53242115029043,84.1448465387549,83.66098637112609,49.7348210896851,44.32611333483187,64.63275351189492,0.30070514015237393,-0.034348619406352,0.3350537595587259,21.180651122887674,37.13415363035143,-38.03494154085626,54.07471530457657,3.0668222362155717,1.3208813231788132,1.5717166070684205,1.7562128103182317,86.60272616351911,85.302490234375,84.00225430523089,2.5006866455078125,0.7571698151573789,0.6326127663636782,0.0,78.57142857142857,78.57142857142857,-0.75,-0.01598128829913925,1.0209090492942117,0.9845689673632027,0.1451310861423221,0.051962300665147926,1.1333205652025877,0.10739311865207464,1.0,0.48385130553375644,2.804166221557526,2.5240562546262026,4634660.265919106,7752198.108462894,-1742013.5120168347,-5797192.507203564,4184878.0886360705,3974265.7992733796,212992.08924249548,3974265.7992733796,8115117.590133068,9671506.711525159,75564595.68348981,75564595.68348981,8154748.397531452,8115117.590133068,8115117.590133068,8115117.590133068,8115117.590133068,8115117.590133068,8115117.590133068,8115117.590133068,0.03022345847351612,0.029985478485535677,3215109.63761577,3191311.6388177257,3188931.8389379214,3188931.8389379214,25447200.114748653,25447200.114748653,156173177.21222508,100257399.23634046,55915777.975884624,55693266.68712291,55693266.68712291,99032992.1981811,116968353.9923271,-48558626.64746927,-48558626.64746927,63370501.09937197,45435139.30522597,0.0024630928755975732,-10344.990077509809,84.04067993164062,2023-08-01,0,0,0,1,0,0,0,0,0,0,0,-26.443735940112823,0
84.98942413330079,84.89302597045898,83.01129684448242,84.36861419677734,84.68094409565342,84.48466460148052,84.15674307142929,83.68485985193824,50.99476532423488,25.818131677807315,46.023289135760855,0.2683966003615126,0.026200424547220918,0.24219617581429168,19.66865929931808,15.687347510968122,-38.4340673289866,51.41578813142845,2.5912320182849946,1.3062985780093723,1.5501391910523203,1.116722890806642,86.37681973562306,84.98942413330079,83.60202853097852,2.1284713745117188,1.2024322275404489,1.002608274802185,0.0,71.42857142857143,71.42857142857143,0.3760710512930825,0.002725825164451967,1.0133393932408834,1.0050085651570713,0.1451310861423221,0.051962300665147926,1.1333205652025877,0.10739311865207464,1.0,0.48385130553375644,2.804166221557526,2.5240562546262026,4622061.334821011,7731124.414983026,-1737277.9959378587,-5781433.330744022,4173501.852263285,3963462.094557683,212413.0883011453,3963462.094557683,8093057.330803413,9645215.540288877,75359179.73499571,75359179.73499571,8132580.405210999,8093057.330803413,8093057.330803413,8093057.330803413,8093057.330803413,8093057.330803413,8093057.330803413,8093057.330803413,0.03014129856340274,0.029903965503848388,3206369.6345792995,3182636.328623864,3180262.9980283207,3180262.9980283207,25378024.05814689,25378024.05814689,155748633.66724592,99984857.9943553,55763775.67289061,55541869.26220729,55541869.26220729,98763779.40294816,116650385.43626192,-48426624.13676781,-48426624.13676781,63198233.7634307,45311627.73011693,0.002456397166387546,-10316.868098827694,84.26976013183594,2023-08-02,0,0,0,1,0,0,0,0,0,0,0,-26.58672302312835,0
84.72217407226563,84.95124816894531,83.14730796813964,84.38482360839843,84.50570274101504,84.42476558880011,84.15659802003015,83.7033053491853,50.31565256796509,13.500680854155291,27.88164195559813,0.23088788911744018,0.06713791746126478,0.16374997165617539,18.26466689171774,3.2661774199975864,-42.300437445420044,46.03880630059374,0.696662795962788,1.2648055229568111,1.5029436349638234,0.7253958072735145,86.13435431956015,84.72217407226563,83.30999382497112,0.5822219848632812,1.672205525052116,1.3914551857190247,0.0,64.28571428571429,64.28571428571429,0.03947196707322206,-0.0013592076198919445,1.008651134313387,1.0003403537497686,0.1451310861423221,0.051962300665147926,1.1333205652025877,0.10739311865207464,1.0,0.48385130553375644,2.804166221557526,2.5240562546262026,4628352.226434724,7741646.920467839,-1739642.53132232,-5789302.194400508,4179182.2285933057,3968856.5946834353,212702.19474501043,3968856.5946834353,8104072.447826655,9658343.234008072,75461747.91777591,75461747.91777591,8143649.315414238,8104072.447826655,8104072.447826655,8104072.447826655,8104072.447826655,8104072.447826655,8104072.447826655,8104072.447826655,0.030182322606275225,0.029944666522761246,3210733.688273845,3186968.079922447,3184591.519087307,3184591.519087307,25412565.010149684,25412565.010149684,155960616.5256306,100120943.14318629,55839673.38244431,55617464.94435874,55617464.94435874,98898202.59350687,116809153.32753783,-48492535.56060967,-48492535.56060967,63284250.19851967,45373299.46448871,0.0024597404643696735,-10330.90995035263,84.15522003173828,2023-08-03,0,0,0,1,0,0,0,0,0,0,0,-28.14121854044548,0
84.24685211181641,84.87584609985352,83.2747299194336,84.39336013793945,84.12481165400352,84.23172265992382,84.08102006383494,83.68996119745178,45.775160228458404,13.437601582924403,17.585471371628977,0.1356748332832325,0.08084530062565833,0.05482953265757416,17.462052848754293,-31.405541466393906,-57.69900223681657,39.262050993972856,-0.896394594658334,1.2760445450670832,1.5307079805365325,1.4221518325006173,85.56600336998129,84.24685211181641,82.92770085365153,-0.7540206909179688,1.97866128196591,1.6434870499830936,14.285714285714286,57.142857142857146,42.85714285714286,-0.7315473355965474,-0.00941344519637699,1.0170695136687127,0.9876738215139262,0.1451310861423221,0.051962300665147926,1.1333205652025877,0.10739311865207464,1.0,0.48385130553375644,2.804166221557526,2.5240562546262026,4672334.995857342,7815215.018744693,-1756174.1807278942,-5844317.35553709,4218896.580341533,4006572.2429174636,214723.4824797084,4006572.2429174636,8181084.639729671,9750125.506117709,76178853.3791837,76178853.3791837,8221037.602341231,8181084.639729671,8181084.639729671,8181084.639729671,8181084.639729671,8181084.639729671,8181084.639729671,8181084.639729671,0.03046914220661784,0.030229227701053917,3241244.970168559,3217253.519612167,3214854.374556528,3214854.374556528,25654058.079949964,25654058.079949964,157442694.70379466,101072382.47649603,56370312.22729864,56145992.16459637,56145992.16459637,99838022.34536967,117919179.05719449,-48953355.28779005,-48953355.28779005,63885634.11408843,45804477.402263604,0.0024831151325865716,-10429.083556863601,83.36302947998047,2023-08-04,0,0,0,1,0,0,0,0,0,0,0,-26.536899677199383,0
83.89179077148438,84.76608123779297,83.47994003295898,84.39964050292969,83.95996253007787,84.12236659125159,84.038090941777,83.68762014195275,47.49638307217766,13.931005762671333,13.62309606658365,0.0808494337828023,0.08084612725708712,3.3065257151743133e-06,16.992549863530417,-69.07546806311997,-52.50450400937425,44.24399228522269,-1.2954982401894855,1.2448932892589446,1.4885679244750567,0.8399269637531432,84.57437902365764,83.89179077148438,83.20920251931112,-1.0976486206054688,1.9287761491672752,1.6029265477107089,7.142857142857143,50.0,42.85714285714286,0.3522797222198155,0.003205675272517139,1.010118399920276,1.0035506264649732,0.1451310861423221,0.051962300665147926,1.1333205652025877,0.10739311865207464,1.0,0.48385130553375644,2.804166221557526,2.5240562546262026,4657404.868237133,7790242.032494203,-1750562.4459818131,-5825642.238267345,4205415.384233632,3993769.514739929,214037.3482450441,3993769.514739929,8154942.542073747,9718969.64545094,75935429.05196384,75935429.05196384,8194767.8377198335,8154942.542073747,8154942.542073747,8154942.542073747,8154942.542073747,8154942.542073747,8154942.542073747,8154942.542073747,0.03037178014203419,0.030132632266900064,3230887.7930620625,3206973.0055486495,3204581.526797308,3204581.526797308,25572082.288092252,25572082.288092252,156939597.3173955,100749412.5758809,56190184.74151459,55966581.47826418,55966581.47826418,99518996.75831582,117542376.36779933,-48796928.18174304,-48796928.18174304,63681491.930091135,45658112.32060762,0.0024751805076382192,-10395.758132080522,83.63026428222656,2023-08-07,0,0,0,1,0,0,0,0,0,0,0,-26.633864844010713,0
83.45846557617188,84.38047790527344,83.58779487609863,84.37991790771484,83.26465967174462,83.71358247558369,83.83199218113901,83.61649989933021,38.783628903751996,10.468905343988483,12.61250422986138,-0.10312285042775216,0.04405233172011926,-0.14717518214787143,17.61052562721517,-163.81834670880335,-95.30619473776048,38.104800692550356,-4.497876355344143,1.297096868814782,1.5842587561701302,1.975743403040667,85.17722062708872,83.45846557617188,81.73971052525503,-3.8560333251953125,1.7511943497627673,1.4546686319204412,0.0,42.85714285714286,42.85714285714286,-0.8888909364991033,-0.020999698401307998,1.0241963719577176,0.979000183638354,0.1451310861423221,0.051962300665147926,1.1333205652025877,0.10739311865207464,1.0,0.48385130553375644,2.804166221557526,2.5240562546262026,4757306.877874975,7957343.853493059,-1788112.2642385017,-5950603.108859276,4295622.153911755,4079436.44983374,218628.48039528128,4079436.44983374,8329867.241876081,9927442.953367857,77564255.01397954,77564255.01397954,8370546.795887507,8329867.241876081,8329867.241876081,8329867.241876081,8329867.241876081,8329867.241876081,8329867.241876081,8329867.241876081,0.03102325922927455,0.03077898159754798,3300190.8046259778,3275763.0414533205,3273320.265136055,3273320.265136055,26120607.160522267,26120607.160522267,160305974.43240377,102910502.08192858,57395472.350475185,57167072.76481084,57167072.76481084,101653693.66669537,120063677.3817684,-49843629.36564823,-49843629.36564823,65047469.16431003,46637485.44923699,0.0025282734883700126,-10618.748651154054,81.87405395507812,2023-08-08,0,0,0,1,0,0,0,0,0,0,0,-24.81387323699545,0
83.20648651123047,84.09795532226562,83.68419570922852,84.388232421875,83.17972805020605,83.58563380859191,83.75369433599519,83.59271028787133,45.718819152267315,24.790631369005542,16.396847491888426,-0.1554794968629949,0.004145966003496428,-0.15962546286649132,18.217505982441804,-132.80955069157906,-70.30296646908644,40.27592838305426,-3.291457851450641,1.3319365987077967,1.6045521840115196,1.7848530873169892,84.7344198093577,83.20648651123047,81.67855321310323,-2.825225830078125,1.6147112726111381,1.3408224154741362,100.0,35.714285714285715,-64.28571428571429,0.6363640072621931,0.01387265925141512,1.0218713771530061,1.013872726257178,0.1451310861423221,0.051962300665147926,1.1333205652025877,0.10739311865207464,1.0,0.48385130553375644,2.804166221557526,2.5240562546262026,4692213.400238542,7848464.776008755,-1763645.8069189282,-5869181.947615449,4236845.835337344,4023618.1660582107,215637.02147437714,4023618.1660582107,8215890.985783531,9791607.321473394,76502955.579499,76502955.579499,8256013.927890937,8215890.985783531,8215890.985783531,8215890.985783531,8215890.985783531,8215890.985783531,8215890.985783531,8215890.985783531,0.030598772879604354,0.030357837660079913,3255034.815775235,3230941.2938227905,3228531.941627546,3228531.941627546,25763203.02374877,25763203.02374877,158112533.1368186,101502393.95735528,56610139.179463305,56384864.74920794,56384864.74920794,100262782.25290202,118420865.07236172,-49161626.86786512,-49161626.86786512,64157434.931066506,45999352.1116068,0.0024936795220779928,-10473.45399272757,83.0098648071289,2023-08-09,0,0,0,1,0,0,0,0,0,0,0,-25.021362063750445,0
82.81897277832032,83.77057342529297,83.72857780456543,84.4093962097168,82.8590358225332,83.33690972833656,83.60740452944208,83.53878640862882,42.133413344074846,23.74519448367606,19.668243732223335,-0.2579243290584401,-0.04826809300889088,-0.20965623604954922,18.709086197569757,-118.40148197072216,-87.070815282321,39.68943033307098,-3.8294100649161167,1.3301997171992803,1.6179004083424278,1.3076202575885674,84.15914900183603,82.81897277832032,81.4787965548046,-3.2738189697265625,1.2861212530480532,1.067716109446991,92.85714285714286,28.571428571428573,-64.28571428571429,-0.6788309786210288,-0.009543605953124867,1.0159191585573688,0.9893189352425016,0.1451310861423221,0.051962300665147926,1.1333205652025877,0.10739311865207464,1.0,0.48385130553375644,2.804166221557526,2.5240562546262026,4737425.522659076,7924089.160493937,-1780639.528927571,-5925734.825775359,4277670.234452368,4062387.9963238295,217714.80579100765,4062387.9963238295,8295055.7290205145,9885954.980275474,77240104.70255832,77240104.70255832,8335565.278303617,8295055.7290205145,8295055.7290205145,8295055.7290205145,8295055.7290205145,8295055.7290205145,8295055.7290205145,8295055.7290205145,0.03089360931336086,0.030650352547113926,3286398.9119961043,3262073.2353714104,3259640.6677089413,3259640.6677089413,26011446.014784858,26011446.014784858,159636036.56572044,102480426.7683404,57155609.79738006,56928164.720939174,56928164.720939174,101228870.70599991,119561916.89420024,-49635326.868856035,-49635326.868856035,64775628.00006533,46442581.811865,0.0025177075306557863,-10574.371628754303,82.2176513671875,2023-08-10,0,0,0,1,0,0,0,0,0,0,0,-24.135395648578307,0
82.64525909423828,83.44605560302735,83.7600757598877,84.43020523071289,82.73751090154558,83.18373724310634,83.50140991326381,83.49783247337163,43.79210034167429,34.63458299699123,27.723469616557583,-0.31316638077009884,-0.10124775056113247,-0.21191863020896637,19.248723510565146,-107.82609242164293,-81.21191055046458,39.51737202900562,-3.78492171161835,1.2822271363948963,1.5543190656994337,0.6585835859379046,83.87928286334176,82.64525909423828,81.41123532513481,-3.24517822265625,0.9012644031307601,0.7485817151192009,85.71428571428572,21.42857142857143,-64.28571428571429,0.08695267580715604,0.0033667915317425745,1.0080279519011708,1.0006946573658193,0.1451310861423221,0.051962300665147926,1.1333205652025877,0.10739311865207464,1.0,0.48385130553375644,2.804166221557526,2.5240562546262026,4721529.11840635,7897499.924625769,-1774664.603169935,-5905851.056450767,4263316.536440343,4048756.6766308625,216984.2650050672,4048756.6766308625,8267221.716952839,9852782.71486696,76980925.9728871,76980925.9728871,8307595.336674955,8267221.716952839,8267221.716952839,8267221.716952839,8267221.716952839,8267221.716952839,8267221.716952839,8267221.716952839,0.030789945983959253,0.03054750546440052,3275371.4192385003,3251127.3672826267,3248702.9620870394,3248702.9620870394,25924164.756415457,25924164.756415457,159100378.7578216,102136554.28230137,56963824.47552021,56737142.58973279,56737142.58973279,100889197.80917169,119160727.5657157,-49468775.813361935,-49468775.813361935,64558273.75069756,46286743.99415355,0.0025092593774329,-10538.889385218179,82.49446105957031,2023-08-11,0,0,0,1,0,0,0,0,0,0,0,-24.680954291401772,0
82.49445190429688,83.19312133789063,83.81161575317383,84.42349487304688,82.78375004520356,83.12782653209055,83.44186881033579,83.47345584039704,46.087347004395006,40.60732201390969,32.995699831525634,-0.3224239735195198,-0.14548299515280994,-0.17694097836670986,19.195798269963262,-69.97927236275416,-73.13149232993197,39.507298069415114,-2.9615663500972222,1.234270692271447,1.4892939955221582,0.6108369186666067,83.3301149245964,82.49445190429688,81.65878888399736,-2.5293426513671875,0.5428915924254323,0.4513511168650979,78.57142857142857,14.285714285714286,-64.28571428571429,0.20968436596321557,0.004627792800216524,1.007171807616757,1.0014994796699948,0.1451310861423221,0.051962300665147926,1.1333205652025877,0.10739311865207464,1.0,0.48385130553375644,2.804166221557526,2.5240562546262026,4699779.512615264,7861120.288751848,-1766489.6550625795,-5878645.90127383,4243677.675447467,4030106.180265721,215984.73241543834,4030106.180265721,8229138.966889885,9807396.117724484,76626315.26280677,76626315.26280677,8269326.606542558,8229138.966889885,8229138.966889885,8229138.966889885,8229138.966889885,8229138.966889885,8229138.966889885,8229138.966889885,0.030648112867889016,0.03040678914451981,3260283.5027179574,3236151.130381037,3233737.8931473447,3233737.8931473447,25804745.739869073,25804745.739869073,158367486.84242383,101666064.79959546,56701422.042828366,56475784.361478165,56475784.361478165,100424454.2428609,118611816.65458103,-49240899.134869404,-49240899.134869404,64260887.67736871,46073525.26564859,0.00249770053687127,-10490.342254859335,82.87622833251953,2023-08-14,0,0,0,1,0,0,0,0,0,0,0,-24.958387620523084,0
82.51354064941407,82.98600311279297,83.8330909729004,84.38192810058594,82.51233259035706,82.91722128637664,83.30164298846229,83.41447708903496,41.72888673999784,41.98510044432917,39.075668485076676,-0.3983345158670062,-0.19605329929564919,-0.202281216571357,19.95620086927216,-103.80460858969168,-90.49511054772418,41.8725070502886,-2.464499635963535,1.2435992165101148,1.5171487586210617,1.3648700316127957,83.29419538740447,82.51354064941407,81.73288591142366,-2.0711822509765625,0.05189612684239935,0.043194355108795435,100.0,7.142857142857143,-92.85714285714286,-0.582612964646095,-0.010940780849937437,1.0134660597813974,0.9922587432153045,0.1451310861423221,0.051962300665147926,1.1333205652025877,0.10739311865207464,1.0,0.48385130553375644,2.804166221557526,2.5240562546262026,4751767.560140604,7948078.47350861,-1786030.2202941836,-5943674.339667529,4290620.413097434,4074686.431545473,218373.9135468981,4074686.431545473,8320168.102736565,9915883.627425632,77473940.66925009,77473940.66925009,8360800.290248258,8320168.102736565,8320168.102736565,8320168.102736565,8320168.102736565,8320168.102736565,8320168.102736565,8320168.102736565,0.030987136335705098,0.030743143136211355,3296348.12516044,3271948.805211066,3269508.8732161284,3269508.8732161284,26090192.821865715,26090192.821865715,160119317.20177,102790675.04872064,57328642.153049365,57100508.51152272,57100508.51152272,101535330.03732535,119923877.51717113,-49785592.39070036,-49785592.39070036,64971729.1271908,46583181.647345014,0.002525329614760218,-10606.384381992917,81.96949768066406,2023-08-15,0,0,0,1,0,0,0,0,0,0,0,-23.5074562268136,0
82.29019470214844,82.74834060668945,83.82068328857422,84.33313339233399,82.30593341717163,82.73102379263558,83.16749937725643,83.35481661773166,41.37401922683542,35.36146345552385,39.31796197125421,-0.45936076703014805,-0.24871479284254897,-0.2106459741875991,20.662288997201852,-89.11690711622445,-91.95190854540316,38.556428313829045,-2.8202584857451196,1.1977214572333652,1.4625419532392723,0.6013105866356199,83.01181821982402,82.29019470214844,81.56857118447286,-2.3766250610351562,-0.3999323989164143,-0.3332077906681974,92.85714285714286,0.0,-92.85714285714286,-0.31745685740237056,-0.0009315978751117671,1.0073434811364355,0.997674454090207,0.1451310861423221,0.051962300665147926,1.1333205652025877,0.10739311865207464,1.0,0.48385130553375644,2.804166221557526,2.5240562546262026,4756198.424486466,7955489.79089328,-1787695.6337479295,-5949216.617226716,4294621.27314991,4078485.9403812056,218577.53991863347,4078485.9403812056,8327926.381257432,9925129.85731091,77546182.5281163,77546182.5281163,8368596.456925197,8327926.381257432,8327926.381257432,8327926.381257432,8327926.381257432,8327926.381257432,8327926.381257432,8327926.381257432,0.03101603080409659,0.030771810089103707,3299421.8595538973,3274999.7880546087,3272557.58090468,3272557.58090468,26114521.054189358,26114521.054189358,160268623.11050683,102886523.9157782,57382099.19472863,57153752.826210275,57153752.826210275,101630008.33713982,120035702.5225787,-49832015.79072354,-49832015.79072354,65032313.0918808,46626618.9064419,0.0025276844001763756,-10616.274480740778,81.89313507080078,2023-08-16,0,0,0,1,0,0,0,0,0,0,0,-24.315497903510717,0
82.08975982666016,82.45436630249023,83.70280723571777,84.24437210083008,81.94244794136311,82.45546982847385,82.98159248320783,83.27092094604595,38.26419019825521,16.35447378314495,31.23367922766597,-0.5559966709369206,-0.3101711684614233,-0.24582550247549734,21.878569789777593,-115.18775914455186,-97.60964898146085,39.59363371179858,-3.493239089486655,1.1898906557181934,1.465103327372471,1.0880902360209603,83.2210636959814,82.08975982666016,80.95845595733891,-2.9397430419921875,-0.6886376592887039,-0.5737809401292111,100.0,0.0,-100.0,-0.7543869042041859,-0.00827490705379419,1.013416492565269,0.9899941752078312,0.1451310861423221,0.051962300665147926,1.1333205652025877,0.10739311865207464,1.0,0.48385130553375644,2.804166221557526,2.5240562546262026,4795883.9181499425,8021870.019703948,-1802612.0811736884,-5998856.5980042415,4330455.388994441,4112516.63327877,220401.3405260179,4112516.63327877,8397414.2032818,10007944.669248456,78193224.19052942,78193224.19052942,8438423.6281285,8397414.2032818,8397414.2032818,8397414.2032818,8397414.2032818,8397414.2032818,8397414.2032818,8397414.2032818,0.031274827091401426,0.031028568610366767,3326952.0787782143,3302326.230674749,3299863.645864402,3299863.645864402,26332419.37703586,26332419.37703586,161605896.8865884,103745004.18268542,57860892.70390298,57630641.024135575,57630641.024135575,102478004.29776211,121037274.72093903,-50247811.76271656,-50247811.76271656,65574939.622313604,47015669.19913669,0.0025487752787086986,-10704.856170576535,81.2154769897461,2023-08-17,0,0,0,1,0,0,0,0,0,0,0,-23.23472122084626,0
81.8110565185547,82.22815780639648,83.552001953125,84.14191864013672,81.66194680058973,82.20919249948642,82.80248315328737,83.18582383126152,37.747770501464494,12.639475038176917,21.451804092281886,-0.634508910453448,-0.37503871685982826,-0.2594701935936198,23.195872906595977,-131.58213911220207,-94.19720647214888,32.26129904876623,-2.7135349747344994,1.1560305525717622,1.4254218115799129,0.7158492116681572,83.08397615807175,81.8110565185547,80.53813687903764,-2.2620849609375,-0.9950969350403097,-0.8290387178078618,100.0,0.0,-100.0,-0.02666219075521453,-0.0014102296132249004,1.008857919171127,0.9997647176895044,0.1451310861423221,0.051962300665147926,1.1333205652025877,0.10739311865207464,1.0,0.48385130553375644,2.804166221557526,2.5240562546262026,4802656.766944843,8033198.674363454,-1805157.7681148269,-6007328.310283768,4336570.949767654,4118324.416327542,220712.5959648593,4118324.416327542,8409273.209387377,10022078.100571934,78303650.3170301,78303650.3170301,8450340.54861199,8409273.209387377,8409273.209387377,8409273.209387377,8409273.209387377,8409273.209387377,8409273.209387377,8409273.209387377,0.031318994064287294,0.031072387811812593,3331650.470933239,3306989.845685769,3304523.783161022,3304523.783161022,26369606.577120002,26369606.577120002,161834120.15526155,103891515.0738053,57942605.081456244,57712028.2353924,57712028.2353924,102622725.90482296,121208206.12257895,-50318772.7862008,-50318772.7862008,65667545.94022632,47082065.72247032,0.002552374713113177,-10719.973795075344,81.10094451904297,2023-08-18,0,0,0,1,0,0,0,0,0,0,0,-22.92504287133576,0
81.2059310913086,81.85019149780274,83.30813636779786,84.02623992919922,81.0581649324895,81.7803577170869,82.52135153833515,83.0550307867528,32.57852639698504,8.528764717358925,12.507571179560244,-0.7885329653319104,-0.4577375665542447,-0.33079539877766573,25.093426915090912,-184.67424893839618,-95.7797407284196,33.13829405636194,-4.5194919786242576,1.1784479152624208,1.4758159583113912,1.4698736302409827,82.7299562025639,81.2059310913086,79.6819059800533,-3.7796630859375,-1.3339347235334678,-1.1102992326785426,100.0,0.0,-100.0,-0.8283552346899203,-0.015417124056555487,1.0160613248590327,0.9869058272394327,0.1451310861423221,0.051962300665147926,1.1333205652025877,0.10739311865207464,1.0,0.48385130553375644,2.804166221557526,2.5240562546262026,4877859.3293559505,8158986.785816179,-1833423.8917014406,-6101394.262547417,4404475.2917445125,4182811.337624871,224168.63156732093,4182811.337624871,8540950.096587311,10179009.147369746,79529770.65744534,79529770.65744534,8582660.49012352,8540950.096587311,8540950.096587311,8540950.096587311,8540950.096587311,8540950.096587311,8540950.096587311,8540950.096587311,0.03180940358553046,0.031558935840762505,3383819.2318150904,3358772.457338295,3356267.7798906155,3356267.7798906155,26782515.948037572,26782515.948037572,164368205.16524753,105518303.8545685,58849901.310679026,58615713.96932099,58615713.96932099,104229647.30773737,123106148.8921744,-51106690.98117766,-51106690.98117766,66695803.41553526,47819301.83109823,0.002592341158348348,-10887.832865063063,79.85060119628906,2023-08-21,0,0,0,1,0,0,0,0,0,0,0,-20.263161012549194,0
80.53207702636719,81.52280883789062,82.95164337158204,83.87529235839844,80.23885240697868,81.20215219688147,82.14791114001343,82.8803326129961,28.391385248998102,8.983248767292167,10.050496174275983,-0.9999658734787715,-0.5661832279391501,-0.4337826455396214,27.43085240717055,-213.1191972559353,-95.40064395446583,28.7531360674191,-3.998613041583776,1.2047199067328191,1.5327180941563965,1.5462557958479977,82.8712353691095,80.53207702636719,78.19291868362488,-3.2738265991210938,-1.6633167805046627,-1.3823839823404995,100.0,0.0,-100.0,-0.7337689681993195,-0.01565891579524059,1.018771342008065,0.9864637657238589,0.1451310861423221,0.051962300665147926,1.1333205652025877,0.10739311865207464,1.0,0.48385130553375644,2.804166221557526,2.5240562546262026,4955456.403911791,8288780.095374921,-1862590.0321763444,-6198455.352980294,4474541.764456423,4249351.576140021,227734.71021828256,4249351.576140021,8676819.68541166,10340937.009241344,80794931.68945271,80794931.68945271,8719193.608643671,8676819.68541166,8676819.68541166,8676819.68541166,8676819.68541166,8676819.68541166,8676819.68541166,8676819.68541166,0.0323154281538792,0.032060975963691174,3437649.0894402205,3412203.870421418,3409659.3485195376,3409659.3485195376,27208572.696805537,27208572.696805537,166982977.5499406,107196890.94336219,59786086.6065784,59548173.8087526,59548173.8087526,105887734.4248448,125064523.73836532,-51919697.1469156,-51919697.1469156,67756801.46421829,48580012.150697775,0.002633580168446061,-11061.036707473455,78.60022735595703,2023-08-22,0,0,0,1,0,0,0,0,0,0,0,-19.532193282483146,0
79.73987121582032,81.01503295898438,82.556494140625,83.71174255371093,79.46993694400793,80.60759834618783,81.74640589030419,82.68628451123415,26.436210781091663,6.109602203465093,7.87387189603871,-1.2075202430155372,-0.6944506309544275,-0.5130696120611097,29.80056973321364,-185.44671974624995,-97.53762186357862,25.134901828790333,-6.117054642674735,1.2147965210870613,1.5587882621899685,1.3457925076922095,82.36421832744884,79.73987121582032,77.11552410419179,-5.0777587890625,-2.071156174097185,-1.7184656094282076,100.0,7.142857142857143,-92.85714285714286,-0.7092218536775468,-0.008500246886881113,1.017306935210362,0.9879007866722557,0.1451310861423221,0.051962300665147926,1.1333205652025877,0.10739311865207464,1.0,0.48385130553375644,2.804166221557526,2.5240562546262026,4997940.128933577,8359840.806162325,-1878558.2410163688,-6251595.457808572,4512902.550310498,4285781.779367945,229687.1073373839,4285781.779367945,8751207.106374068,10429591.108593611,81487596.37687466,81487596.37687466,8793944.30635719,8751207.106374068,8751207.106374068,8751207.106374068,8751207.106374068,8751207.106374068,8751207.106374068,8751207.106374068,0.03259247221435503,0.03233583857487192,3467120.469416823,3441457.1054685116,3438890.7690736805,3438890.7690736805,27441835.069929004,27441835.069929004,168414542.74259385,108115902.80964221,60298639.932951644,60058687.48003493,60058687.48003493,106795522.7345016,126136716.97414622,-52364810.968331285,-52364810.968331285,68337688.68976007,48996494.45011546,0.0026561581686501937,-11155.864308330812,77.9321060180664,2023-08-23,0,0,0,1,0,0,0,0,0,0,0,-18.63289506699011,0
78.95720825195312,80.52348403930664,82.1470287322998,83.54110458374024,78.74734535280867,80.0066099505919,81.32314458364762,82.47514245865281,24.708479726996675,5.297470187733497,6.7967737194969,-1.406625081719028,-0.8368855211073476,-0.5697395606116804,32.2302879086939,-164.57033993948923,-96.75604857463728,23.554137984656307,-5.978630032649024,1.2289256926925043,1.5897688475820078,1.412604923563265,81.68648707506891,78.95720825195312,76.22792942883733,-4.915489196777344,-2.311205810151045,-1.913336338141022,100.0,0.0,-100.0,-0.5473023826461736,-0.00808323911470088,1.0183258505248989,0.9900977364575919,0.1451310861423221,0.051962300665147926,1.1333205652025877,0.10739311865207464,1.0,0.48385130553375644,2.804166221557526,2.5240562546262026,5038668.894427036,8427966.071166147,-1893866.8193687242,-6302540.3988828035,4549678.691065439,4320707.0879040565,231558.85291461862,4320707.0879040565,8822521.658534631,10514582.99715095,82151647.78962488,82151647.78962488,8865607.128675269,8822521.658534631,8822521.658534631,8822521.658534631,8822521.658534631,8822521.658534631,8822521.658534631,8822521.658534631,0.03285807186609672,0.03259934689077312,3495374.4166217847,3469501.9190894254,3466914.669336189,3466914.669336189,27665461.611352142,27665461.611352142,169786971.4312334,108996951.22920123,60790020.202032164,60548112.3501046,60548112.3501046,107665811.23116133,127164618.99642415,-52791537.58990319,-52791537.58990319,68894580.05404381,49395772.28878099,0.002677803494599221,-11246.774677316727,77.30216217041016,2023-08-24,0,0,0,1,0,0,0,0,0,0,0,-17.57233337172598,0
78.29098663330078,80.05102157592773,81.74853858947753,83.36765823364257,78.42150904379953,79.59992385517178,80.98473428289844,82.29062065344216,28.447256464905486,9.845869770891786,7.084314054030107,-1.5092816377480602,-0.9713647444354901,-0.5379168933125701,34.530418766454936,-127.97177326759362,-87.71431658519232,28.526169630448077,-5.727202254679076,1.2290925089277092,1.580423163292467,1.2312611199853762,80.05874092908694,78.29098663330078,76.52323233751461,-4.7246246337890625,-2.5760117533956715,-2.1268068460317693,100.0,0.0,-100.0,-0.05426329080983496,0.006049950509018354,1.0160010031205569,0.9991416346756016,0.1451310861423221,0.051962300665147926,1.1333205652025877,0.10739311865207464,1.0,0.48385130553375644,2.804166221557526,2.5240562546262026,5008368.512793709,8377283.918061877,-1882477.9211116787,-6264639.639109357,4522318.88562143,4294724.218929649,230166.3578408405,4294724.218929649,8769466.818293476,10451352.829778502,81657623.21051718,81657623.21051718,8812293.190998767,8769466.818293476,8769466.818293476,8769466.818293476,8769466.818293476,8769466.818293476,8769466.818293476,8769466.818293476,0.03266047759305782,0.03240330847815185,3474354.7423796146,3448637.8308890183,3446066.1397399586,3446066.1397399586,27499093.456895057,27499093.456895057,168765945.81146634,108341490.57316034,60424455.238306016,60184002.11586894,60184002.11586894,107018355.47696912,126399905.82185733,-52474072.05098805,-52474072.05098805,68480277.76273544,49098727.41784723,0.002661700339276759,-11179.141424962387,77.76983642578125,2023-08-25,0,0,0,1,0,0,0,0,0,0,0,-18.96932715995608,0
77.9740997314453,79.59001541137695,81.39156837463379,83.18513626098633,78.3697282582036,79.35742255186994,80.72582308329018,82.13279892926842,32.2900573854532,24.093358338767178,13.078899432464135,-1.532917475476097,-1.0836752906436116,-0.44924218483248546,36.30867449141744,-88.06034707470235,-79.73557177371352,33.00006915427434,-5.562586206277542,1.1869788679142694,1.516592568869543,0.6395015347395514,78.85606388702031,77.9740997314453,77.0921355758703,-4.6100616455078125,-2.7096738444482846,-2.2310632558969417,92.85714285714286,0.0,-92.85714285714286,0.6440588105983241,0.006382040699084435,1.0072339870640785,1.00465568782934,0.1451310861423221,0.051962300665147926,1.1333205652025877,0.10739311865207464,1.0,0.48385130553375644,2.804166221557526,2.5240562546262026,4976607.600543666,8324158.797828494,-1870540.0583301482,-6224911.997393772,4493640.290401046,4267488.930889819,228706.74210457414,4267488.930889819,8713854.643313942,10385074.859363008,81139785.79525687,81139785.79525687,8756409.429640952,8713854.643313942,8713854.643313942,8713854.643313942,8713854.643313942,8713854.643313942,8713854.643313942,8713854.643313942,0.0324533589355094,0.03219782067617468,3452321.8836120632,3426768.057678591,3424212.675085244,3424212.675085244,27324706.07066158,27324706.07066158,167695704.99711314,107654435.58382739,60041269.41328574,59802341.14080778,59802341.14080778,106339691.23955025,125598332.1543114,-52141304.12595288,-52141304.12595288,68046005.38694583,48787364.47218469,0.0026448209841143486,-11108.248133280265,78.26616668701172,2023-08-28,0,0,0,1,0,0,0,0,0,0,0,-19.789900144299807,0
78.06000366210938,79.29604034423828,81.14102172851562,83.00515441894531,78.5897345085615,79.29784518048947,80.56429202862229,82.01111061868053,37.82257709360426,54.45999154990426,29.466406553187724,-1.4730540465583317,-1.1615510418265556,-0.31150300473177617,36.914439775526425,-60.41345962123043,-67.98803212783675,37.7456154803635,-3.586395860127589,1.1955961179233714,1.5128431548477812,1.3076203680416967,79.2116230128122,78.06000366210938,76.90838431140656,-2.9397506713867188,-2.80162037175836,-2.3006292000794986,85.71428571428572,7.142857142857143,-78.57142857142857,0.36496277197066657,0.009756199320700043,1.016805726238932,1.0060753339180992,0.1451310861423221,0.051962300665147926,1.1333205652025877,0.10739311865207464,1.0,0.48385130553375644,2.804166221557526,2.5240562546262026,4928523.938641438,8243731.312002303,-1852467.0208398115,-6164767.298860356,4450223.027522963,4226256.727872248,226496.99230213542,4226256.727872248,8629661.94134393,10284734.935372943,80355818.41422966,80355818.41422966,8671805.566068036,8629661.94134393,8629661.94134393,8629661.94134393,8629661.94134393,8629661.94134393,8629661.94134393,8629661.94134393,0.03213979667304045,0.03188672740789839,3418965.7720691054,3393658.8455549004,3391128.15290348,3391128.15290348,27060696.521639485,27060696.521639485,166075439.9031451,106614285.36536884,59461154.53777625,59224534.77486843,59224534.77486843,105312243.996213,124384809.16364366,-51637518.205909744,-51637518.205909744,67388549.26835099,48315984.10092033,0.002619266894220225,-11000.920955724945,79.02974700927734,2023-08-29,0,0,0,1,0,0,0,0,0,0,0,-19.629347130067064,0
78.30243682861328,79.02115402221679,80.88474731445312,82.82195205688477,78.77458028923631,79.26992275687066,80.42905201166644,81.89868556895134,38.63249066325345,74.35889092819271,50.9707469389547,-1.4002296742071678,-1.209286768302678,-0.1909429059044898,36.72125452305327,-32.1997615163169,-64.34099456457743,40.4357919487155,-3.3566467052925875,1.168827884774495,1.4768319392477192,0.8208408538391012,79.72319561383507,78.30243682861328,76.88167804339149,-2.7488632202148438,-2.8807661507902806,-2.3583249801244506,78.57142857142857,0.0,-78.57142857142857,-0.11627721296641262,0.0014491358715238434,1.0104091089537894,0.9987954893018001,0.1451310861423221,0.051962300665147926,1.1333205652025877,0.10739311865207464,1.0,0.48385130553375644,2.804166221557526,2.5240562546262026,4921392.172706134,8231802.311984713,-1849786.4289709318,-6155846.640673757,4443783.381619376,4220141.169920022,226169.24234002514,4220141.169920022,8617174.484686991,10269852.52368561,80239540.41789551,80239540.41789551,8659257.12594608,8617174.484686991,8617174.484686991,8617174.484686991,8617174.484686991,8617174.484686991,8617174.484686991,8617174.484686991,0.03209328913651753,0.031840586072450466,3414018.3955460778,3388748.0891393707,3386221.0584987,3386221.0584987,27021538.640691493,27021538.640691493,165835122.2786925,106460010.3454944,59375111.9331981,59138834.5682954,59138834.5682954,105159853.08086933,124204819.50428386,-51562796.70756473,-51562796.70756473,67291035.41509898,48246068.99168447,0.002615476713094145,-10985.00219499541,79.14427185058594,2023-08-30,0,0,0,1,0,0,0,0,0,0,0,-19.39381109620789,0
78.51051177978516,78.73386001586914,80.59411315917968,82.61568450927734,78.63056583491405,79.10130715130681,80.23033628924769,81.75922875943441,35.17793578287578,75.83481684408842,68.21789977406178,-1.3911725710375435,-1.2456639288496512,-0.1455086421878924,36.93787929916859,-48.291911830362956,-77.36398930010195,39.35265103258641,-3.5374292806767405,1.166469919850194,1.4889355969516194,1.1358163758342812,79.53336156609224,78.51051177978516,77.48766199347808,-2.8729400634765625,-2.9081922908474485,-2.3723965669289555,71.42857142857143,7.142857142857143,-64.28571428571429,-0.7899099861517254,-0.010130043597216698,1.0145246239103343,0.9886774891589901,0.1451310861423221,0.051962300665147926,1.1333205652025877,0.10739311865207464,1.0,0.48385130553375644,2.804166221557526,2.5240562546262026,4971756.280583177,8316044.2023105,-1868716.6096980157,-6218843.799486839,4489259.778898853,4263328.877316511,228483.79312564534,4263328.877316511,8705360.162664253,10374951.231984612,81060688.72873804,81060688.72873804,8747873.465534883,8705360.162664253,8705360.162664253,8705360.162664253,8705360.162664253,8705360.162664253,8705360.162664253,8705360.162664253,0.032421722599951915,0.03216643344562158,3448956.475002758,3423427.5595697253,3420874.668026422,3420874.668026422,27298069.27254219,27298069.27254219,167532231.08350742,107549491.38205308,59982739.70145434,59744044.34215548,59744044.34215548,106236028.68302353,125475895.79912885,-52090475.49533219,-52090475.49533219,67979672.46085192,48739805.344746605,0.0026422427473189155,-11097.419538739445,78.34253692626953,2023-08-31,0,0,0,1,0,0,0,0,0,0,0,-20.40736083208932,0
78.31580200195313,78.30339431762695,80.26577606201172,82.37013076782226,78.01913973548307,78.68221267590941,79.90328402709278,81.56460361344173,29.667844384075043,46.371424151659305,65.52171064131346,-1.4915702612209003,-1.294845195323901,-0.19672506589699923,37.93295204969065,-95.68438352812421,-96.05679088762646,36.07379765483934,-5.307776633120609,1.2317745631689891,1.6039506630859008,2.080734926313326,79.9910768796001,78.31580200195313,76.64052712430616,-4.304656982421875,-3.03132217385554,-2.462703753740371,100.0,0.0,-100.0,-0.7798185044288966,-0.01973703495335688,1.0271786601428572,0.9793086112236784,0.1451310861423221,0.051962300665147926,1.1333205652025877,0.10739311865207464,1.0,0.48385130553375644,2.804166221557526,2.5240562546262026,5071859.753822904,8483483.002864242,-1906342.1513727165,-6344056.667682975,4579648.460640604,4349168.569388575,233084.18380854937,4349168.569388575,8880637.617733557,10583844.949697705,82692799.40090463,82692799.40090463,8924006.901677286,8880637.617733557,8880637.617733557,8880637.617733557,8880637.617733557,8880637.617733557,8880637.617733557,8880637.617733557,0.03307451546780533,0.03281408621215332,3518399.2438586615,3492356.31829346,3489752.02573694,3489752.02573694,27847700.30686948,27847700.30686948,170905396.8753536,109714938.96735723,61190457.90799638,60946956.55396175,60946956.55396175,108375030.44702764,128002281.29924141,-53139287.469514474,-53139287.469514474,69348404.3412956,49721153.48908184,0.002695442795998308,-11320.859743192896,76.7962875366211,2023-09-01,0,0,0,1,0,0,0,0,0,0,0,-18.717289749104967,0
78.02755432128906,78.00082702636719,79.92550926208496,82.1243896484375,77.62106925155251,78.34452460459704,79.61010728962599,81.37873399266721,29.886911420957585,26.249429555035306,49.48522351692767,-1.5509467365416327,-1.3460655035674474,-0.20488123297418537,39.037661196650284,-118.21069636866734,-88.77243765911014,41.15496238124868,-3.7891673541191495,1.218102895214338,1.5855568269666969,1.0403712118038726,80.08920211795535,78.02755432128906,75.96590652462277,-3.0256729125976562,-3.0726071687887235,-2.4857093126345973,100.0,0.0,-100.0,0.17430653255779613,0.0003729444220419431,1.0136694757522737,1.0023660623261652,0.1451310861423221,0.051962300665147926,1.1333205652025877,0.10739311865207464,1.0,0.48385130553375644,2.804166221557526,2.5240562546262026,5069968.937187853,8480320.314705743,-1905631.456750454,-6341691.569185937,4577941.143026876,4347547.175919752,232997.28876935193,4347547.175919752,8877326.86819542,10579899.235292137,82661971.0798754,82661971.0798754,8920679.983836493,8877326.86819542,8877326.86819542,8877326.86819542,8877326.86819542,8877326.86819542,8877326.86819542,8877326.86819542,0.03306218511028793,0.03280185294406519,3517087.565669212,3491054.349046938,3488451.0273847105,3488451.0273847105,27837318.534197547,27837318.534197547,170841682.42284176,109674036.64714685,61167645.7756949,60924235.200276636,60924235.200276636,108334627.65193085,127954561.35930763,-53119476.8569189,-53119476.8569189,69322550.88262221,49702617.17524544,0.002694437920405355,-11316.63926570249,76.8249282836914,2023-09-05,0,0,0,1,0,0,0,0,0,0,0,-19.65998738579111,0
77.51214141845703,77.7860725402832,79.65444068908691,81.8807048034668,77.2316069994074,78.00055331196434,79.30940016633943,81.18555550256721,28.638373909151504,12.441432731313308,28.354095479335964,-1.6094869811202983,-1.3987497990780176,-0.21073718204228076,40.063462547398515,-117.92789022356449,-94.34858890648677,37.895752869772586,-2.732237466838683,1.1706372910468406,1.5311919122283326,0.5535844368693716,79.60222626455379,77.51214141845703,75.42205657236028,-2.1475448608398438,-3.1391378444890754,-2.5287226163423924,92.85714285714286,0.0,-92.85714285714286,-0.5689743623472344,-0.004845377625340874,1.0072453988700683,0.9958970305880572,0.1451310861423221,0.051962300665147926,1.1333205652025877,0.10739311865207464,1.0,0.48385130553375644,2.804166221557526,2.5240562546262026,5094654.461926516,8521610.73670122,-1914909.9184237276,-6372569.072787159,4600230.999382684,4368715.251048668,234131.7454903328,4368715.251048668,8920550.303039497,10631412.44327053,83064449.70594181,83064449.70594181,8964114.503683636,8920550.303039497,8920550.303039497,8920550.303039497,8920550.303039497,8920550.303039497,8920550.303039497,8920550.303039497,0.03322316388522041,0.03296156416958875,3534212.158183683,3508052.186620517,3505436.1894642008,3505436.1894642008,27972857.592493057,27972857.592493057,171673505.3846966,110208036.19988252,61465469.18481407,61220873.45069848,61220873.45069848,108862105.66295765,128577568.23153746,-53378113.976061404,-53378113.976061404,69660080.27697572,49944617.70839591,0.0027075570567876477,-11371.73963850812,76.45268249511719,2023-09-06,0,0,0,1,0,0,0,0,0,0,0,-18.578041526799343,0
76.97764434814454,77.64004058837891,79.32753677368164,81.6381622314453,76.97833349927942,77.72259570961145,79.03915124564267,81.00070181615374,28.80275922116702,13.640647968361876,17.443836751570153,-1.635486147004272,-1.4460970686632684,-0.1893890783410037,40.49862018148269,-102.61864162101385,-93.30967582739619,34.26808645892675,-1.8738355649011162,1.159286856388821,1.515966749911911,1.0117312058345647,78.37782186543137,76.97764434814454,75.5774668308577,-1.4603195190429688,-3.138633244624182,-2.519179221911301,85.71428571428572,0.0,-85.71428571428572,-0.32075200092128237,0.00024988009946502743,1.0132565979330983,0.9957743432542963,0.1451310861423221,0.051962300665147926,1.1333205652025877,0.10739311865207464,1.0,0.48385130553375644,2.804166221557526,2.5240562546262026,5093381.727193911,8519481.887719726,-1914431.5400800733,-6370977.092397621,4599081.780369958,4367623.868761916,234073.25524203083,4367623.868761916,8918321.791903075,10628756.528531993,83043698.73824117,83043698.73824117,8961875.109439896,8918321.791903075,8918321.791903075,8918321.791903075,8918321.791903075,8918321.791903075,8918321.791903075,8918321.791903075,0.03321486415166248,0.032953329788263555,3533329.2495193705,3507175.8131794785,3504560.4695454896,3504560.4695454896,27965869.47824621,27965869.47824621,171630618.30872238,110180504.2845128,61450114.02420957,61205579.39443158,61205579.39443158,108834909.98482537,128545447.28238477,-53364779.17973205,-53364779.17973205,69642677.95768064,49932140.660121255,0.002706880661178792,-11368.898776950928,76.47178649902344,2023-09-07,0,0,0,1,0,0,0,0,0,0,0,-17.141882272422983,0
76.7142105102539,77.61236114501953,79.06792259216309,81.43329452514648,76.99401157845841,77.59582698728508,78.84736234004016,80.84480636206207,33.57755476271696,19.031676702661994,15.03791913411238,-1.593057518434108,-1.4754891586174363,-0.11756835981667169,40.957076859241354,-88.1315192880451,-80.91451999085254,33.25110872222307,-0.3580681650062534,1.1357940565225493,1.4745714170471464,0.8303876582610172,77.15510068903019,76.7142105102539,76.27332033147762,-0.27679443359375,-2.965291888139606,-2.371787046774841,78.57142857142857,0.0,-78.57142857142857,0.7701104066366692,0.007239025830788393,1.0108954635342167,1.0083718378003854,0.1451310861423221,0.051962300665147926,1.1333205652025877,0.10739311865207464,1.0,0.48385130553375644,2.804166221557526,2.5240562546262026,5056775.598019348,8458252.380255727,-1900672.5225931518,-6325188.886662455,4566028.1843989855,4336233.760560879,232390.97100011897,4336233.760560879,8854225.822462633,10552367.66641881,82446863.76180199,82446863.76180199,8897466.122351628,8854225.822462633,8854225.822462633,8854225.822462633,8854225.822462633,8854225.822462633,8854225.822462633,8854225.822462633,0.03297614895755878,0.03271649424135753,3507935.215878891,3481969.7442587656,3479373.197096753,3479373.197096753,27764878.803399686,27764878.803399686,170397109.23348945,109388637.11484371,61008472.11864576,60765694.958997585,60765694.958997585,108052713.59998827,127621591.28649549,-52981246.56728411,-52981246.56728411,69142156.10364991,49573278.4171427,0.0026874263126829396,-11287.190513268348,77.0253677368164,2023-09-08,0,0,0,1,0,0,0,0,0,0,0,-16.740084484059768,0
76.96046447753906,77.6381332397461,78.84457740783691,81.34481338500977,77.33852684332123,77.67432342105995,78.76928567651699,80.73432600955168,41.25811224798348,45.73383107356374,26.13538524819586,-1.4617144621805949,-1.472734219330068,0.01101975714947323,39.82427643381476,-0.9494021412326938,-47.65612805835901,39.55950039369117,0.33138933950513927,1.141931617702324,1.463497841208576,1.2217199130393936,78.11213055723724,76.96046447753906,75.80879839784089,0.257720947265625,-2.6685555678839514,-2.128153434166535,71.42857142857143,0.0,-71.42857142857143,0.6746008198557624,0.013011163278762838,1.0156095405993044,1.010506779457219,0.1451310861423221,0.051962300665147926,1.1333205652025877,0.10739311865207464,1.0,0.48385130553375644,2.804166221557526,2.5240562546262026,4991826.1331418445,8349614.186757155,-1876260.1948445854,-6243947.861531981,4507381.902505742,4280538.969112647,229406.13038058797,4280538.969112647,8740501.727349777,10416832.557169938,81387912.34535888,81387912.34535888,8783186.646782491,8740501.727349777,8740501.727349777,8740501.727349777,8740501.727349777,8740501.727349777,8740501.727349777,8740501.727349777,0.03255260174115606,0.032296282042406796,3462879.130102507,3437247.160227581,3434683.963240088,3434683.963240088,27408265.387258403,27408265.387258403,168208520.70570832,107983644.28758213,60224876.4181262,59985217.499795645,59985217.499795645,106664879.43751718,125982413.53375518,-52300752.93129282,-52300752.93129282,68254090.98144679,48936556.88520878,0.002652908882054844,-11142.217304630345,78.02755737304688,2023-09-11,0,0,0,1,0,0,0,0,0,0,0,-17.98176397358111,0
77.00628051757812,77.5169174194336,78.55346641540527,81.22831008911133,77.24368739017639,77.56153888702846,78.60592594388554,80.58999983207462,36.805790182047936,55.757787455960475,40.174431744062055,-1.4198146632576396,-1.4621503081155824,0.042335644857942833,38.949677333954796,-34.25717941587342,-73.52915386941838,39.74494262992223,-1.5487639863243197,1.1571755478977985,1.50177203063976,1.3553466404389667,78.15093883255922,77.00628051757812,75.86162220259702,-1.212158203125,-2.397509165113974,-1.90617825434758,64.28571428571429,0.0,-64.28571428571429,-0.7183045620369373,-0.012476987899360359,1.0176507874730363,0.9875229768432243,0.1451310861423221,0.051962300665147926,1.1333205652025877,0.10739311865207464,1.0,0.48385130553375644,2.804166221557526,2.5240562546262026,5054896.00948471,8455108.472860819,-1899966.048237642,-6322837.832659694,4564331.005226631,4334621.99529626,232304.5919634822,4334621.99529626,8850934.732910328,10548445.38256527,82416218.50637396,82416218.50637396,8894158.960507734,8850934.732910328,8850934.732910328,8850934.732910328,8850934.732910328,8850934.732910328,8850934.732910328,8850934.732910328,0.03296389182051647,0.03270433361720532,3506631.326733681,3480675.5064025656,3478079.9243694544,3478079.9243694544,27754558.680061623,27754558.680061623,170333773.1319278,109347977.68193921,60985795.44998858,60743108.52989265,60743108.52989265,108012550.72590333,127574154.7184484,-52961553.59462427,-52961553.59462427,69116456.16871046,49554852.17616539,0.0026864274042704365,-11282.995097935835,77.05400848388672,2023-09-12,0,0,0,1,0,0,0,0,0,0,0,-15.599691196394163,0
76.95664978027344,77.23439559936523,78.26521797180176,81.0769546508789,76.89730119631551,77.31480978185851,78.37722145481013,80.41802057625185,33.41714234168536,47.043575513094765,49.511731347539644,-1.438571721808529,-1.4574345908541717,0.018862869045642716,38.65999296173777,-105.64685863139204,-93.81447446337766,42.937060295785244,-3.574879469564718,1.1542860792433431,1.514721102918455,1.1167229867354251,78.20942982625901,76.95664978027344,75.70386973428786,-2.8252182006835938,-2.2102917737720973,-1.7510153452555386,100.0,35.714285714285715,-64.28571428571429,-0.5299177067438796,-0.011024470913419293,1.0146984697408719,0.9922942735068749,0.1451310861423221,0.051962300665147926,1.1333205652025877,0.10739311865207464,1.0,0.48385130553375644,2.804166221557526,2.5240562546262026,5111244.778880849,8549360.6506826,-1921145.662716704,-6393320.811991654,4615211.2676056335,4382941.607564065,234894.1759742418,4382941.607564065,8949599.330415247,10666032.75038345,83334942.15220238,83334942.15220238,8993305.394242052,8949599.330415247,8949599.330415247,8949599.330415247,8949599.330415247,8949599.330415247,8949599.330415247,8949599.330415247,0.03333135234494828,0.03306890075168097,3545721.0250413483,3519475.8657146175,3516851.3497819444,3516851.3497819444,28063948.86807338,28063948.86807338,172232545.82370538,110566919.4696184,61665626.35408699,61420234.11438206,61420234.11438206,109216606.02225809,128996270.34884885,-53551935.34822813,-53551935.34822813,69886922.51318546,50107258.18659469,0.002716373990316651,-11408.770759329935,76.20452880859375,2023-09-13,0,0,0,1,0,0,0,0,0,0,0,-14.658850172402055,0
77.00627899169922,76.99196166992188,78.00655784606934,80.9568099975586,76.83817831626112,77.20665028627558,78.21938441684271,80.2729975166401,37.1953133240796,28.05712716941143,43.619496712822205,-1.3957586143516068,-1.4450993955536586,0.049340781202051875,38.391000330393396,-81.67109431017569,-79.89712519267671,45.28520369538785,-3.063189840207803,1.1270595526907212,1.469057017048094,0.773114707506636,78.19638811411846,77.00627899169922,75.81616986927997,-2.4243392944335938,-2.1280357184893015,-1.6816327510735931,92.85714285714286,28.571428571428573,-64.28571428571429,0.43209818401025835,0.0067634267361347256,1.010165631971529,1.0043733409903743,0.1451310861423221,0.051962300665147926,1.1333205652025877,0.10739311865207464,1.0,0.48385130553375644,2.804166221557526,2.5240562546262026,5076907.487046078,8491926.130450629,-1908239.4251695657,-6350370.5460560955,4584206.323990002,4353497.049225649,233316.15922496738,4353497.049225649,8889476.010694288,10594378.44793595,82775098.83565114,82775098.83565114,8932888.457616895,8889476.010694288,8889476.010694288,8889476.010694288,8889476.010694288,8889476.010694288,8889476.010694288,8889476.010694288,0.033107432649799845,0.032846744203738426,3521900.906289731,3495832.0616835896,3493225.1772229755,3493225.1772229755,27875415.537347224,27875415.537347224,171075489.285574,109824131.99898368,61251357.28659032,61007613.5895229,61007613.5895229,108482889.9439977,128129674.68141632,-53192173.976601645,-53192173.976601645,69417422.85946418,49770638.12204556,0.0026981254167356564,-11332.126750289757,76.71993255615234,2023-09-14,0,0,0,1,0,0,0,0,0,0,0,-16.03315885751904,0
76.83256683349609,76.773388671875,77.75362434387208,80.85124618530273,76.61105452610768,77.01576967891653,78.02294846721968,80.11157827856798,34.86732801509446,16.94659385490003,30.682432179135386,-1.3912312014791866,-1.4343257567387642,0.043094555259577616,37.958844463316076,-81.75398162540048,-95.10309883889738,43.00327699588961,-2.789965791541582,1.109959102561761,1.4574653889463824,0.887653250885279,78.20101367897367,76.83256683349609,75.46411998801851,-2.18572998046875,-2.104472223037954,-1.6574652745173495,85.71428571428572,21.42857142857143,-64.28571428571429,-0.6666694012157848,-0.007340017014996758,1.0116687621177667,0.9922894824232649,0.1451310861423221,0.051962300665147926,1.1333205652025877,0.10739311865207464,1.0,0.48385130553375644,2.804166221557526,2.5240562546262026,5114447.619596224,8554717.90543502,-1922349.5032320595,-6397327.035346035,4618103.280646963,4385688.074313578,235041.36685692534,4385688.074313578,8955207.385275032,10672716.367670888,83387162.02373767,83387162.02373767,8998940.836473562,8955207.385275032,8955207.385275032,8955207.385275032,8955207.385275032,8955207.385275032,8955207.385275032,8955207.385275032,0.03335223864897153,0.03308962259661742,3547942.867303979,3521681.2620685683,3519055.101545027,3519055.101545027,28081534.47822461,28081534.47822461,172340471.27712062,110636203.61599976,61704267.66112086,61458721.65216977,61458721.65216977,109285044.02663788,129077102.81230512,-53585492.402593665,-53585492.402593665,69930715.50111325,50138656.71544602,0.002718076141865002,-11415.91979583301,76.15680694580078,2023-09-15,0,0,0,1,0,0,0,0,0,0,0,-14.454071192969362,0
76.48323211669921,76.72184829711914,77.51262130737305,80.76057205200195,76.50099761375928,76.88215406257943,77.85703754549043,79.96135496525403,35.820472348721175,23.02149923432459,22.675073419545328,-1.3619317286667751,-1.4198469511243663,0.057915222457591176,37.915859232105504,-92.53027097330089,-82.21713811055974,48.27178720226178,-0.6711310716847052,1.1015795259482826,1.4441095478055173,0.9926450299730618,77.18007444102814,76.48323211669921,75.78638979237029,-0.5154037475585938,-2.123679642784006,-1.6677437317677146,100.0,14.285714285714286,-85.71428571428572,-0.15384953966914683,0.0016292285382975003,1.0131396196522788,0.9980019523170475,0.1451310861423221,0.051962300665147926,1.1333205652025877,0.10739311865207464,1.0,0.48385130553375644,2.804166221557526,2.5240562546262026,5106128.569211049,8540802.985471113,-1919222.6509178372,-6386921.280923294,4610591.573277345,4378554.408514738,234659.05362998144,4378554.408514738,8940641.037745662,10655356.35700832,83251526.26129593,83251526.26129593,8984303.353054043,8940641.037745662,8940641.037745662,8940641.037745662,8940641.037745662,8940641.037745662,8940641.037745662,8940641.037745662,0.033297988615651,0.03303579972891359,3542171.859822402,3515952.971148661,3513331.0822812864,3513331.0822812864,28035857.65883119,28035857.65883119,172060145.97699127,110456245.14916953,61603900.827821724,61358754.21872225,61358754.21872225,109107283.32690556,128867148.77587043,-53498331.39433471,-53498331.39433471,69816967.70487107,50057102.25590621,0.0027136549777321876,-11397.350906475189,76.2808837890625,2023-09-18,0,0,0,1,0,0,0,0,0,0,0,-14.807214995207179,0
76.09953460693359,76.55290756225585,77.27686729431153,80.67276123046875,76.04583872085905,76.56458440303018,77.59784548735406,79.77210657191303,31.271205238780166,13.349253545733518,17.772448878319356,-1.4148236887067327,-1.4188422986408395,0.004018609934106854,38.18438998819624,-127.85704288387326,-98.34707058747942,37.661067619843614,-2.1990353735109713,1.1265232421768983,1.4993217963452719,1.4507915531489033,77.14314656700361,76.09953460693359,75.05592264686356,-1.6894073486328125,-2.111188502218737,-1.6519589057335509,100.0,7.142857142857143,-92.85714285714286,-0.6907845204035542,-0.015015070580083334,1.0193286404407198,0.9868372136573914,0.1451310861423221,0.051962300665147926,1.1333205652025877,0.10739311865207464,1.0,0.48385130553375644,2.804166221557526,2.5240562546262026,5183966.187399619,8670998.642081777,-1948479.203684992,-6484283.251607432,4680875.245464561,4445300.915510842,238236.1867893535,4445300.915510842,9076931.80951615,10817786.180021593,84520609.1735078,84520609.1735078,9121259.711399984,9076931.80951615,9076931.80951615,9076931.80951615,9076931.80951615,9076931.80951615,9076931.80951615,9076931.80951615,0.03380558181256748,0.03353939612900396,3596168.5849432023,3569550.01658685,3566888.1597512146,3566888.1597512146,28463235.143447563,28463235.143447563,174683023.91014445,112140035.70005898,62542988.210085474,62294104.59595358,62294104.59595358,110770510.35812466,130831594.3998896,-54313857.802719146,-54313857.802719146,70881254.74771285,50820170.7059479,0.0027550218248824677,-11571.091664506364,75.1355209350586,2023-09-19,0,0,0,1,0,0,0,0,0,0,0,-10.812067184509436,0
75.85519256591797,76.4059211730957,77.09599685668945,80.57807846069336,75.69149868174458,76.27699062130026,77.34879530794088,79.58429135746607,30.711197362628724,12.22428064762108,16.19834447589304,-1.452321294231993,-1.4255380977590701,-0.02678319647292282,38.54009738100488,-170.4680029415391,-97.85410932914021,31.81244785545828,-1.9225798803010452,1.0999164914504942,1.4668913651625837,0.7540287320072423,77.21134096159308,75.85519256591797,74.49904417024287,-1.4698638916015625,-1.9237969935274903,-1.499488634940903,100.0,0.0,-100.0,-0.6329106589278328,-0.002032358725175487,1.0100688366651243,0.9936756891545634,0.1451310861423221,0.051962300665147926,1.1333205652025877,0.10739311865207464,1.0,0.48385130553375644,2.804166221557526,2.5240562546262026,5194523.322196613,8688657.110169688,-1952447.2769437335,-6497488.479009474,4690407.836756223,4454353.760240485,238721.35421648106,4454353.760240485,9095416.959532967,10839816.57581876,84692735.19283593,84692735.19283593,9139835.135083435,9095416.959532967,9095416.959532967,9095416.959532967,9095416.959532967,9095416.959532967,9095416.959532967,9095416.959532967,0.03387442679943363,0.033607699029359346,3603492.17370353,3576819.396696102,3574152.118995359,3574152.118995359,28521200.45404282,28521200.45404282,175038765.47239622,112368408.61574326,62670356.85665295,62420966.3916335,62420966.3916335,110996094.2387111,131098032.63035925,-54424467.84480657,-54424467.84480657,71025604.25422978,50923665.86258164,0.002760632420268803,-11594.656165128974,74.98281860351562,2023-09-20,0,0,0,1,0,0,0,0,0,0,0,-12.56406598679629,0
75.28824157714844,76.14726028442382,76.89365043640137,80.43414505004883,75.08939165859795,75.84211552875561,77.01892695597553,79.36079670079307,26.972123931830343,3.297776271898561,9.623770155084364,-1.552710194791615,-1.4509725171655792,-0.10173767762603592,39.45441961388254,-221.11738774673853,-99.00590214208421,29.750777296988545,-3.382435542749851,1.111343468108385,1.5041494167340326,1.2598941646609632,77.03751334271934,75.28824157714844,73.53896981157754,-2.58660888671875,-1.8465435366798597,-1.4335324703118744,100.0,0.0,-100.0,-0.6742421177354515,-0.014638566696390853,1.017063077616465,0.9886334692853062,0.1451310861423221,0.051962300665147926,1.1333205652025877,0.10739311865207464,1.0,0.48385130553375644,2.804166221557526,2.5240562546262026,5271693.357006067,8817736.128599364,-1981452.9074857207,-6594015.413436087,4760088.712860163,4520527.808061685,242267.80767755737,4520527.808061685,9230538.81765889,11000853.30057646,85950933.66795129,85950933.66795129,9275616.87130419,9230538.81765889,9230538.81765889,9230538.81765889,9230538.81765889,9230538.81765889,9230538.81765889,9230538.81765889,0.03437766656430144,0.03410697627639355,3657025.789635531,3629956.7608447424,3627249.8579656635,3627249.8579656635,28944912.485990178,28944912.485990178,177639147.9881102,114037757.94127348,63601390.04683674,63348294.62764286,63348294.62764286,112645056.4099874,133045629.95816518,-55232999.79616446,-55232999.79616446,72080763.31555125,51680189.767373465,0.0028016444798466132,-11766.906815355776,73.88517761230469,2023-09-21,0,0,0,1,0,0,0,0,0,0,0,-13.084516987224035,0
74.66974792480468,75.75115737915038,76.68175926208497,80.26883163452149,74.41437400042598,75.33706519336042,76.64229950150948,79.11387677856911,24.563647441838345,2.2279848628555023,5.916680594125025,-1.679147792697492,-1.4966075722719618,-0.1825402204255302,40.66720389707658,-205.6767967518866,-99.63294949994614,27.75092394912878,-5.142499372763254,1.1199090345482998,1.5327710545504272,1.2312613982671934,76.87947296209042,74.66974792480468,72.46002288751895,-3.961029052734375,-1.7806432062969464,-1.376325362767929,100.0,0.0,-100.0,-0.4651147661207849,-0.011109656290329561,1.0168561470809314,0.9922229622520509,0.1451310861423221,0.051962300665147926,1.1333205652025877,0.10739311865207464,1.0,0.48385130553375644,2.804166221557526,2.5240562546262026,5330918.023964233,8916798.697336836,-2003713.475502859,-6668095.664378367,4813565.774141773,4571313.530177288,244989.55745560915,4571313.530177288,9334239.004733264,11124442.027928442,86916546.62691876,86916546.62691876,9379823.486300955,9334239.004733264,9334239.004733264,9334239.004733264,9334239.004733264,9334239.004733264,9334239.004733264,9334239.004733264,0.034763881337276384,0.034490149988163965,3698110.526508692,3670737.3915974507,3668000.0781063265,3668000.0781063265,29270093.16059026,29270093.16059026,179634829.1982751,115318911.41082267,64315917.78745243,64059978.976032324,64059978.976032324,113910563.6196393,134540326.74549627,-55853513.129642196,-55853513.129642196,72890552.29839875,52260789.17254178,0.0028331194633134686,-11899.101745916569,73.06433868408203,2023-09-22,0,0,0,1,0,0,0,0,0,0,0,-11.017315065781085,0
73.83745422363282,75.16034317016602,76.39923820495605,80.07392990112305,73.64938776135169,74.75203793696818,76.21154862357554,78.8395841709077,22.115450259526735,2.4751333702056977,2.666964834986564,-1.834451506309847,-1.5641763590795388,-0.2702751472303082,42.238751847910756,-197.05626837741946,-96.10786558786204,22.84933565131741,-7.5718660031828815,1.1251354751590186,1.5601006618547373,1.193079203098364,76.12629317998838,73.83745422363282,71.54861526727726,-5.90814208984375,-1.8054387201791349,-1.38917443691156,100.0,28.571428571428573,-71.42857142857143,-0.619474583251747,-0.012932757866523592,1.0150066030228613,0.9908208161811191,0.1451310861423221,0.051962300665147926,1.1333205652025877,0.10739311865207464,1.0,0.48385130553375644,2.804166221557526,2.5240562546262026,5400764.807513851,9033628.426432025,-2029966.5412580944,-6755462.424186774,4876634.102189015,4631207.819536909,248199.4609871577,4631207.819536909,9456538.122527461,11270196.753651496,88055345.08373995,88055345.08373995,9502719.861341083,9456538.122527461,9456538.122527461,9456538.122527461,9456538.122527461,9456538.122527461,9456538.122527461,9456538.122527461,0.03521936485516093,0.03494204702165572,3746563.930655308,3718832.1473047878,3716058.968969736,3716058.968969736,29653595.93671148,29653595.93671148,181988441.6486227,116829843.48823993,65158598.16038277,64899305.986055404,64899305.986055404,115403043.23485565,136303101.75697535,-56585317.33756938,-56585317.33756938,73845579.29493329,52945520.77281357,0.0028702395767788626,-12055.006222471224,72.11941528320312,2023-09-25,0,0,0,1,0,0,0,0,0,0,0,-9.185740660263226,0
73.21895904541016,74.65924682617188,76.08808212280273,79.87788223266601,73.11394018888289,74.25949377460039,75.81454828265838,78.57305322475231,21.925250339778405,6.673079480485054,3.792065904515395,-1.941314987555927,-1.6396040847748163,-0.3017109027811107,43.83739566760395,-159.41525193231206,-91.29212276940657,27.2605995976621,-6.5031833366453355,1.119080348078009,1.553349594531137,1.0403636960248832,75.44080069585767,73.21895904541016,70.99711739496264,-5.010963439941406,-1.9008785555390448,-1.455987245608597,100.0,21.42857142857143,-78.57142857142857,0.49541534843352186,-0.0010589414647624862,1.0145604639193646,1.0072057765937432,0.1451310861423221,0.051962300665147926,1.1333205652025877,0.10739311865207464,1.0,0.48385130553375644,2.804166221557526,2.5240562546262026,5406489.963915464,9043204.650811102,-2032118.4357309984,-6762623.646776929,4881803.646493115,4636117.19627154,248462.56830317533,4636117.19627154,9466562.658255061,11282143.883621281,88148689.38599525,88148689.38599525,9512793.35266794,9466562.658255061,9466562.658255061,9466562.658255061,9466562.658255061,9466562.658255061,9466562.658255061,9466562.658255061,0.0352566996363165,0.03497908782815653,3750535.528241228,3722774.3474252303,3719998.229343631,3719998.229343631,29685030.646545853,29685030.646545853,182181361.0459411,116953690.60067399,65227670.445267126,64968103.40463755,64968103.40463755,115525377.84769094,136447591.76966727,-56645301.39600158,-56645301.39600158,73923860.33587827,53001646.41390194,0.002873282214455715,-12067.785300714002,72.04304504394531,2023-09-26,0,0,0,1,0,0,0,0,0,0,0,-10.782121792776865,0
72.36566467285157,74.11042861938476,75.672412109375,79.66140930175781,72.31474237282949,73.61528522298626,75.3290052786645,78.2649470881237,18.886477626876154,8.342720699086117,5.8303111832589325,-2.108750172406886,-1.7334333023012303,-0.3753168701056555,45.61853625497072,-148.809499740046,-96.6912196347584,22.35399148305161,-7.201910639269227,1.1782253611270577,1.6661287176597965,1.9471105307646894,74.49771284777322,72.36566467285157,70.23361649792992,-5.488182067871094,-2.247958447938385,-1.713937319242035,100.0,14.285714285714286,-85.71428571428572,-0.6078455571886392,-0.018415355742020467,1.0276347998369117,0.983539022128991,0.1451310861423221,0.051962300665147926,1.1333205652025877,0.10739311865207464,1.0,0.48385130553375644,2.804166221557526,2.5240562546262026,5507920.27518162,9212862.796613159,-2070242.691364799,-6889496.169623839,4973390.399952184,4723094.664725702,253123.9356245212,4723094.664725702,9644163.357314158,11493806.417631889,89802433.13874424,89802433.13874424,9691261.378542708,9644163.357314158,9644163.357314158,9644163.357314158,9644163.357314158,9644163.357314158,9644163.357314158,9644163.357314158,0.03591814505509965,0.03563532501529572,3820898.7377511524,3792616.733770759,3789788.5333727193,3789788.5333727193,30241946.856234692,30241946.856234692,185599237.02113286,119147840.46880046,66451396.5523324,66186959.81511572,66186959.81511572,117692731.36400922,139007463.66383272,-57708015.02179377,-57708015.02179377,75310734.29919064,53996001.99936713,0.0029271874119707196,-12294.187130277023,70.71634674072266,2023-09-27,0,0,0,1,0,0,0,0,0,0,0,-7.8455524492409205,0
71.83880004882812,73.56352081298829,75.27774124145508,79.44360061645507,71.96011307928215,73.1853887264774,74.94060996566668,77.98988463338111,23.487482231938795,13.476190005866508,9.497330061812535,-2.173261449054664,-1.821398931651917,-0.35186251740274677,47.27245251466844,-119.76025396730064,-89.82838807316678,25.87655034335336,-7.128627309417867,1.1499714662234735,1.613975684108554,0.7826708324768816,73.445781636961,71.83880004882812,70.23181846069524,-5.469078063964844,-2.520836458811165,-1.9148652981489107,92.85714285714286,7.142857142857143,-85.71428571428572,0.31249880791165274,0.007558475177239954,1.010794805629054,1.0033602149848484,0.1451310861423221,0.051962300665147926,1.1333205652025877,0.10739311865207464,1.0,0.48385130553375644,2.804166221557526,2.5240562546262026,5466601.10641491,9143749.989292206,-2054712.200203191,-6837812.731823734,4936081.153083759,4687663.0796985375,251225.0572652809,4687663.0796985375,9571815.031001205,11407582.488559794,89128755.65157354,89128755.65157354,9618559.733555827,9571815.031001205,9571815.031001205,9571815.031001205,9571815.031001205,9571815.031001205,9571815.031001205,9571815.031001205,0.035648695276749354,0.03536799688874345,3792235.221959715,3764165.3831591248,3761358.399279066,3761358.399279066,30015078.629470933,30015078.629470933,184206913.63693213,118254020.39106576,65952893.245866366,65690440.253080845,65690440.253080845,116809827.1847754,137964661.19684008,-57275102.58066395,-57275102.58066395,74745770.25015119,53590936.23808651,0.0029052283158610692,-12201.958926616491,71.2508544921875,2023-09-28,0,0,0,1,0,0,0,0,0,0,0,-8.53687421511872,0
71.66508636474609,73.16741714477538,74.9704029083252,79.21605606079102,72.03866547407873,73.0054580968764,74.6791966607148,77.76266446201997,30.94475223967972,32.012411644183516,17.94377411637869,-2.123660063528618,-1.8818511580272572,-0.2418089055013608,47.14793847680752,-73.94486899063484,-77.39134092850622,30.548319967997045,-5.201159083452511,1.168730777942313,1.618835526892918,1.4126018302872296,72.83216403083318,71.66508636474609,70.49800869865899,-3.9610366821289062,-2.67794659339159,-2.028300211979797,85.71428571428572,0.0,-85.71428571428572,0.4594611313492346,0.01326181669285087,1.0147960631834305,1.0067882624101556,0.1451310861423221,0.051962300665147926,1.1333205652025877,0.10739311865207464,1.0,0.48385130553375644,2.804166221557526,2.5240562546262026,5395052.9037570525,9024074.369185416,-2027819.6280103528,-6748317.778460682,4871476.524393723,4626309.8070728,247936.96271438058,4626309.8070728,9446536.791687572,11258277.279008297,87962216.85573597,87962216.85573597,9492669.68822481,9446536.791687572,9446536.791687572,9446536.791687572,9446536.791687572,9446536.791687572,9446536.791687572,9446536.791687572,0.03518211649690093,0.034905091957555257,3742601.5265600914,3714899.0726255234,3712128.827232067,3712128.827232067,29622233.9922332,29622233.9922332,181795968.82290354,116706283.05824338,65089685.76466018,64830667.82037197,64830667.82037197,115280991.80330987,136158946.2110968,-56525472.13078859,-56525472.13078859,73767479.4596635,52889525.05187658,0.002867203982227753,-12042.256725356563,72.19577026367188,2023-09-29,0,0,0,1,0,0,0,0,0,0,0,-9.348288949918228,0
71.50473480224609,72.67109451293945,74.6964714050293,78.96006820678711,71.79832947295353,72.69858525575398,74.35905007118987,77.50991908981146,28.194608848084318,43.14752774816073,29.545376466070234,-2.130646208626459,-1.9316101681470976,-0.1990360404793612,47.34147418364058,-85.12369837845839,-87.05045125781476,33.09311067718524,-6.506513915182277,1.1759248017465376,1.64885505700969,1.2694471112014583,72.59590547657075,71.50473480224609,70.41356412792143,-4.963226318359375,-2.977480621150649,-2.2483165447528535,78.57142857142857,0.0,-78.57142857142857,-0.47862801995370113,-0.012162939598285627,1.0157449311906825,0.992561137517609,0.1451310861423221,0.051962300665147926,1.1333205652025877,0.10739311865207464,1.0,0.48385130553375644,2.804166221557526,2.5240562546262026,5461480.561949252,9135185.073452985,-2052787.559099796,-6831407.778643584,4931457.5446406985,4683272.163520026,250989.7357096062,4683272.163520026,9562849.148265444,11396897.049428375,89045269.08513153,89045269.08513153,9609550.065234963,9562849.148265444,9562849.148265444,9562849.148265444,9562849.148265444,9562849.148265444,9562849.148265444,9562849.148265444,0.035615303279463675,0.03533486782057026,3788683.0496500335,3760639.5037606917,3757835.1491717575,3757835.1491717575,29986963.61947284,29986963.61947284,184034367.72150898,118143252.29991223,65891115.42159673,65628908.26753139,65628908.26753139,116700411.86390562,137835430.2234078,-57221453.20990682,-57221453.20990682,74675756.17143294,53540737.811930746,0.0029025069995468424,-12190.52939809674,71.31765747070312,2023-10-02,0,0,0,1,0,0,0,0,0,0,0,-8.164800762707767,0
70.15321350097656,71.68608627319335,74.1194969177246,78.57121871948242,69.62736582783491,71.35074039790737,73.49489659180014,77.03052769560699,17.01056996065758,42.52674450961366,39.22889463398595,-2.5930414655904315,-2.0638964276357643,-0.5291450379546672,49.2462914289837,-219.2930133288217,-87.17033361107134,30.299546006210104,-13.109754580625854,1.6455201490381535,2.5205010273316986,7.750259663829162,75.11265990337743,70.15321350097656,65.19376709857569,-9.850082397460938,-3.5640087176183375,-2.6740947625576013,100.0,0.0,-100.0,-0.3946269560159465,-0.08458240423254881,1.0726727339065307,0.9728346451566419,0.1451310861423221,0.051962300665147926,1.1333205652025877,0.10739311865207464,1.0,0.48385130553375644,2.804166221557526,2.5240562546262026,5966108.35011376,9979254.403335338,-2242460.2373726685,-7462613.576830355,5387112.469152784,5115995.350290105,274180.58913231397,5115995.350290105,10446433.619454645,12449943.1757958,97272839.73657876,97272839.73657876,10497449.589854872,10446433.619454645,10446433.619454645,10446433.619454645,10446433.619454645,10446433.619454645,10446433.619454645,10446433.619454645,0.03890607242436187,0.03859972539739839,4138748.3342766054,4108113.6315802573,4105050.1613106225,4105050.1613106225,32757687.59320484,32757687.59320484,201038704.7096485,129059407.25430937,71979297.4553391,71692862.98512824,71692862.98512824,127483251.80058227,150571095.4876849,-62508579.11676314,-62508579.11676314,81575618.07497008,58487774.387867466,0.0031706917290720105,-13316.905262102446,65.28543853759766,2023-10-03,0,0,0,1,0,0,0,0,0,0,0,0.9717201858154398,1
69.06894226074219,70.71730346679688,73.56161231994629,78.16251678466797,68.1832407317402,70.24969496911527,72.71395315825258,76.57031055223224,17.0666700675333,27.01089954953976,37.56172393577136,-2.9250046386617754,-2.2361180698409666,-0.6888865688208088,51.07780216755439,-199.06262436639045,-83.98623815686189,36.50570237672661,-12.920063881821886,1.7468282443842968,2.6752867715421447,3.06383348388416,75.27552756720989,69.06894226074219,62.86235695427448,-9.687828063964844,-4.146821913354497,-3.090694476396621,100.0,7.142857142857143,-92.85714285714286,-0.046727083882960076,0.00014631136999443406,1.0485774666392957,0.9978122243024267,0.1451310861423221,0.051962300665147926,1.1333205652025877,0.10739311865207464,1.0,0.48385130553375644,2.804166221557526,2.5240562546262026,5965235.568325418,9977794.53854688,-2242132.187940542,-7461521.871343116,5386324.3886522455,5115246.931503696,274140.479263222,5115246.931503696,10444905.411034493,12448121.874030551,97258609.69615036,97258609.69615036,10495913.918310141,10444905.411034493,10444905.411034493,10444905.411034493,10444905.411034493,10444905.411034493,10444905.411034493,10444905.411034493,0.03890038085634547,0.03859407864487819,4138142.87692305,4107512.6557763214,4104449.6336616483,4104449.6336616483,32752895.47219702,32752895.47219702,201009294.76434988,129040527.15799609,71968767.6063538,71682375.03863189,71682375.03863189,127464602.27999689,150549068.447229,-62499434.738842614,-62499434.738842614,81563684.38056657,58479218.21333447,0.0031702278886864225,-13314.957132482974,65.29499053955078,2023-10-04,0,0,0,1,0,0,0,0,0,0,0,1.2380664719639136,1
67.3012710571289,69.57003555297851,72.85864791870117,77.69406494140625,66.25965997920049,68.8247501518436,71.73286223595434,76.01510223544356,13.992693054900815,14.270417001435883,27.936020353529752,-3.3816987465592234,-2.465234205184618,-0.9164645413746055,52.87023426946062,-181.33215072529373,-99.46235356727826,31.36319389821439,-15.52771409494853,1.844990960035467,2.9561241820826636,3.1211062635006783,74.89475889534285,67.3012710571289,59.707783218914955,-11.472679138183594,-4.752607610139533,-3.5118214044815375,100.0,0.0,-100.0,-0.9755346402056916,-0.04414568470890112,1.050068969448777,0.9534849466865757,0.1451310861423221,0.051962300665147926,1.1333205652025877,0.10739311865207464,1.0,0.48385130553375644,2.804166221557526,2.5240562546262026,6240737.184419936,10438614.314889828,-2345684.01488852,-7806128.770858518,5635089.262542982,5351492.219759328,286801.52914279036,5351492.219759328,10927298.48465827,13023032.56353408,101750453.11850783,101750453.11850783,10980662.795996984,10927298.48465827,10927298.48465827,10927298.48465827,10927298.48465827,10927298.48465827,10927298.48465827,10927298.48465827,0.040696976761043994,0.04037652812513026,4329261.071194523,4297216.207603149,4294011.721244012,4294011.721244012,34265572.63825539,34265572.63825539,210292815.07520723,135000203.5809167,75292611.49429053,74992992.0197112,74992992.0197112,133351495.34914054,157502106.79477897,-65385941.9150175,-65385941.9150175,85330665.01428819,61180053.56864976,0.0033166433817071288,-13929.90220316994,62.412498474121094,2023-10-05,0,0,0,1,0,0,0,0,0,0,0,7.647449780460462,1
65.25819931030273,68.46164283752441,72.1064001083374,77.22384376525879,64.833243829314,67.58032494778858,70.80405740677212,75.46472220776111,13.597332579630628,13.994916632268732,18.425411061081444,-3.7354381173108067,-2.7192749876098556,-1.016163129700951,54.80985193635498,-160.87717464896497,-86.75603041246961,37.636753080705724,-15.17009166738108,1.9025010571736758,3.069519885757629,2.650132319970389,71.9251947206779,65.25819931030273,58.591203899927564,-11.083927154541016,-5.373589455087992,-3.935206853426422,100.0,0.0,-100.0,-0.15073397930805293,-0.006923083599340907,1.0437017566300435,0.993688484629107,0.1451310861423221,0.051962300665147926,1.1333205652025877,0.10739311865207464,1.0,0.48385130553375644,2.804166221557526,2.5240562546262026,6284243.5277209645,10511385.515558943,-2362036.591677405,-7860548.0018116925,5674373.424132126,5388799.328007194,288800.92206984665,5388799.328007194,11003476.472158404,13113820.640132478,102459790.81589727,102459790.81589727,11057212.804619065,11003476.472158404,11003476.472158404,11003476.472158404,11003476.472158404,11003476.472158404,11003476.472158404,11003476.472158404,0.040980689500413996,0.04065800690592255,4359441.851579473,4327173.5921303285,4323946.766185414,4323946.766185414,34504449.82897062,34504449.82897062,211758839.2220408,135941336.82033,75817502.40171081,75515794.1758613,75515794.1758613,134281134.8716715,158600108.60551953,-65841769.99300767,-65841769.99300767,85925534.67415544,61606560.9403074,0.0033397648529864946,-14027.012382543278,61.980411529541016,2023-10-06,0,0,0,1,0,0,0,0,0,0,0,7.493811621061395,1
63.123817443847656,67.31427612304688,71.23730964660645,76.72196594238281,63.437411932351914,66.31949280063206,69.8365993812155,74.88358596974804,12.429130493276821,10.812049456145445,13.025794363283339,-4.07648412710742,-2.9907168155093684,-1.085767311598052,56.63998278619516,-132.15782770550163,-92.64414633758624,38.086941831970165,-15.909262574744766,1.946986946385686,3.2104261323342334,2.5253035061418174,66.84841434643765,63.123817443847656,59.39922054125767,-11.47366714477539,-6.006538134301063,-4.357846920306869,100.0,0.0,-100.0,-0.406130699390233,-0.021533632290859472,1.0421511738942615,0.9834942174845476,0.1451310861423221,0.051962300665147926,1.1333205652025877,0.10739311865207464,1.0,0.48385130553375644,2.804166221557526,2.5240562546262026,6422544.233619507,10742715.194359714,-2414019.1933296425,-8033539.282719959,5799252.392718821,5507393.514836753,295156.7183101134,5507393.514836753,11245635.859636724,13402423.499578781,104714678.19152935,104714678.19152935,11300554.796284974,11245635.859636724,11245635.859636724,11245635.859636724,11245635.859636724,11245635.859636724,11245635.859636724,11245635.859636724,0.04188257343618369,0.04155278939337909,4455382.418290092,4422404.014009632,4419106.173581586,4419106.173581586,35263807.697095454,35263807.697095454,216419129.1703021,138933070.47293422,77486058.69736788,77177710.61734557,77177710.61734557,137236331.57270458,162090505.95867297,-67290785.01406379,-67290785.01406379,87816543.83822185,62962369.45225347,0.0034132648430275684,-14335.712340715789,60.645748138427734,2023-10-09,0,0,0,1,0,0,0,0,0,0,0,8.409786211641913,1
62.20548095703125,66.17934722900391,70.41929702758789,76.2277296447754,62.522859989406484,65.29663158297453,68.96585240238694,74.3271220534252,12.719604447110905,16.746641496376487,13.851202528263542,-4.293400062045251,-3.251253464816545,-1.0421465972287058,58.33939000390391,-105.0881530912535,-92.08138813327525,36.52867261574337,-15.753483120413314,1.906679256996597,3.1414751358355204,1.3826792949384412,65.59448204386733,62.20548095703125,58.81647987019517,-11.349288940429688,-6.630393255150866,-4.769400669978211,92.85714285714286,0.0,-92.85714285714286,-0.47222163353537033,0.0007916130406753208,1.0229117339119616,0.9893567019616225,0.1451310861423221,0.051962300665147926,1.1333205652025877,0.10739311865207464,1.0,0.48385130553375644,2.804166221557526,2.5240562546262026,6417464.08536147,10734217.84753016,-2412109.7358072377,-8027184.858506054,5794665.260132551,5503037.238795201,294923.25321686856,5503037.238795201,11236740.709156668,13391822.358361496,104631850.25439797,104631850.25439797,11291616.205646282,11236740.709156668,11236740.709156668,11236740.709156668,11236740.709156668,11236740.709156668,11236740.709156668,11236740.709156668,0.041849444869879675,0.04151992168192786,4451858.269228932,4418905.950433752,4415610.718554233,4415610.718554233,35235914.48768688,35235914.48768688,216247944.47743452,138823176.2362776,77424768.2411569,77116664.06042197,77116664.06042197,137127779.43426555,161962294.4942536,-67237558.88562675,-67237558.88562675,87747082.10374731,62912567.043759264,0.0034105649953012174,-14324.372980265112,60.693756103515625,2023-10-10,0,0,0,1,0,0,0,0,0,0,0,7.034635734983631,1
61.056707763671874,65.06282501220703,69.5866268157959,75.73793853759766,61.532281517188956,64.2519939447526,68.06921165670761,73.74767117183025,11.722913138732928,12.423509147554705,13.327400033358865,-4.505570901706363,-3.5021169521945086,-1.0034539495118548,60.027647397469806,-100.91549514242402,-97.89349823872978,35.82214025207966,-15.78874288982346,1.902171527859665,3.194182379437306,1.84357104907955,63.10781469673748,61.056707763671874,59.00560083060627,-11.16522216796875,-7.229583912627858,-5.152381163377029,100.0,0.0,-100.0,-0.6927065845183046,-0.018826179233542795,1.0311233915769824,0.9790055556686283,0.1451310861423221,0.051962300665147926,1.1333205652025877,0.10739311865207464,1.0,0.48385130553375644,2.804166221557526,2.5240562546262026,6540598.56626462,10940179.630093453,-2458391.861620386,-8181205.703425219,5905849.847895422,5608626.241674925,300582.06504784775,5608626.241674925,11452344.601264367,13648776.674351433,106639463.91543895,106639463.91543895,11508273.016116232,11452344.601264367,11452344.601264367,11452344.601264367,11452344.601264367,11452344.601264367,11452344.601264367,11452344.601264367,0.042652427107348234,0.0423165812246132,4537277.875750193,4503693.287476691,4500334.828649341,4500334.828649341,35912000.24085627,35912000.24085627,220397181.31544676,141486832.7080252,78910348.60742158,78596332.70706433,78596332.70706433,139758905.6413535,165069930.59367868,-68527673.14266826,-68527673.14266826,89430720.88409625,64119695.931771055,0.003476004886307513,-14599.220522491556,59.551124572753906,2023-10-11,0,0,0,1,0,0,0,0,0,0,0,9.055901074692988,1
60.01201858520508,63.65664482116699,68.61008281707764,75.19632438659669,60.084538538721674,62.967822787849784,67.0330060305247,73.09831358006385,9.981661588992196,10.336889814079296,13.169013486003484,-4.8088834744899955,-3.763470256653606,-1.0454132178363897,61.79855055217858,-113.52964679463233,-97.44718482005104,37.30198909667724,-19.735625643538402,1.9645132014163837,3.4351210812714505,2.7749549576537262,63.227295907114296,60.01201858520508,56.79674126329586,-14.06180191040039,-8.010118512063578,-5.649305025736496,100.0,0.0,-100.0,-0.8048774976639967,-0.0396646076444962,1.0485371026558692,0.9626636884035359,0.1451310861423221,0.051962300665147926,1.1333205652025877,0.10739311865207464,1.0,0.48385130553375644,2.804166221557526,2.5240562546262026,6810744.057054782,11392040.444598692,-2559930.500520719,-8519112.977142721,6149778.395035088,5840278.600914756,312996.96693525184,5840278.600914756,11925359.298873842,14212510.319830878,111043979.80571604,111043979.80571604,11983597.717760688,11925359.298873842,11925359.298873842,11925359.298873842,11925359.298873842,11925359.298873842,11925359.298873842,11925359.298873842,0.04441409474947149,0.044064377467979594,4724680.472955589,4689708.7448064,4686211.57199148,4686211.57199148,37395268.90992903,37395268.90992903,229500217.39265293,147330644.93331572,82169572.45933717,81842586.80114226,81842586.80114226,145531349.5200399,171887792.43967706,-71358062.70201504,-71358062.70201504,93124466.30207099,66768023.38243384,0.0036195738634411806,-15202.210226452959,57.18905258178711,2023-10-12,0,0,0,1,0,0,0,0,0,0,0,14.252869591689892,1
59.32836151123047,62.2932804107666,67.730348777771,74.68446250915527,59.57706774570377,62.16678703727127,66.22625556663358,72.52826701455812,17.639888954181142,15.637303427531991,12.799234129721986,-4.882186504224677,-3.98721350616782,-0.8949729980568568,63.44296062440815,-97.38759208618592,-88.75858050866053,37.77705607566964,-18.884269887572913,1.9298120387723758,3.2953244107135014,1.4786969244002748,61.983649459354865,59.32836151123047,56.67307356310607,-13.633644104003906,-8.553080041734166,-5.973323650849174,92.85714285714286,0.0,-92.85714285714286,0.8246751316565228,0.02400937794724256,1.0258823683281906,1.0212659147991345,0.1451310861423221,0.051962300665147926,1.1333205652025877,0.10739311865207464,1.0,0.48385130553375644,2.804166221557526,2.5240562546262026,6651056.331835346,11124937.612813165,-2499909.2348669954,-8319370.076688525,6005587.963816409,5703344.839109128,305658.3012576449,5703344.839109128,11645752.03674379,13879277.500682333,108440393.41545665,108440393.41545665,11702624.971837014,11645752.03674379,11645752.03674379,11645752.03674379,11645752.03674379,11645752.03674379,11645752.03674379,11645752.03674379,0.043372742189632295,0.04303122453459582,4613903.519542774,4579751.754039126,4576336.577488761,4576336.577488761,36518482.85305025,36518482.85305025,224119253.52941138,143876265.30204126,80242988.22737011,79923669.21991101,79923669.21991101,142119156.96687862,167857635.03870252,-69684969.9219175,-69684969.9219175,90941028.77138768,65202550.699563764,0.0035347077296275136,-14845.772464435559,58.56212615966797,2023-10-13,0,0,0,1,0,0,0,0,0,0,0,9.330348215280253,1
59.009577941894534,61.066697692871095,66.86889610290527,74.19823852539062,59.401988594385195,61.600431265357955,65.54297696902543,71.99977929993813,20.2458922826093,29.25011895500798,18.408104065539746,-4.844915482748597,-4.158753901483975,-0.6861615812646216,64.27243783356899,-77.32287068216873,-85.67621571535213,44.62176304458471,-17.198864368187927,1.8797572539921001,3.1832328391941127,1.2290450518485159,61.31540356908439,59.009577941894534,56.70375231470468,-12.265827178955078,-9.109029112400048,-6.298619099152397,85.71428571428572,21.42857142857143,-64.28571428571429,0.16406194120592232,0.00836213034248301,1.0211430254367337,1.0034263188339985,0.1451310861423221,0.051962300665147926,1.1333205652025877,0.10739311865207464,1.0,0.48385130553375644,2.804166221557526,2.5240562546262026,6595900.551696008,11032680.89712439,-2479178.0250790645,-8250379.329361477,5955784.914073135,5656048.226614806,303123.54268384736,5656048.226614806,11549176.31901586,13764179.636504533,107541120.54825546,107541120.54825546,11605577.619086409,11549176.31901586,11549176.31901586,11549176.31901586,11549176.31901586,11549176.31901586,11549176.31901586,11549176.31901586,0.04301306136407666,0.04267437584152488,4575641.409674612,4541772.857419434,4538386.002193916,4538386.002193916,36215642.926462345,36215642.926462345,222260680.746996,142683130.36822864,79577550.37876736,79260879.41518143,79260879.41518143,140940593.3546997,166465627.76181498,-69107087.44907892,-69107087.44907892,90186874.372702,64661839.965586744,0.003505395158410972,-14722.659665326084,59.05183029174805,2023-10-16,0,0,0,1,0,0,0,0,0,0,0,7.523867927581525,1
58.75032501220703,60.47790298461914,66.08199462890624,73.71358306884765,59.400489547949505,61.19989675439798,64.95769263436378,71.50557193347302,22.119119239597435,47.10404671165312,30.663823031397687,-4.732927718047286,-4.2735886647966375,-0.4593390532506483,64.65383273679679,-63.654800838147175,-83.50050648509301,41.96952822808526,-9.018775418240754,1.8223041832309228,3.067981725472561,1.0754142633356167,60.4530287878837,58.75032501220703,57.047621236530354,-5.887947082519531,-9.715852821135652,-6.648601336356926,78.57142857142857,14.285714285714286,-64.28571428571429,0.6428588458486165,0.005853521586415278,1.018318595732181,1.0117762713099574,0.1451310861423221,0.051962300665147926,1.1333205652025877,0.10739311865207464,1.0,0.48385130553375644,2.804166221557526,2.5240562546262026,6557515.9902935615,10968476.682095649,-2464750.554503151,-8202366.5994121265,5921125.478270207,5623133.095656097,301359.5281803716,5623133.095656097,11481966.380950473,13684079.581285255,106915289.59270671,106915289.59270671,11538039.45606542,11481966.380950473,11481966.380950473,11481966.380950473,11481966.380950473,11481966.380950473,11481966.380950473,11481966.380950473,0.042762748691516424,0.04242603413489031,4549013.660018794,4515342.204356183,4511975.058789922,4511975.058789922,36004887.54003032,36004887.54003032,220967244.2131039,141852791.98823225,79114452.22487165,78799624.11442623,78799624.11442623,140120395.5943909,165496888.15451795,-68704921.70677534,-68704921.70677534,89662035.71118465,64285543.1510576,0.0034849956610802754,-14636.981776537157,59.397491455078125,2023-10-17,0,0,0,1,0,0,0,0,0,0,0,7.922869986030169,1
58.594773864746095,59.825740814208984,65.27152214050292,73.25156936645507,59.19144931044941,60.75870986004366,64.36870941541953,71.00626985119757,21.15303702525354,55.89547891456166,44.08321486040757,-4.641039077547468,-4.347078747346804,-0.29396033020066437,64.74634146547906,-58.923993113528766,-87.4289470748836,37.76089106377761,-9.987935751596833,1.7861011989806976,3.03896345295662,1.3154624037277713,60.10798778719414,58.594773864746095,57.08155994229805,-6.5216217041015625,-10.32206022372422,-6.990857197688172,71.42857142857143,7.142857142857143,-64.28571428571429,-0.49635097469767664,-0.010507558557433794,1.0223929212986433,0.9890127595430303,0.1451310861423221,0.051962300665147926,1.1333205652025877,0.10739311865207464,1.0,0.48385130553375644,2.804166221557526,2.5240562546262026,6627151.169273671,11084952.469272904,-2490924.0851904117,-8289468.676945141,5984002.73744172,5682845.932060093,304559.70713735226,5682845.932060093,11603894.987020908,13829392.7352648,108050637.99864556,108050637.99864556,11660563.50995899,11603894.987020908,11603894.987020908,11603894.987020908,11603894.987020908,11603894.987020908,11603894.987020908,11603894.987020908,0.0432168522977025,0.042876562122130035,4597320.271983943,4563291.254426697,4559888.352670972,4559888.352670972,36387228.473963216,36387228.473963216,223313726.2685494,143359146.61604407,79954579.65250535,79636408.3383451,79636408.3383451,141608353.66272375,167254322.74474224,-69434508.87468272,-69434508.87468272,90614169.40231268,64968200.32029418,0.0035220033171749674,-14792.413932134863,58.77336883544922,2023-10-18,0,0,0,1,0,0,0,0,0,0,0,7.145608196124822,1
58.686953735351565,59.34948616027832,64.45976085662842,72.7443711090088,58.677616851904425,60.19348114636562,63.7288277506,70.48249267800608,19.50191479244631,46.48712852424637,49.82888471682037,-4.605774521337011,-4.398817902144845,-0.2069566191921659,65.05223607742946,-79.57981928390738,-94.27661635636652,35.574279232563136,-7.630757709982394,1.7538561489081737,3.042250843316021,1.3346704979653623,59.865570205643074,58.686953735351565,57.50833726506006,-4.762546539306641,-10.316561465208842,-6.91351017585167,64.28571428571429,0.0,-64.28571428571429,-0.7697821785438841,-0.019114386717903664,1.023189910513717,0.9824905959067695,0.1451310861423221,0.051962300665147926,1.1333205652025877,0.10739311865207464,1.0,0.48385130553375644,2.804166221557526,2.5240562546262026,6756293.577493572,11300963.455037387,-2539464.3895893684,-8451004.444043307,6100612.198214349,5793586.790456619,310494.621404711,5793586.790456619,11830018.536201838,14098884.261326766,110156206.3257328,110156206.3257328,11887791.351064997,11830018.536201838,11830018.536201838,11830018.536201838,11830018.536201838,11830018.536201838,11830018.536201838,11830018.536201838,0.04405901331664614,0.04371209195194814,4686907.6370699955,4652215.500600195,4648746.286953215,4648746.286953215,37096301.52715726,37096301.52715726,227665410.97623974,146152767.1267974,81512643.84944235,81188272.37344971,81188272.37344971,144367856.7054262,170513585.35589105,-70787569.85980363,-70787569.85980363,92379955.59860723,66234226.94814237,0.0035906361246243112,-15080.671723422109,57.64995193481445,2023-10-19,0,0,0,1,0,0,0,0,0,0,0,8.965419492318622,1
58.45074615478516,58.88955383300781,63.675598335266116,72.24763984680176,58.245440653548265,59.68213698463295,63.12428113214628,69.96871211247,19.11731481591865,28.404270667132177,43.59562603531339,-4.547105951366007,-4.4284755119890775,-0.11863043937692908,65.40040442781155,-91.96393939420751,-94.69873919486923,36.663092356910994,-7.4206078327068825,1.6944224023517551,2.952928314582627,0.9217836971183146,60.037479553638356,58.45074615478516,56.86401275593196,-4.599323272705078,-10.30513080592748,-6.8292003289247205,57.142857142857146,0.0,-57.142857142857146,-0.4583363135684129,-0.004663727704101506,1.0161181843911635,0.9926909894380412,0.1451310861423221,0.051962300665147926,1.1333205652025877,0.10739311865207464,1.0,0.48385130553375644,2.804166221557526,2.5240562546262026,6787950.731373555,11353915.02308054,-2551363.253075965,-8490602.301220015,6129197.10455476,5820733.104695166,311949.4687845613,5820733.104695166,11885449.034138035,14164945.71106656,110672352.04001993,110672352.04001993,11943492.548145512,11885449.034138035,11885449.034138035,11885449.034138035,11885449.034138035,11885449.034138035,11885449.034138035,11885449.034138035,0.044265455347083,0.04391690845458628,4708868.51763064,4674013.828380969,4670528.359456002,4670528.359456002,37270119.2146739,37270119.2146739,228732155.46650776,146837577.60547924,81894577.86102852,81568686.51654409,81568686.51654409,145044303.8435836,171312540.39659867,-71119250.67949253,-71119250.67949253,92812809.26848817,66544572.71547312,0.003607460337341016,-15151.333416832269,57.38108825683594,2023-10-20,0,0,0,1,0,0,0,0,0,0,0,9.307591728499757,1
58.32400054931641,58.66678924560547,62.99053268432617,71.76611267089844,58.30299452383361,59.45231249004592,62.676073620932755,69.515747020389,25.24125801835343,23.077625666286632,32.65634161922171,-4.366596912165427,-4.416099792024347,0.04950287985892032,64.82793718846591,-66.10534187762809,-82.45563771590444,46.27515732161952,-3.6732103113621295,1.713306034882968,2.932834119000355,1.9587932577887344,59.79548818844629,58.32400054931641,56.852512910186526,-2.2276458740234375,-9.879617816316578,-6.479808807373047,50.0,0.0,-50.0,0.5588229794268238,0.018072400490675822,1.0343145650016385,1.019095466919259,0.1451310861423221,0.051962300665147926,1.1333205652025877,0.10739311865207464,1.0,0.48385130553375644,2.804166221557526,2.5240562546262026,6667453.835406987,11152365.016091533,-2506072.5070695323,-8339880.638280575,6020394.130712804,5717405.856292512,306411.8707414251,5717405.856292512,11674463.45506435,13913495.44908549,108707742.18678322,108707742.18678322,11731476.604600184,11674463.45506435,11674463.45506435,11674463.45506435,11674463.45506435,11674463.45506435,11674463.45506435,11674463.45506435,0.04347967327839216,0.04313731364627883,4625278.629851009,4591042.666639676,4587619.070318542,4587619.070318542,36608515.46187775,36608515.46187775,224671796.77620837,144230977.61486173,80440819.16134663,80120712.90532067,80120712.90532067,142469537.30763867,168271470.98185936,-69856771.13456321,-69856771.13456321,91165234.6372965,65363300.96307583,0.003543422192372904,-14882.373207966199,58.4181022644043,2023-10-23,0,0,0,1,0,0,0,0,0,0,0,7.549134106767324,1
58.40849838256836,58.5794116973877,62.379379463195804,71.3049877166748,58.80865655633504,59.51916124118991,62.40406476382848,69.13552088709288,32.6635217771208,45.70440478315994,32.39543370552624,-4.063579910960399,-4.345595815811558,0.2820159048511588,63.221723628648746,5.090562653504906,-64.93739993794277,44.718228741884474,-1.4396464122066743,1.723982048790575,2.881950196044744,1.862770229589465,60.142042514605414,58.40849838256836,56.67495425053131,-0.8737754821777344,-9.278386909267546,-6.026733056092873,42.85714285714286,0.0,-42.85714285714286,0.7108436226758488,0.02399732792737086,1.0271596838419794,1.0193062880529633,0.1451310861423221,0.051962300665147926,1.1333205652025877,0.10739311865207464,1.0,0.48385130553375644,2.804166221557526,2.5240562546262026,6511202.376770156,10891009.88052826,-2447342.8188938405,-8144435.9382860605,5879306.485006583,5583418.72616491,299231.12334835896,5583418.72616491,11400872.96779781,13587433.355170175,106160181.49853371,106160181.49853371,11456550.016927645,11400872.96779781,11400872.96779781,11400872.96779781,11400872.96779781,11400872.96779781,11400872.96779781,11400872.96779781,0.0424607292349068,0.04212639278423824,4516885.448532212,4483451.803465356,4480108.43895867,4480108.43895867,35750596.66998885,35750596.66998885,219406624.0689875,140850931.61990324,78555692.44908427,78243087.86770916,78243087.86770916,139130770.5812135,164328037.18584934,-68219681.0766658,-68219681.0766658,89028781.76627682,63831515.161640994,0.0034603822644195697,-14533.605510562194,59.81998062133789,2023-10-24,0,0,0,1,0,0,0,0,0,0,0,4.350401547714117,1
59.01726150512695,58.80601768493652,61.934421348571775,70.90194145202636,59.81149918697076,59.93698364247214,62.348171400439306,68.8485273012556,41.56468082897859,75.07732192232294,47.95311745725649,-3.6205437225599937,-4.2005853971612455,0.5800416746012518,60.40998410204929,111.58484624052193,-9.948380712614586,51.458251921075096,3.805234396068924,1.7757328713818237,2.872555402241905,2.4484935650680555,62.290121614835115,59.01726150512695,55.74440139541879,2.2660598754882812,-8.4057682602788,-5.416869652576928,35.714285714285715,0.0,-35.714285714285715,0.8431353482889233,0.033386901937442204,1.0410628520839733,1.0345492162461356,0.1451310861423221,0.051962300665147926,1.1333205652025877,0.10739311865207464,1.0,0.48385130553375644,2.804166221557526,2.5240562546262026,6300836.95135157,10539140.625944924,-2368273.5036659045,-7881303.626953748,5689356.497536194,5403028.348527405,289563.49532527116,5403028.348527405,11032530.939208655,13148447.430188848,102730333.91414158,102730333.91414158,11086409.161417054,11032530.939208655,11032530.939208655,11032530.939208655,11032530.939208655,11032530.939208655,11032530.939208655,11032530.939208655,0.04108889821934015,0.040765363587691804,4370952.8735691765,4338599.410404342,4335364.064087858,4335364.064087858,34595558.16215781,34595558.16215781,212317984.3460699,136300287.29397413,76017697.05209576,75715192.17150456,75715192.17150456,134635701.61414337,159018889.1283211,-66015623.91468709,-66015623.91468709,86152419.38848025,61769231.87430253,0.0033485834375603977,-14064.05043775367,61.81718444824219,2023-10-25,0,0,0,1,0,0,0,0,0,0,0,4.401776142727272,1
59.86030960083008,59.27363166809082,61.4651382446289,70.50138259887696,60.4960635957572,60.2875670553554,62.302173401667,68.57467103114088,41.7639607693217,87.75170324174896,69.51114331574392,-3.2283461450021207,-4.006137546729421,0.7777914017273,57.293803629326945,154.45747817887215,-16.271696644063994,47.599196933633,8.17663454881603,1.749029089817375,2.8271618038975213,1.4018799294795414,63.44662148471702,59.86030960083008,56.273997716943136,4.676139831542969,-7.53033160148541,-4.814725875854492,28.571428571428573,100.0,71.42857142857143,0.11643717503200901,0.000776611965044971,1.0228124856948853,1.002645474063087,0.1451310861423221,0.051962300665147926,1.1333205652025877,0.10739311865207464,1.0,0.48385130553375644,2.804166221557526,2.5240562546262026,6295947.443235859,10530962.154732125,-2366435.701385699,-7875187.661988474,5684941.50394365,5398835.54824333,289338.79135795095,5398835.54824333,11023969.592520813,13138244.112611314,102650614.21891996,102650614.21891996,11077806.004727336,11023969.592520813,11023969.592520813,11023969.592520813,11023969.592520813,11023969.592520813,11023969.592520813,11023969.592520813,0.04105701285191036,0.04073372928614728,4367560.9734591255,4335232.616882818,4331999.781225187,4331999.781225187,34568711.68704547,34568711.68704547,212153223.61418828,136194517.00249648,75958706.61169179,75656436.47770332,75656436.47770332,134531223.05664548,158895488.9903795,-65964395.17612637,-65964395.17612637,86085564.30922008,61721298.37548602,0.003345984905647812,-14053.136603720812,61.86519241333008,2023-10-26,0,0,0,1,0,0,0,0,0,0,0,2.7278345751640396,1
60.478675079345706,59.46471061706543,60.87899551391602,70.08653137207031,60.48834761364282,60.321266799729706,62.12795837764291,68.25695513381827,37.743906028435795,78.80166964189775,80.5435649353232,-2.9953433842648707,-3.8039787142365107,0.80863532997164,54.99342446292053,85.25984619924238,-39.17844630239296,46.84877832670378,3.262841729032151,1.7756716034444726,2.9363088985799175,2.12202428059674,63.07003140895866,60.478675079345706,57.88731874973275,1.9107894897460938,-6.65709006593512,-4.2220537234575275,21.42857142857143,92.85714285714286,71.42857142857143,-0.5837093372090217,-0.022505009838392098,1.0353373689178178,0.9799284710096644,0.1451310861423221,0.051962300665147926,1.1333205652025877,0.10739311865207464,1.0,0.48385130553375644,2.804166221557526,2.5240562546262026,6440899.96020845,10773418.033570746,-2420918.4959551147,-8056499.257030955,5815826.741990531,5523133.727110712,296000.2805846759,5523133.727110712,11277776.053561395,13440727.824537685,105013954.29346281,105013954.29346281,11332851.949344372,11277776.053561395,11277776.053561395,11277776.053561395,11277776.053561395,11277776.053561395,11277776.053561395,11277776.053561395,0.04200227445168027,0.04167154788119459,4468115.967261421,4435043.310212853,4431736.044507996,4431736.044507996,35364592.18203284,35364592.18203284,217037658.24836943,139330143.24705607,77707515.00131334,77398285.65790924,77398285.65790924,137628555.04190728,162553763.02655992,-67483103.07474881,-67483103.07474881,88067524.821777,63142316.83712438,0.0034230200045266986,-14376.684019012135,60.47291564941406,2023-10-27,0,0,0,1,0,0,0,0,0,0,0,9.598304683165146,1
61.043267822265626,59.683634185791014,60.375165939331055,69.68933380126953,60.73925373542985,60.4885030141432,62.043492434915386,67.98182222578633,41.11184024477355,67.6292407138013,78.06087119914932,-2.7173794470331885,-3.586658860795846,0.8692794137626576,52.85735809411458,89.7076934754017,-26.540278550180982,52.4607879155995,3.7073121636363338,1.7400563149293038,2.8413227090558326,1.2770575642321091,62.62702645670385,61.043267822265626,59.4595091878274,2.1892356872558594,-5.446718833699236,-3.4296446824685134,14.285714285714286,85.71428571428572,71.42857142857143,0.31578766219611754,0.012702386206134397,1.0212053859242538,1.0066287589157108,0.1451310861423221,0.051962300665147926,1.1333205652025877,0.10739311865207464,1.0,0.48385130553375644,2.804166221557526,2.5240562546262026,6360111.369281807,10638286.411006667,-2390552.7714065635,-7955446.108123482,5742878.481582571,5453856.732580548,292287.53147662216,5453856.732580548,11136318.238383034,13272139.976770867,103696758.0247089,103696758.0247089,11190703.313932534,11136318.238383034,11136318.238383034,11136318.238383034,11136318.238383034,11136318.238383034,11136318.238383034,11136318.238383034,0.04147543742740896,0.041148859179949045,4412072.1231834255,4379414.298437434,4376148.5159628345,4376148.5159628345,34921012.000888504,34921012.000888504,214315342.00433064,137582516.98114946,76732825.02318117,76427474.36180615,76427474.36180615,135902271.8979682,160514841.51778457,-66636658.502957955,-66636658.502957955,86962888.62486295,62350319.0050466,0.0033800848612101,-14196.356417082421,61.241065979003906,2023-10-30,0,0,0,1,0,0,0,0,0,0,0,8.980851973261705,1
61.35053024291992,59.87951431274414,60.17870864868164,69.31944763183594,60.94493339848969,60.64628296150069,61.978044843457674,67.72199753946566,41.62201922171367,57.86576353297202,68.09889129622367,-2.4594422692445974,-3.3612155424855965,0.9017732732409991,50.57270820823322,95.19796621207796,-24.644484348958756,54.61601849852195,3.297784504944423,1.698754568591964,2.7686721168383293,1.1618318662065477,62.35645918792529,61.35053024291992,60.34460129791456,1.95880126953125,-4.448742942225437,-2.782831216469795,7.142857142857143,78.57142857142857,71.42857142857143,-0.20661172657742793,0.0018815274320171937,1.0191213512612853,0.9961028839586364,0.1451310861423221,0.051962300665147926,1.1333205652025877,0.10739311865207464,1.0,0.48385130553375644,2.804166221557526,2.5240562546262026,6348167.118704934,10618307.773648946,-2386063.3278007763,-7940505.828582911,5732093.390625225,5443614.422714885,291738.61726525886,5443614.422714885,11115404.300274108,13247214.978391195,103502016.1420685,103502016.1420685,11169687.240981575,11115404.300274108,11115404.300274108,11115404.300274108,11115404.300274108,11115404.300274108,11115404.300274108,11115404.300274108,0.041397546807472485,0.041071581871980574,4403786.2784956945,4371189.784946504,4367930.135591585,4367930.135591585,34855430.55214986,34855430.55214986,213912859.09188804,137324137.84870902,76588721.24317901,76283944.02849407,76283944.02849407,135647048.25560313,160213395.6189509,-66511515.262446634,-66511515.262446634,86799572.84746307,62233225.484115325,0.0033737370823412613,-14169.695745833298,61.356292724609375,2023-10-31,0,0,0,1,0,0,0,0,0,0,0,7.988866578497237,1
61.29867935180664,60.1579704284668,59.99185562133789,68.97860168457031,61.14926559655172,60.812036967168886,61.93803390528797,67.48026940037586,42.55982418763175,56.20962189354472,60.568208713439326,-2.2132418804277876,-3.131620810074035,0.9183789296462472,48.09610333838982,93.42808451689777,-22.46256531762328,53.523171332559095,4.737794025424402,1.6761777622557748,2.722927431860051,1.3826792798853162,62.22676220901677,61.29867935180664,60.37059649459651,2.7845611572265625,-3.4927085705619825,-2.170715918907753,0.0,71.42857142857143,71.42857142857143,0.041664900606114746,0.0032863339539015435,1.0226522329450867,1.0009367299880574,0.1451310861423221,0.051962300665147926,1.1333205652025877,0.10739311865207464,1.0,0.48385130553375644,2.804166221557526,2.5240562546262026,6327373.257131016,10583526.770271776,-2378247.6119229286,-7914496.151153353,5713317.52126567,5425783.486217611,290783.00719549466,5425783.486217611,11078995.02275572,13203822.807178663,103162988.1114519,103162988.1114519,11133100.155926965,11078995.02275572,11078995.02275572,11078995.02275572,11078995.02275572,11078995.02275572,11078995.02275572,11078995.02275572,0.04126194627243333,0.04093704905768975,4389361.371185624,4356871.649711267,4353622.677563831,4353622.677563831,34741259.17252988,34741259.17252988,213212172.68939376,136874323.11324468,76337849.57614909,76034070.68036385,76034070.68036385,135202726.943389,159688605.53253812,-66293652.182351634,-66293652.182351634,86515254.8279914,62029376.238842286,0.003362686172595944,-14123.281924902965,61.55792999267578,2023-11-01,0,0,0,1,0,0,0,0,0,0,0,8.718078567311158,1
61.37357406616211,60.61694183349609,59.98321399688721,68.66475288391113,61.51273239273696,61.07160587952135,61.966760770032685,67.27475554095356,45.73393366825428,62.82577639108492,58.96705393920053,-1.9407442102442474,-2.8934454901080775,0.9527012798638301,45.56336622119151,104.81739200718292,-10.648926926979431,51.03855196436247,7.961349309506138,1.6414962614306943,2.637379612261203,1.1906367507046483,62.509582848272885,61.37357406616211,60.23756528405133,4.589714050292969,-2.6006799453900413,-1.6078418584970322,42.85714285714286,64.28571428571429,21.42857142857143,0.2500021674483959,0.01107470625657414,1.0136497167171665,1.0034055917321927,0.1451310861423221,0.051962300665147926,1.1333205652025877,0.10739311865207464,1.0,0.48385130553375644,2.804166221557526,2.5240562546262026,6258067.00333512,10467601.162189553,-2352197.7131919423,-7827805.504556792,5650737.26591261,5366352.706325879,287597.9444408181,5366352.706325879,10957642.352437874,13059196.047011003,102033002.57940868,102033002.57940868,11011154.85041299,10957642.352437874,10957642.352437874,10957642.352437874,10957642.352437874,10957642.352437874,10957642.352437874,10957642.352437874,0.040809987646909386,0.04048864916150065,4341282.937872014,4309149.089331141,4305935.704477053,4305935.704477053,34360724.244756065,34360724.244756065,210876774.3570555,135375083.82541904,75501690.53163645,75201239.04777928,75201239.04777928,133721797.31799111,157939472.27082044,-65567511.2552254,-65567511.2552254,85567618.58706509,61349943.63423574,0.0033258533239804104,-13968.583960717724,62.23966598510742,2023-11-02,0,0,0,1,0,0,0,0,0,0,0,5.804224199247905,1
61.75381011962891,61.11624259948731,60.00289821624756,68.3661915588379,61.79985356740732,61.3084222499262,62.00555459352939,67.08257281059257,46.363341716359244,68.37506333784289,62.470153874157496,-1.694408386234599,-2.6536380693333816,0.9592296830987825,42.828924852051514,104.07585320700379,-14.7059417827037,42.13781129374652,8.701486520373347,1.599004891685391,2.5635720537250184,1.0466170849964485,62.68337175797287,61.75381011962891,60.82424848128495,4.993007659912109,-1.5717767487650394,-0.9663674770257416,35.714285714285715,100.0,64.28571428571429,-0.6915820546460552,0.0021598755313498863,1.0165022730513862,0.9887367138791119,0.1451310861423221,0.051962300665147926,1.1333205652025877,0.10739311865207464,1.0,0.48385130553375644,2.804166221557526,2.5240562546262026,6244579.488893489,10445041.173335323,-2347128.208405666,-7810934.85748115,5638558.680985469,5354787.032838062,286978.107448507,5354787.032838062,10934026.21675317,13031050.599672986,101813098.95819795,101813098.95819795,10987423.3834944,10934026.21675317,10934026.21675317,10934026.21675317,10934026.21675317,10934026.21675317,10934026.21675317,10934026.21675317,0.04072203312397808,0.040401387193868016,4331926.51578696,4299861.922775953,4296655.463474853,4296655.463474853,34286669.30666911,34286669.30666911,210422288.4050787,135083320.66641816,75338967.73866056,75039163.79400764,75039163.79400764,133433597.35600188,157599077.87874684,-65426198.80930793,-65426198.80930793,85383201.4993583,61217720.97661335,0.0033186853766391587,-13938.478581884467,62.37409591674805,2023-11-03,0,0,0,1,0,0,0,0,0,0,0,6.39713363009407,1
61.93240509033203,61.48783645629883,60.07731285095215,68.05347564697266,61.911249322444725,61.458534719488625,62.01779137819512,66.88851273302107,45.35176742962777,68.57680605463041,66.59254859451939,-1.5012504295702271,-2.4231605413807507,0.9219101118105235,40.489519820235635,77.86417936815644,-18.576020505386083,41.798617886162404,6.360936805678219,1.5444595359271445,2.485689833194962,0.8353699110699395,62.733551305615045,61.93240509033203,61.13125887504902,3.7159385681152344,-0.336692241637796,-0.20570380871112803,28.571428571428573,92.85714285714286,64.28571428571429,0.1379337560179973,-0.0038486342880050817,1.0134884146756904,1.0018579153643896,0.1451310861423221,0.051962300665147926,1.1333205652025877,0.10739311865207464,1.0,0.48385130553375644,2.804166221557526,2.5240562546262026,6268705.443605152,10485395.626466641,-2356196.3464539004,-7841112.431641669,5660343.272184678,5375475.27128144,288086.84837107116,5375475.27128144,10976269.865311204,13081396.109274115,102206454.2223736,102206454.2223736,11029873.33219303,10976269.865311204,10976269.865311204,10976269.865311204,10976269.865311204,10976269.865311204,10976269.865311204,10976269.865311204,0.04087936284148161,0.04055747809469829,4348662.92904265,4316474.454364318,4313255.606896485,4313255.606896485,34419135.97354038,34419135.97354038,211235255.65281966,135605215.54861087,75630040.10420881,75329077.86596641,75329077.86596641,133949118.52641068,158207962.4677356,-65678973.15740248,-65678973.15740248,85713079.7971963,61454235.85587141,0.0033315071292073593,-13992.32994267091,62.13404083251953,2023-11-06,0,0,0,1,0,0,0,0,0,0,0,5.237712077050769,1
62.09947814941406,61.72500419616699,60.152207946777345,67.73198547363282,62.004718888302996,61.5918298650397,62.03435010598792,66.70432235211905,45.65823366330445,58.624529401579785,65.19213293135101,-1.3282113382568852,-2.2041707007559777,0.8759593624990925,38.44940553883662,65.41579248127377,-17.647137652847594,47.059011110627885,3.9646910180302752,1.4903808168311496,2.3964320365142786,0.7873574685832168,62.663771449808806,62.09947814941406,61.535184849019316,2.3716773986816406,0.8991381655606436,0.5461769837599562,21.42857142857143,85.71428571428572,64.28571428571429,0.21951264898258685,0.0009273046904403337,1.0127566849781635,1.0027868139863971,0.1451310861423221,0.051962300665147926,1.1333205652025877,0.10739311865207464,1.0,0.48385130553375644,2.804166221557526,2.5240562546262026,6262897.829072505,10475681.47789663,-2354013.458732259,-7833848.067584402,5655099.27210475,5370495.185905563,287819.9515799688,5370495.185905563,10966100.94846585,13069276.90749713,102111765.5032733,102111765.5032733,11019654.75465201,10966100.94846585,10966100.94846585,10966100.94846585,10966100.94846585,10966100.94846585,10966100.94846585,10966100.94846585,0.040841490335928536,0.04051990379785036,4344634.129436177,4312475.475628359,4309259.610247578,4309259.610247578,34387248.516699515,34387248.516699515,211039557.68111354,135479584.69426498,75559972.98684856,75259289.57374547,75259289.57374547,133825021.95585276,158061391.3981146,-65618125.162161715,-65618125.162161715,85633671.29214747,61397301.849885635,0.0033284206691091365,-13979.366810258372,62.19165802001953,2023-11-07,0,0,0,1,0,0,0,0,0,0,0,2.2973200917367604,1
62.3280029296875,61.81334114074707,60.309679412841795,67.40540161132813,62.23666389021632,61.7934160521312,62.09779808580269,66.54731182435135,48.410132599036686,56.0767559445782,61.09269713359612,-1.1369074068128597,-1.990718041967354,0.8538106351544943,36.343304667623336,76.41614821009225,-9.442907775990808,48.545715037207025,1.4290030412827948,1.4497667325848969,2.3122072175547967,0.9217836373836121,62.73290630562474,62.3280029296875,61.92309955375026,0.8833694458007812,1.6530056009800862,1.0024665930332333,14.285714285714286,78.57142857142857,64.28571428571429,0.36459003886226204,0.008182703118473356,1.0149045028705286,1.0053888548107945,0.1451310861423221,0.051962300665147926,1.1333205652025877,0.10739311865207464,1.0,0.48385130553375644,2.804166221557526,2.5240562546262026,6212066.334504989,10390657.80983312,-2334907.60300778,-7770266.285419334,5609200.846843144,5326906.689922121,285483.9214060059,5326906.689922121,10877096.893793074,12963202.866972156,101282996.80943243,101282996.80943243,10930216.0417615,10877096.893793074,10877096.893793074,10877096.893793074,10877096.893793074,10877096.893793074,10877096.893793074,10877096.893793074,0.04051000895928799,0.040191032510789655,4309371.819212447,4277474.174362614,4274284.40987763,4274284.40987763,34108151.63792649,34108151.63792649,209326699.44478697,134379993.10561922,74946706.33916776,74648463.35982183,74648463.35982183,132738859.2780953,156778519.319172,-65085549.43384187,-65085549.43384187,84938643.58837797,60898983.54730128,0.003301406241957722,-13865.90621622243,62.70055389404297,2023-11-08,0,0,0,1,0,0,0,0,0,0,0,3.3161290181275005,1
62.27615203857422,61.824863052368165,60.549247360229494,67.06212440490722,62.151246436657885,61.827415229842074,62.086618413777764,66.3682176951431,44.94178095849396,43.47398755601994,52.725090967392624,-1.0315164536268142,-1.798877724299246,0.7673612706724318,34.14087264221249,61.174243593913936,-21.05277494926073,44.95370063663281,0.18624223366370263,1.440859297644492,2.3247010823052565,1.3250626434192299,62.7697163978527,62.27615203857422,61.78258767929574,0.1152191162109375,2.164637000215212,1.3099863101274494,7.142857142857143,71.42857142857143,64.28571428571429,-0.6956528950292784,-0.011485422692101177,1.0214618536224196,0.9853457631938967,0.1451310861423221,0.051962300665147926,1.1333205652025877,0.10739311865207464,1.0,0.48385130553375644,2.804166221557526,2.5240562546262026,6284243.5277209645,10511385.515558943,-2362036.591677405,-7860548.0018116925,5674373.424132126,5388799.328007194,288800.92206984665,5388799.328007194,11003476.472158404,13113820.640132478,102459790.81589727,102459790.81589727,11057212.804619065,11003476.472158404,11003476.472158404,11003476.472158404,11003476.472158404,11003476.472158404,11003476.472158404,11003476.472158404,0.040980689500413996,0.04065800690592255,4359441.851579473,4327173.5921303285,4323946.766185414,4323946.766185414,34504449.82897062,34504449.82897062,211758839.2220408,135941336.82033,75817502.40171081,75515794.1758613,75515794.1758613,134281134.8716715,158600108.60551953,-65841769.99300767,-65841769.99300767,85925534.67415544,61606560.9403074,0.0033397648529864946,-14027.012382543278,61.980411529541016,2023-11-09,0,0,0,1,0,0,0,0,0,0,0,2.287461441686265,1
62.270390319824216,62.01210021972656,60.738405418396,66.7421794128418,62.215926732104606,61.92157379223407,62.11125354798922,66.21045571976487,47.01319060616226,44.08838155582871,47.879708352142266,-0.9080831198448536,-1.6207188034083675,0.7126356835635139,32.25543084585537,38.990452708951466,-20.459410683853488,49.94301702408635,3.0962153113947455,1.39898153170763,2.24392506920338,0.8545705745284238,62.75990266345208,62.270390319824216,61.78087797619635,1.8723716735839844,2.241724605414611,1.3565799272977372,0.0,64.28571428571429,64.28571428571429,0.3483121024568409,0.005886953384992122,1.0138888789671838,1.004797238400151,0.1451310861423221,0.051962300665147926,1.1333205652025877,0.10739311865207464,1.0,0.48385130553375644,2.804166221557526,2.5240562546262026,6247464.992535539,10449867.631930433,-2348212.772547376,-7814544.144706841,5641164.153722077,5357261.3799919635,287110.714676216,5357261.3799919635,10939078.626211135,13037072.00496248,101860144.89113463,101860144.89113463,10992500.466786588,10939078.626211135,10939078.626211135,10939078.626211135,10939078.626211135,10939078.626211135,10939078.626211135,10939078.626211135,0.04074085001550775,0.04042005592089745,4333928.218185116,4301848.808724086,4298640.867777983,4298640.867777983,34302512.53667908,34302512.53667908,210519520.61753452,135145740.14789906,75373780.46963544,75073837.9911748,75073837.9911748,133495254.53112909,157671901.47143415,-65456431.0347581,-65456431.0347581,85422655.483303,61246008.54299795,0.003320218879216576,-13944.919292709621,62.34528732299805,2023-11-10,0,0,0,1,0,0,0,0,0,0,0,1.9987587682717773,1
62.34528579711914,62.138845443725586,60.911239814758304,66.45642402648926,62.31345722773445,62.0282909607359,62.149088278561116,66.0652817001268,47.9564960903285,43.34804668270897,43.63680526485252,-0.788006298314059,-1.4541763023895058,0.6661700040754468,30.05083605122237,97.93343042559856,-21.26007076477214,45.642043479435095,2.0696116563757583,1.3566655671558059,2.1703691045799944,0.8065580279820921,62.84295634620389,62.34528579711914,61.84761524803439,1.2674522399902344,2.2959794621696474,1.3898786153548812,0.0,57.142857142857146,57.142857142857146,0.20237965485921322,0.0026181753746747916,1.0129369526250205,1.0026181760071817,0.1451310861423221,0.051962300665147926,1.1333205652025877,0.10739311865207464,1.0,0.48385130553375644,2.804166221557526,2.5240562546262026,6231150.747093612,10422579.490966594,-2342080.7942862767,-7794137.725247773,5626433.16496232,5343271.757456397,286360.9714325434,5343271.757456397,10910512.989776235,13003027.797786105,101594153.5800205,101594153.5800205,10963795.327846248,10910512.989776235,10910512.989776235,10910512.989776235,10910512.989776235,10910512.989776235,10910512.989776235,10910512.989776235,0.040634461868081576,0.04031450547541952,4322610.864864426,4290615.22559822,4287415.661671599,4287415.661671599,34212937.06735404,34212937.06735404,209969782.90251336,134792828.8826358,75176954.01987754,74877794.79273851,74877794.79273851,133146653.24238952,157260166.77536565,-65285502.140729964,-65285502.140729964,85199588.02001657,61086074.48704043,0.0033115486640523176,-13908.504389019734,62.50851821899414,2023-11-13,0,0,0,1,0,0,0,0,0,0,0,-0.07595400358337392,0
62.64102325439453,62.3702507019043,61.124882507324216,66.19333236694337,62.765753253955126,62.32684629631055,62.293969900259725,65.97136262586287,54.205638410449374,70.14556048058643,52.52732957304135,-0.5922675246346003,-1.2817945468385248,0.6895270222039245,28.46220265045405,181.63503682232601,-1.8229146840908987,53.5865310684106,3.771500002735606,1.3475494731734752,2.116447565485556,1.2290402514031769,63.7739744308658,62.64102325439453,61.508072077923266,2.3140525817871023,2.53909052470748,1.5400004264635925,0.0,100.0,100.0,0.5862038725971527,0.018586700189116012,1.0132803402353479,1.0077506760362118,0.1451310861423221,0.051962300665147926,1.1333205652025877,0.10739311865207464,1.0,0.48385130553375644,2.804166221557526,2.5240562546262026,6117447.5829467485,10232393.068779992,-2299343.584450331,-7651913.895793726,5523764.608273097,5245770.19949734,281135.5885359353,5245770.19949734,10711422.982207144,12765754.545363588,99740310.33505347,99740310.33505347,10763733.04875339,10711422.982207144,10711422.982207144,10711422.982207144,10711422.982207144,10711422.982207144,10711422.982207144,10711422.982207144,0.03989298295426121,0.03957886497824341,4243733.856000543,4212322.058398763,4209180.878638584,4209180.878638584,33588635.17558387,33588635.17558387,206138351.1718043,132333191.5266609,73805159.64514342,73511459.33756678,73511459.33756678,130717054.5400493,154390555.80263117,-64094202.41655298,-64094202.41655298,83644905.24390115,59971403.98131929,0.0032511210517842796,-13654.708417493976,63.67034530639648,2023-11-14,0,0,0,1,0,0,0,0,0,0,0,0.255398198732139,1
62.75048828125,62.53924560546875,61.34860801696777,65.92923629760742,62.92646184541019,62.4943067930396,62.38481838864645,65.86455934752786,51.77131477448533,74.37349161982831,62.622366261041215,-0.46586246174498314,-1.1186081298198165,0.6527456680748334,27.29025966469694,153.38272346105578,-21.830960220518083,51.384145453945884,2.7452986736974383,1.3233105821000308,2.0922608037298707,1.0082049981452528,63.98638149123281,62.75048828125,61.51459507126719,1.6899490356445312,2.648563372921906,1.6089993501320876,7.142857142857143,100.0,92.85714285714286,-0.7333280048827965,-0.006635212610253016,1.015969628163617,0.9884454284195865,0.1451310861423221,0.051962300665147926,1.1333205652025877,0.10739311865207464,1.0,0.48385130553375644,2.804166221557526,2.5240562546262026,6158309.274301432,10300740.673189687,-2314702.125180307,-7703025.105108235,5560660.774767172,5280809.493239225,283013.4429011441,5280809.493239225,10782970.28260225,12851023.82067318,100406529.00244221,100406529.00244221,10835629.755950103,10782970.28260225,10782970.28260225,10782970.28260225,10782970.28260225,10782970.28260225,10782970.28260225,10782970.28260225,0.04015944943960369,0.039843233302283974,4272080.015189338,4240458.401457366,4237296.2400841685,4237296.2400841685,33812991.56359702,33812991.56359702,207515259.03537577,133217115.41073574,74298143.62464002,74002481.53624609,74002481.53624609,131590183.38422582,155421812.57332608,-64522321.73940106,-64522321.73940106,84203614.12618007,60371984.93707981,0.0032728370212590403,-13745.91548928797,63.24787902832031,2023-11-15,0,0,0,1,0,0,0,0,0,0,0,-0.17478835410166385,0
63.036625671386716,62.65638885498047,61.63666534423828,65.66802253723145,63.08800739034833,62.660996190709604,62.48255934974913,65.7683451958689,52.655949159947724,78.27462197278054,74.26455802439841,-0.34849782700154464,-0.9645860692561621,0.6160882422546174,26.03546182653903,116.06731678176423,-18.627755807012203,53.52335798100716,1.882131718697666,1.2726828596372186,2.007034872663683,0.6145224676206595,64.07327590532269,63.036625671386716,61.99997543745075,1.1714324951171875,2.6795021526747997,1.6317726281973037,0.0,92.85714285714286,92.85714285714286,0.37499701976491284,0.0025806312308309654,1.0097605519693018,1.003647383778702,0.1451310861423221,0.051962300665147926,1.1333205652025877,0.10739311865207464,1.0,0.48385130553375644,2.804166221557526,2.5240562546262026,6142457.855724885,10274226.682939058,-2308744.1080311253,-7683197.6054150555,5546347.6966840625,5267216.749196692,282284.9694928766,5267216.749196692,10755215.038778875,12817945.430380454,100148083.72986107,100148083.72986107,10807738.967236584,10755215.038778875,10755215.038778875,10755215.038778875,10755215.038778875,10755215.038778875,10755215.038778875,10755215.038778875,0.04005607946993892,0.03974067726938822,4261083.729439959,4229543.509384889,4226389.487379382,4226389.487379382,33725957.30488637,33725957.30488637,206981117.10039422,132874216.05900171,74106901.0413925,73811999.9838776,73811999.9838776,131251471.73716836,155021758.5816719,-64356242.01136761,-64356242.01136761,83986874.97364318,60216588.12913968,0.0032644127756997466,-13710.533657938935,63.41109848022461,2023-11-16,0,0,0,1,0,0,0,0,0,0,0,-0.9802296707560002,0
63.311241912841794,62.790816116333005,61.953529357910156,65.40188255310059,63.29812777032337,62.85324570699394,62.600255462180016,65.68795395408084,54.3534098806522,71.44593136127524,74.69801498462802,-0.22806242169151858,-0.8172813397432334,0.5892189180517148,25.18346794806875,119.70366368830001,-12.500113382064658,52.632729871675025,2.1551777124266813,1.2585925218043195,1.975242855137362,1.075418129976633,64.18442406920346,63.311241912841794,62.43805975648012,1.3442726135253906,2.5522402999427998,1.5606816365168612,0.0,85.71428571428572,85.71428571428572,-0.23214419520303214,0.00484568249743611,1.0170992785737716,0.9960972361826597,0.1451310861423221,0.051962300665147926,1.1333205652025877,0.10739311865207464,1.0,0.48385130553375644,2.804166221557526,2.5240562546262026,6112836.988519934,10224681.124571854,-2297610.61648092,-7646146.805666012,5519601.4604941225,5241816.570386798,280923.7024249212,5241816.570386798,10703350.003005378,12756133.25871374,99665138.1144951,99665138.1144951,10755620.644530319,10703350.003005378,10703350.003005378,10703350.003005378,10703350.003005378,10703350.003005378,10703350.003005378,10703350.003005378,0.039862916433480444,0.039549035201720754,4240535.441073392,4209147.317897423,4206008.505579826,4206008.505579826,33563320.11206349,33563320.11206349,205982988.93613678,132233454.72188038,73749534.2142564,73456055.2625611,73456055.2625611,130618535.78447677,154274194.8160457,-64045895.93440564,-64045895.93440564,83581863.79912865,59926204.76755973,0.0032486707487127757,-13644.417144593659,63.71836853027344,2023-11-17,0,0,0,1,0,0,0,0,0,0,0,-0.608625028646883,0
63.41302261352539,62.879154205322266,62.183495330810544,65.1016798400879,63.204559087686285,62.883095891615426,62.63998558220212,65.58322719989775,49.95344436590768,59.20645704080119,69.64233679161897,-0.1870211808741189,-0.6912293079694105,0.5042081270952916,24.04398288247292,52.87617002938912,-36.223144635761834,55.17209983830852,1.4217341702814856,1.2516812728622781,1.9862464040116676,1.1618350366157415,63.93702816175023,63.41302261352539,62.88901706530056,0.8833808898925781,2.3713588797915572,1.4541370929815827,0.0,78.57142857142857,78.57142857142857,-0.5675716544092423,-0.011000702372476745,1.0170376144950763,0.9904919278221993,0.1451310861423221,0.051962300665147926,1.1333205652025877,0.10739311865207464,1.0,0.48385130553375644,2.804166221557526,2.5240562546262026,6180830.464878803,10338410.905952606,-2323167.0861572702,-7731195.385080751,5580996.3401742615,5300121.630987215,284048.43471458426,5300121.630987215,10822404.048902037,12898020.543911401,100773719.81312667,100773719.81312667,10875256.100112116,10822404.048902037,10822404.048902037,10822404.048902037,10822404.048902037,10822404.048902037,10822404.048902037,10822404.048902037,0.04030631419972313,0.0399889416469694,4287703.187702831,4255965.932427458,4252792.2068999205,4252792.2068999205,33936647.06595586,33936647.06595586,208274150.88186854,133704295.88685322,74569854.99501532,74273111.6581906,74273111.6581906,132071414.1029353,155990196.54121983,-64758282.5266339,-64758282.5266339,84511550.21002577,60592767.771741256,0.003284805921001058,-13796.184868204444,63.01742172241211,2023-11-20,0,0,0,1,0,0,0,0,0,0,0,1.4167985147859465,1
63.23442764282227,62.9377254486084,62.3313648223877,64.81614707946777,63.06216287608448,62.86387308457278,62.653069855600094,65.47319360197552,48.505288855413504,42.07698729007185,57.57645856404941,-0.1718844560837951,-0.5873603375922875,0.41547588150849235,22.84484021815053,4.7009719280289,-52.20624985833854,52.68593538341971,0.9417861679660966,1.2130283431328088,1.932270074999841,0.7105402566497077,63.88039058384932,63.23442764282227,62.58846470179522,0.5857124328613281,2.187378853997608,1.3444532981285704,0.0,71.42857142857143,71.42857142857143,-0.2162217892012841,-0.0038092842101452584,1.0113828309406736,0.9975586869106761,0.1451310861423221,0.051962300665147926,1.1333205652025877,0.10739311865207464,1.0,0.48385130553375644,2.804166221557526,2.5240562546262026,6204465.035571203,10377943.442040151,-2332050.5294162366,-7760758.319204852,5602337.23494324,5320388.5029031625,285134.5934190617,5320388.5029031625,10863787.302335199,12947340.64419069,101159063.43618722,101159063.43618722,10916841.45187942,10863787.302335199,10863787.302335199,10863787.302335199,10863787.302335199,10863787.302335199,10863787.302335199,10863787.302335199,0.04046043951309591,0.04014185337519751,4304098.723007289,4272240.109217449,4269054.2478384655,4269054.2478384655,34066415.725475155,34066415.725475155,209070560.0651309,134215561.10452446,74854998.96060641,74557120.9216714,74557120.9216714,132576435.42503724,156586679.70774963,-65005908.50747759,-65005908.50747759,84834709.73027356,60824465.44756118,0.003297366527248367,-13848.93941444314,62.77737045288086,2023-11-21,0,0,0,1,0,0,0,0,0,0,0,4.744076747777852,1
63.2881965637207,63.01934242248535,62.41634178161621,64.56239097595216,63.213683128327155,62.98257318425273,62.73532259628699,65.39646928945933,53.022517971506524,40.18922351917319,47.15755595001539,-0.09908666069986083,-0.4897056022138021,0.3906189415139413,22.311340612278503,91.43133110172437,-23.897338233632343,56.6910292599221,1.3016946232225823,1.199084163815418,1.8878243322928194,1.0178098326893377,63.97325992043826,63.2881965637207,62.60313320700315,0.8161697387695312,2.111637194191764,1.3012448579837113,42.85714285714286,64.28571428571429,21.42857142857143,0.46269030619796947,0.011777383706865763,1.0101871040373616,1.0047084630199148,0.1451310861423221,0.051962300665147926,1.1333205652025877,0.10739311865207464,1.0,0.48385130553375644,2.804166221557526,2.5240562546262026,6132243.253787507,10257141.154923135,-2304904.7813979234,-7670420.829898007,5537124.396295421,5258457.629691984,281815.5436272051,5258457.629691984,10737329.651047703,12796629.824591748,99981542.44718246,99981542.44718246,10789766.234824505,10737329.651047703,10737329.651047703,10737329.651047703,10737329.651047703,10737329.651047703,10737329.651047703,10737329.651047703,0.03998946820184922,0.03967459049947245,4253997.7591101015,4222509.988872425,4219361.211848658,4219361.211848658,33669872.71514753,33669872.71514753,206636917.79624045,132653252.84579565,73983664.95044482,73689254.29872254,73689254.29872254,131033207.06706718,154763965.1066921,-64249220.78146711,-64249220.78146711,83847208.977397,60116450.937772065,0.0032589842195995225,-13687.733722317995,63.5167236328125,2023-11-22,0,0,0,1,0,0,0,0,0,0,0,2.718652525613602,1
63.365013122558594,63.200819396972655,62.51284122467041,64.30389595031738,63.40751584368946,63.13032010973661,62.83626151801338,65.33367368102618,54.63653312934754,54.812139295082744,45.69278336810925,-0.018709013012610853,-0.39550628437356383,0.376797271360953,22.22414745209951,107.0845154183773,-18.339052392594642,53.30113345922711,2.927973048401089,1.1923083416660514,1.8689630123274577,1.1042226537242854,64.16454521103756,63.365013122558594,62.565481034079625,1.8147697448730469,2.0087535487681873,1.2417251635820392,35.714285714285715,100.0,64.28571428571429,0.5391321077667132,0.004384005119837608,1.0174719163052401,1.0094196710643677,0.1451310861423221,0.051962300665147926,1.1333205652025877,0.10739311865207464,1.0,0.48385130553375644,2.804166221557526,2.5240562546262026,6105476.812183844,10212370.072240755,-2294844.1727951597,-7636940.443892089,5512955.570847388,5235505.148316826,280585.45555350656,5235505.148316826,10690462.608239746,12740774.205245258,99545136.06103595,99545136.06103595,10742670.313170837,10690462.608239746,10690462.608239746,10690462.608239746,10690462.608239746,10690462.608239746,10690462.608239746,10690462.608239746,0.03981491939139143,0.03950141608909701,4235429.613997624,4204079.283768182,4200944.250745238,4200944.250745238,33522908.114342406,33522908.114342406,205734974.6142021,132074238.70710504,73660735.90709709,73367610.31945181,73367610.31945181,130461264.21680024,154088440.59421927,-63968781.316665076,-63968781.316665076,83481226.85146981,59854050.474050805,0.0032447591787472542,-13627.988550738468,63.79518127441406,2023-11-24,0,0,0,1,0,0,0,0,0,0,0,2.6640437745059,1
63.09231796264648,63.20177993774414,62.60694007873535,64.02785766601562,63.05664147269727,62.989333313550475,62.79041687160381,65.2168587417982,45.85993254199067,48.247412498261305,47.74959177083906,-0.07041667699434129,-0.3304883628977193,0.26007168590337804,21.192427354668535,-22.733419847307243,-70.24215173400967,49.18960614433864,0.015406790356231603,1.2113932096064841,1.9427396256425804,1.459496492832109,64.12100036700629,63.09231796264648,62.06363555828667,0.00960540771484375,1.6645424735608576,1.0319608052571638,28.571428571428573,92.85714285714286,64.28571428571429,-0.9852909827328956,-0.02257676073535697,1.020948870128005,0.9797827947711251,0.1451310861423221,0.051962300665147926,1.1333205652025877,0.10739311865207464,1.0,0.48385130553375644,2.804166221557526,2.5240562546262026,6246502.606974286,10448257.890741328,-2347851.044059141,-7813340.359737797,5640295.165270491,5356436.125107603,287066.48694438953,5356436.125107603,10937393.524920315,13035063.720022334,101844453.92962824,101844453.92962824,10990807.136172662,10937393.524920315,10937393.524920315,10937393.524920315,10937393.524920315,10937393.524920315,10937393.524920315,10937393.524920315,0.0407345741250698,0.04041382944691964,4333260.601808606,4301186.13399359,4297978.687212089,4297978.687212089,34297228.434596166,34297228.434596166,210487091.31264904,135124921.73448843,75362169.57816063,75062273.30409023,75062273.30409023,133474690.36540586,157647613.03419235,-65446347.85314856,-65446347.85314856,85409496.62121426,61236573.95242776,0.003319707418854113,-13942.771159187276,62.35489273071289,2023-11-27,0,0,0,1,0,0,0,0,0,0,0,5.4847494130201335,1
62.97325439453125,63.19313850402832,62.665991973876956,63.7506820678711,62.84512894241016,62.886200689602376,62.75533944400687,65.10726051199576,46.29348998168602,31.52763638992099,44.862396061088326,-0.10476433698167398,-0.28534355771451025,0.18057922073283628,19.831373740226798,-78.83994176717702,-67.82009049576229,48.56620544765495,-0.13824409795710757,1.1900208203976341,1.9064093428352316,0.9121797606825837,64.13787662078393,62.97325439453125,61.80863216827858,-0.08641433715820312,1.4067785142522131,0.874883284935585,21.42857142857143,85.71428571428572,64.28571428571429,0.10526188984724279,0.0010778809517530963,1.0147286348564681,1.001540571075017,0.1451310861423221,0.051962300665147926,1.1333205652025877,0.10739311865207464,1.0,0.48385130553375644,2.804166221557526,2.5240562546262026,6239776.870342554,10437008.038583243,-2345323.0650016684,-7804927.576972765,5634222.144542943,5350668.741192331,286757.3966088105,5350668.741192331,10925617.010458592,13021028.601320738,101734795.93096377,101734795.93096377,10978973.11018738,10925617.010458592,10925617.010458592,10925617.010458592,10925617.010458592,10925617.010458592,10925617.010458592,10925617.010458592,0.04069071437912731,0.040370315053307404,4328594.891826849,4296554.959244859,4293350.965986661,4293350.965986661,34260299.909921914,34260299.909921914,210260455.5726803,134979429.97803658,75281025.59464371,74981452.22500211,74981452.22500211,133330975.44669321,157477870.63710997,-65375880.43692151,-65375880.43692151,85317534.47595209,61170639.28553531,0.0033161330222359654,-13927.758693391055,62.42210388183594,2023-11-28,0,0,0,1,0,0,0,0,0,0,0,5.061606323310669,1
62.76201171875,62.998219680786136,62.684235191345216,63.482394790649415,62.47047165293164,62.67437457767006,62.65684588495618,64.97447214187729,42.473402442236036,10.145749636379913,29.97359950818738,-0.1863969858953709,-0.2655542433506824,0.07915725745531149,18.703773768838335,-122.57127388611617,-91.18639890783314,41.895483953252736,-3.0613753122303966,1.1996671905386234,1.9436887566783416,1.3250700023714828,64.31164161096149,62.76201171875,61.21238182653851,-1.949188232421868,1.1165898153539962,0.6958318612514347,100.0,78.57142857142857,-21.42857142857143,-0.7826072534276876,-0.011229144233719013,1.0215558412242116,0.983476104330335,0.1451310861423221,0.051962300665147926,1.1333205652025877,0.10739311865207464,1.0,0.48385130553375644,2.804166221557526,2.5240562546262026,6310639.956622538,10555537.693811512,-2371958.124902541,-7893565.563200259,5698208.145684587,5411434.519927927,290014.00570871227,5411434.519927927,11049695.63649954,13168904.125141975,102890164.4275518,102890164.4275518,11103657.683841074,11049695.63649954,11049695.63649954,11049695.63649954,11049695.63649954,11049695.63649954,11049695.63649954,11049695.63649954,0.041152825391068674,0.0408287873958634,4377753.315223132,4345349.515702605,4342109.135750553,4342109.135750553,34649382.827299,34649382.827299,212648314.1634792,136512346.81005013,76135967.3534291,75832991.82791217,75832991.82791217,134845171.32471904,159266294.83336383,-66118332.731658325,-66118332.731658325,86286457.55323403,61865334.044589214,0.003353793250374494,-14085.931651572875,61.72115707397461,2023-11-29,0,0,0,1,0,0,0,0,0,0,0,6.192147495236508,1
62.508521270751956,62.89835891723633,62.718802261352536,63.227723846435545,62.39673823289518,62.59708308951591,62.61802926665771,64.86760152426729,46.083373089430815,21.53767668392777,21.07035423674287,-0.20610122971289968,-0.25366364062312585,0.04756241091022617,17.96771462062205,-126.0266543179804,-64.84840216003037,48.95795165090462,-1.5788792459758283,1.1969646666898852,1.922857312074343,1.161831856656292,63.88655364657399,62.508521270751956,61.130488894929925,-0.9986076354980469,0.9305947259533015,0.5807936986287459,100.0,71.42857142857143,-28.571428571428573,0.4545483205861414,0.008556455255929407,1.0190042267829502,1.0085563637554853,0.1338841349463952,0.05291433102944264,0.9031769450181961,0.10215844615892648,1.0,0.517963350256175,2.541604916315925,2.5226093402520386,15637130.816477945,19876537.866476435,-4184787.936811696,-19023515.834059156,5365524.648349737,2676336.5461528925,-3331765.904394417,2676336.5461528925,10933461.304391708,12830672.265380044,107024545.8450168,107024545.8450168,11717354.816848572,10933461.304391708,10933461.304391708,10933461.304391708,10933461.304391708,10933461.304391708,10933461.304391708,10933461.304391708,0.0408036904395459,0.040482401538447114,4334187.275822631,4311697.052745717,4306877.719229234,4306877.719229234,35335353.34284455,35335353.34284455,206625711.63014615,124962105.19336207,81663606.43678409,81297337.08953147,81297337.08953147,134950977.12852335,152164030.00489083,-59695477.824154556,-59695477.824154556,73756686.58074296,56543633.70437545,0.0035020490219767743,-218527.8589713507,62.249271392822266,2023-11-30,0,0,0,1,0,0,0,0,0,0,0,5.120511220764599,1
62.42210159301758,62.89355735778808,62.77497310638428,63.017281951904295,62.71885311717752,62.73635577973887,62.688986754189564,64.80860079334474,52.8094042908221,44.28458604924423,25.32267078985062,-0.13033923634882427,-0.22899875976826553,0.09865952341944126,17.131411228455722,-7.223598757325297,-29.697282190118496,54.38621015571312,-0.0757211208025299,1.2088579906072614,1.9078269799263126,1.3634712015331516,63.48461044335627,62.42210159301758,61.35959274267889,-0.048015594482421875,0.793544168382756,0.49573086469601435,92.85714285714286,64.28571428571429,-28.571428571428573,0.7605602776673414,0.01789276352957203,1.0219882026739504,1.0166383321634382,0.1338841349463952,0.05291433102944264,0.9031769450181961,0.10215844615892648,1.0,0.517963350256175,2.541604916315925,2.5226093402520386,15362257.574418498,19527143.308843236,-4111226.7291309005,-18689115.902636517,5271208.167100656,2629291.2593981116,-3273199.3229241795,2629291.2593981116,10741270.294996126,12605131.625938006,105143242.66723949,105143242.66723949,11511384.338973304,10741270.294996126,10741270.294996126,10741270.294996126,10741270.294996126,10741270.294996126,10741270.294996126,10741270.294996126,0.04008643336657385,0.03977079215896303,4257999.890669931,4235905.006137174,4231170.388023011,4231170.388023011,34714220.013037734,34714220.013037734,202993595.23263103,122765491.28815144,80228103.94447958,79868272.96780325,79868272.96780325,132578776.43277176,149489254.13052133,-58646136.37408993,-58646136.37408993,72460173.82517737,55549696.12742781,0.003440489162957913,-214686.52376857377,63.36308288574219,2023-12-01,0,0,0,1,0,0,0,0,0,0,0,4.995661715427316,1
62.777374267578125,62.93484611511231,62.862831115722656,62.838620300292966,63.18965411262355,62.98997402042556,62.82634573983967,64.78203825648869,56.811069595845645,72.48443960505402,46.10223411274199,-0.008217426610443113,-0.18484249313670104,0.17662506652625792,17.132111814374166,106.8338555065048,-6.586838240403752,56.58194193376404,0.6479883003376319,1.2096144585779312,1.8861543217327081,1.2194485421966377,64.49708472331133,62.777374267578125,61.05766381184492,0.4128875732421875,0.7707920893997111,0.48218932518592084,85.71428571428572,100.0,14.285714285714286,0.7952745972053707,0.01212335610561488,1.019318593150744,1.015354243766699,0.1338841349463952,0.05291433102944264,0.9031769450181961,0.10215844615892648,1.0,0.517963350256175,2.541604916315925,2.5226093402520386,15178246.28959106,19293244.436111584,-4061981.876349364,-18465255.040203135,5208068.893284789,2597797.2383869635,-3233992.480440914,2597797.2383869635,10612609.846615652,12454145.58403162,103883822.09832911,103883822.09832911,11373499.356112177,10612609.846615652,10612609.846615652,10612609.846615652,10612609.846615652,10612609.846615652,10612609.846615652,10612609.846615652,0.039606272421986125,0.039294412009214574,4206996.968288132,4185166.739394124,4180488.8332025507,4180488.8332025507,34298408.19661444,34298408.19661444,200562109.3595717,121294988.94336443,79267120.41620727,78911599.5456477,78911599.5456477,130990729.17643173,147698650.7906672,-57943664.69295292,-57943664.69295292,71592235.65789956,54884314.043664075,0.0033992784992098323,-212114.97835069353,64.13125610351562,2023-12-04,0,0,0,1,0,0,0,0,0,0,0,2.1561866955863396,1
63.09231872558594,63.0327865600586,62.95597038269043,62.676168518066405,63.45871146570737,63.17303804796182,62.937820066700176,64.75124562571952,55.917447010136755,87.3981757724428,68.05573380891366,0.07683194461052523,-0.13250760558725577,0.209339550197781,17.405297918012447,124.81163478253838,-20.107193657864087,52.911769090491426,1.5541804515219804,1.1945420682892496,1.86656454662469,0.998600994536389,65.002638260366,63.09231872558594,61.18199919080588,0.9794044494628906,0.6307942745201724,0.395464946062134,78.57142857142857,100.0,21.42857142857143,-0.2788467886879616,-0.002096168698514811,1.0156721052736868,0.9956677486562511,0.1338841349463952,0.05291433102944264,0.9031769450181961,0.10215844615892648,1.0,0.517963350256175,2.541604916315925,2.5226093402520386,15210129.286501788,19333771.282297783,-4070514.3611400407,-18504042.635170963,5219008.816202586,2603254.098141769,-3240785.7140132226,2603254.098141769,10634902.39613018,12480306.411679657,104102037.5308529,104102037.5308529,11397390.208712438,10634902.39613018,10634902.39613018,10634902.39613018,10634902.39613018,10634902.39613018,10634902.39613018,10634902.39613018,0.03968946824297775,0.039376952745001546,4215834.067698975,4193957.982840641,4189270.250370998,4189270.250370998,34370454.467422776,34370454.467422776,200983404.4809656,121549777.78286429,79433626.69810133,79077359.03040846,79077359.03040846,131265884.61494444,148008902.4190195,-58065379.52397847,-58065379.52397847,71742620.29290698,54999602.48883192,0.00340641892794061,-212560.54110349406,63.996826171875,2023-12-05,0,0,0,1,0,0,0,0,0,0,0,3.3822544834453003,1
63.754851531982425,63.258431625366214,63.0980785369873,62.53598403930664,63.983748012457255,63.51136224032459,63.13743921329607,64.76232701710138,61.01211811755369,88.66667718261859,82.8497641867051,0.2253137322504699,-0.06094333801971063,0.28625707027018055,18.089984032777405,160.2542825613431,-7.305936553876422,62.488737461914624,3.5943694946092286,1.2162108360924988,1.8701205240746575,1.4979048175347387,65.60011563808406,63.754851531982425,61.909587425880794,2.256450653076172,0.5716362785757292,0.3592107968452609,71.42857142857143,100.0,28.571428571428573,0.6666650364595799,0.016203849411172255,1.0234622535435263,1.015594555067547,0.1338841349463952,0.05291433102944264,0.9031769450181961,0.10215844615892648,1.0,0.517963350256175,2.541604916315925,2.5226093402520386,14967596.605066122,19025485.185379405,-4005608.0908359615,-18208986.95266006,5135789.2604192365,2561743.984388757,-3189109.8581166156,2561743.984388757,10465323.864195606,12281302.042804923,102442081.4693564,102442081.4693564,11215653.449174125,10465323.864195606,10465323.864195606,10465323.864195606,10465323.864195606,10465323.864195606,10465323.864195606,10465323.864195606,0.03905660096246964,0.03874906867142658,4148610.606170988,4127083.345797973,4122470.3614323274,4122470.3614323274,33822401.36891662,33822401.36891662,197778629.35416272,119611609.2782909,78167020.07587183,77816433.26408273,77816433.26408273,129172788.20681988,145648830.69945225,-57139499.675802045,-57139499.675802045,70598650.39330192,54122607.900669545,0.003352101972369442,-209171.16307585317,65.03382110595703,2023-12-06,0,0,0,1,0,0,0,0,0,0,0,2.357723319716667,1
64.31176147460937,63.41014137268066,63.21474189758301,62.422333526611325,64.33377237695719,63.78817294316685,63.31804701259711,64.77297384411533,61.012118117553705,85.83086202716856,87.29857166074328,0.339077939293162,0.019060917442863902,0.32001702185029807,18.879403637224545,148.67104714715174,-12.121176597031463,62.19014365205301,2.3885008331267388,1.2088976671826355,1.8588753461264813,1.1138264713544146,65.60001540030198,64.31176147460937,63.023507548916754,1.5170974731445312,0.6125717178283189,0.38580067952474195,64.28571428571429,100.0,35.714285714285715,-0.060344373996997026,0.0,1.0172799599220945,0.9989675561700082,0.1338841349463952,0.05291433102944264,0.9031769450181961,0.10215844615892648,1.0,0.517963350256175,2.541604916315925,2.5226093402520386,14967596.605066122,19025485.185379405,-4005608.0908359615,-18208986.95266006,5135789.2604192365,2561743.984388757,-3189109.8581166156,2561743.984388757,10465323.864195606,12281302.042804923,102442081.4693564,102442081.4693564,11215653.449174125,10465323.864195606,10465323.864195606,10465323.864195606,10465323.864195606,10465323.864195606,10465323.864195606,10465323.864195606,0.03905660096246964,0.03874906867142658,4148610.606170988,4127083.345797973,4122470.3614323274,4122470.3614323274,33822401.36891662,33822401.36891662,197778629.35416272,119611609.2782909,78167020.07587183,77816433.26408273,77816433.26408273,129172788.20681988,145648830.69945225,-57139499.675802045,-57139499.675802045,70598650.39330192,54122607.900669545,0.003352101972369442,-209171.16307585317,65.03382110595703,2023-12-07,0,0,0,1,0,0,0,0,0,0,0,1.4812098337973698,1
64.52300567626953,63.47255363464355,63.336686515808104,62.285702514648435,64.36228288265245,63.90292402514432,63.42292862035386,64.75910443430857,56.52261340345635,76.84700143833076,83.7815135493726,0.37532398842699166,0.09031353163968946,0.2850104567873022,19.21567007025979,96.72188484860344,-25.973879548930988,61.827696901813546,0.9783225114515348,1.2055358275403965,1.8713890940567517,1.161831912191289,65.40070788756834,64.52300567626953,63.645303464970716,0.6241226196289062,0.6539420880338144,0.412575623927971,57.142857142857146,92.85714285714286,35.714285714285715,-0.677692516251883,-0.009449194303266517,1.0181164705477845,0.987925087910483,0.1338841349463952,0.05291433102944264,0.9031769450181961,0.10215844615892648,1.0,0.517963350256175,2.541604916315925,2.5226093402520386,15110377.498040816,19206975.630086195,-4043818.9215529407,-18382688.548571948,5184781.266021813,2586181.3141294434,-3219531.8400386944,2586181.3141294434,10565156.076809717,12398457.476561742,103419310.63021114,103419310.63021114,11322643.305797182,10565156.076809717,10565156.076809717,10565156.076809717,10565156.076809717,10565156.076809717,10565156.076809717,10565156.076809717,0.039429174897291634,0.03911870895321847,4188185.5855469615,4166452.96946184,4161795.9803007427,4161795.9803007427,34145044.52916641,34145044.52916641,199665305.62261185,120752624.2878158,78912681.33479607,78558750.15855266,78558750.15855266,130405010.48905042,147038223.4427701,-57684572.40879358,-57684572.40879358,71272114.45115554,54638901.49743586,0.0033840787903974706,-211166.51652080216,64.41930389404297,2023-12-08,0,0,0,1,0,0,0,0,0,0,0,2.569257755638109,1
64.7265640258789,63.75196914672851,63.47687454223633,62.14476806640625,64.62453787228914,64.129491993584,63.58732092808801,64.77439633302441,60.26207167360709,71.68305524818635,78.12030623789519,0.4576578869131467,0.1637824026943809,0.29387548421876575,19.62290263636751,106.54740053325371,-9.523687302931961,60.70087101307894,4.481051924692592,1.1907544567646429,1.8277388481220673,0.9985966366798493,65.61840819776856,64.7265640258789,63.83471985398924,2.7941551208496094,0.6909595791894787,0.43670333960117347,50.0,85.71428571428572,35.714285714285715,0.7058858728579717,0.011328032335149452,1.0151988769749627,1.0107254766894314,0.1338841349463952,0.05291433102944264,0.9031769450181961,0.10215844615892648,1.0,0.517963350256175,2.541604916315925,2.5226093402520386,14941123.962668236,18991835.503399845,-3998523.517849882,-18176781.381335244,5126705.7772048395,2557213.1212045695,-3183469.3957852805,2557213.1212045695,10446814.227441957,12259580.551657202,102260895.89489245,102260895.89489245,11195816.731840488,10446814.227441957,10446814.227441957,10446814.227441957,10446814.227441957,10446814.227441957,10446814.227441957,10446814.227441957,0.03898752297634818,0.03868053460645567,4141273.109849897,4119783.923957422,4115179.0984090343,4115179.0984090343,33762580.92077774,33762580.92077774,197428825.5034186,119400056.58599104,78028768.91742755,77678802.17575009,77678802.17575009,128944325.00594902,145391226.92294,-57038439.126027495,-57038439.126027495,70473785.134373,54026883.217382014,0.0033461732318283083,-208801.20966608645,65.1490478515625,2023-12-11,0,0,0,1,0,0,0,0,0,0,0,1.702123473630366,1
64.92436065673829,64.0083396911621,63.600739097595216,62.01813110351563,64.74496169025005,64.28518605405452,63.720510299334094,64.78268703863804,59.03880910285763,65.41820937277798,71.31608868643167,0.5039271513721317,0.23181135242993106,0.27211579894220067,20.00104716203896,86.45088064501525,-13.203478134988702,57.60840948936169,4.107047479830217,1.1639983700184457,1.7911577651917712,0.8161692423178835,65.4407370992042,64.92436065673829,64.40798421427237,2.5637054443359375,0.6879177215996333,0.43547182816725183,42.85714285714286,78.57142857142857,35.714285714285715,-0.3529422324345671,-0.0025056164406662695,1.012662090545108,0.9955868926604398,0.1338841349463952,0.05291433102944264,0.9031769450181961,0.10215844615892648,1.0,0.517963350256175,2.541604916315925,2.5226093402520386,14978654.726209288,19039541.29108152,-4008567.450357016,-18222439.8261527,5139583.602377134,2563636.6112456005,-3191465.9854281964,2563636.6112456005,10473055.687957717,12290375.518618613,102517766.09508066,102517766.09508066,11223939.619480101,10473055.687957717,10473055.687957717,10473055.687957717,10473055.687957717,10473055.687957717,10473055.687957717,10473055.687957717,0.039085456137838086,0.03877769664068975,4151675.61653099,4130132.451730607,4125516.059273382,4125516.059273382,33847389.49637348,33847389.49637348,197924749.00854912,119699978.82087201,78224770.18767713,77873924.36092803,77873924.36092803,129268221.58721364,145756436.6469355,-57181714.57015997,-57181714.57015997,70650808.9628567,54162593.90313484,0.003354578518916812,-209325.69958040907,64.98580932617188,2023-12-12,0,0,0,1,0,0,0,0,0,0,0,3.905177615868849,1
65.31996002197266,64.53740577697754,63.767812728881836,62.05265869140625,65.50058043754301,64.7809373046135,64.03396816912408,64.870103936422,67.78053620328379,79.82238433294724,72.30788298463716,0.696054160168508,0.32465991397764643,0.37139424619086153,21.588727905562955,149.88363950054975,-1.9231211801929087,62.77791589384171,8.571875688936426,1.2475175905839164,1.861638184248979,2.3332674579350368,67.08547587535607,65.31996002197266,63.55444416858926,5.290660858154297,1.001633481607437,0.6359421167618109,35.714285714285715,100.0,64.28571428571429,0.9094645295992283,0.031176169489376404,1.0360106725591336,1.0327019684017988,0.1338841349463952,0.05291433102944264,0.9031769450181961,0.10215844615892648,1.0,0.517963350256175,2.541604916315925,2.5226093402520386,14525796.046689581,18463907.38501029,-3887374.0190698947,-17671509.84024019,4984195.479344894,2486128.643289998,-3094976.4742997936,2486128.643289998,10156417.49473693,11918793.201654991,99418284.7978789,99418284.7978789,10884599.500624646,10156417.49473693,10156417.49473693,10156417.49473693,10156417.49473693,10156417.49473693,10156417.49473693,10156417.49473693,0.03790376202855099,0.03760530720942854,4026155.5099618337,4005263.6726232623,4000786.8503364255,4000786.8503364255,32824061.007086914,32824061.007086914,191940770.99993363,116081017.34948522,75859753.65044841,75519515.15664881,75519515.15664881,125359977.67600214,141349694.61048734,-55452905.392950974,-55452905.392950974,68514780.55184494,52525063.61735976,0.0032531575284346914,-202997.02977432474,67.0118179321289,2023-12-13,0,0,0,1,0,0,0,0,0,0,0,-0.5770789877647232,0
65.42558135986329,64.86867141723633,63.883515167236325,62.057997436523436,65.52102955683206,64.92293557566744,64.17948813353227,64.8972342838333,58.2068865097185,67.5480419097634,70.92954520516285,0.7229880261235024,0.4043255364068176,0.3186624897166848,23.344938644376416,120.25785870772721,-32.30549538592441,54.99077201740113,5.321598676526618,1.3120403330148795,2.0012229309503806,2.1508359846174017,67.17308274749594,65.42558135986329,63.678079972230634,3.3126564025878906,1.2071154000138262,0.7679683489677203,28.571428571428573,100.0,71.42857142857143,-0.8080326428294121,-0.021636334925090872,1.0328254039168623,0.974176092835444,0.1338841349463952,0.05291433102944264,0.9031769450181961,0.10215844615892648,1.0,0.517963350256175,2.541604916315925,2.5226093402520386,14847031.390497727,18872233.346479185,-3973342.5901219,-18062312.073790226,5094420.057968195,2541108.927118267,-3163421.3174329447,2541108.927118267,10381024.82471004,12182375.150596399,101616902.12633444,101616902.12633444,11125310.443526395,10381024.82471004,10381024.82471004,10381024.82471004,10381024.82471004,10381024.82471004,10381024.82471004,10381024.82471004,0.0387419968480216,0.03843694175473009,4115193.208502452,4093839.3519720463,4089263.5255726734,4089263.5255726734,33549959.160200123,33549959.160200123,196185506.3221686,118648127.98479939,77537378.33736922,77189615.5310169,77189615.5310169,128132290.83523238,144475617.45832497,-56679236.33356231,-56679236.33356231,70029972.49146518,53686645.86837261,0.0033251005168774446,-207486.27225315254,65.56192779541016,2023-12-14,0,0,0,1,0,0,0,0,0,0,0,1.1942746778229123,1
65.3852523803711,64.95412902832031,63.923843193054196,62.094100646972656,65.08657270341538,64.79470347037918,64.18312345382273,64.87058427256855,51.01262949626698,48.76911979996857,65.37984868089303,0.6286157602145153,0.44918358116835716,0.1794321790461581,23.05171056365491,19.421924595040032,-52.86348908755707,49.97225044949607,1.348697178104219,1.3410905387516288,2.0883516461149854,1.7187432133293683,67.23036513341002,65.3852523803711,63.54013962733218,0.8545761108398438,1.4410834270291468,0.9176599796001739,21.42857142857143,92.85714285714286,71.42857142857143,-0.42352898937721467,-0.02050380219176895,1.02556782421801,0.989349094127883,0.1338841349463952,0.05291433102944264,0.9031769450181961,0.10215844615892648,1.0,0.517963350256175,2.541604916315925,2.5226093402520386,15157824.424148021,19267285.96671291,-4056516.6041612485,-18440410.605173707,5201061.596122292,2594301.9817783646,-3229641.242622046,2594301.9817783646,10598330.90515219,12437388.912643338,103744049.59786208,103744049.59786208,11358196.661121234,10598330.90515219,10598330.90515219,10598330.90515219,10598330.90515219,10598330.90515219,10598330.90515219,10598330.90515219,0.039552983395660546,0.03924154258152148,4201336.582735911,4179535.725746177,4174864.113534091,4174864.113534091,34252260.739013754,34252260.739013754,200292259.1850412,121131790.25124577,79160468.93379542,78805426.4056769,78805426.4056769,130814485.16282912,147499926.78032923,-57865703.267037235,-57865703.267037235,71495910.49783318,54810468.880333066,0.0033947048741157474,-211829.58414482264,64.21765899658203,2023-12-15,0,0,0,1,0,0,0,0,0,0,0,2.2745026010625704,1
65.35836486816406,65.04246444702149,63.9886552810669,62.15478462219238,65.0625852324527,64.83468652858794,64.26231267636602,64.87623235170419,54.59557424922824,26.909930688098104,47.74236413260999,0.6110881250710207,0.4815644899488899,0.12952363512213083,22.779427345842084,20.81569591810845,-40.6756590228272,53.79900600110755,1.3774160069247365,1.3324012731407247,2.0493874641202856,1.2194408201989688,67.2203035625504,65.35836486816406,63.49642617377772,0.8833541870117188,1.6167443740777003,1.0314049353966368,14.285714285714286,85.71428571428572,71.42857142857143,0.47244099218435415,0.012410157990775161,1.019094821865516,1.008940522554973,0.1338841349463952,0.05291433102944264,0.9031769450181961,0.10215844615892648,1.0,0.517963350256175,2.541604916315925,2.5226093402520386,14972019.299203964,19031106.923058417,-4006791.6862981636,-18214367.427693993,5137306.8070003325,2562500.9402582496,-3190052.1909337393,2562500.9402582496,10468416.206121037,12284930.978296904,102472351.52574137,102472351.52574137,11218967.501928924,10468416.206121037,10468416.206121037,10468416.206121037,10468416.206121037,10468416.206121037,10468416.206121037,10468416.206121037,0.039068141586170196,0.03876051842407437,4149836.456672724,4128302.835326016,4123688.4878945784,4123688.4878945784,33832395.3672992,33832395.3672992,197837069.89125863,119646952.66555145,78190117.22570716,77839426.82091792,77839426.82091792,129210956.77511077,145691867.68439478,-57156383.5174049,-57156383.5174049,70619511.20652883,54138600.297244824,0.0033530924668445285,-209232.96993109857,65.01461029052734,2023-12-18,0,0,0,1,0,0,0,0,0,0,0,1.3031480608970505,1
65.46014556884765,65.19225311279297,64.11251983642578,62.251763916015626,65.20662776483175,64.95469131058829,64.3796841195302,64.90048648809186,56.65244722963997,27.819420235094128,34.49949024105357,0.6286904582021009,0.5109896835995321,0.11770077460256878,22.938706023256618,67.71016596219478,-33.3334184063754,57.197648224691164,2.340563973738319,1.2852401383063525,1.962357086213063,0.6721453854595154,67.28475866901388,65.46014556884765,63.635532468681426,1.4978866577148438,1.7020836070416028,1.0879090137970806,7.142857142857143,78.57142857142857,71.42857142857143,0.521738168951797,0.00738453305983211,1.0101890494531667,1.0053058307803628,0.1338841349463952,0.05291433102944264,0.9031769450181961,0.10215844615892648,1.0,0.517963350256175,2.541604916315925,2.5226093402520386,14862268.386956386,18891601.2689348,-3977420.2946395506,-18080848.80196605,5099648.285641497,2543716.779604411,-3166667.8276707977,2543716.779604411,10391678.512597613,12194877.502221148,101721188.04970294,101721188.04970294,11136727.966085011,10391678.512597613,10391678.512597613,10391678.512597613,10391678.512597613,10391678.512597613,10391678.512597613,10391678.512597613,0.038781756423740724,0.03847638826292387,4119416.489419389,4098040.718162209,4093460.195749956,4093460.195749956,33584390.326637834,33584390.326637834,196386844.74373242,118769892.46810801,77616952.2756244,77268832.57229318,77268832.57229318,128263788.58790407,144623887.80366713,-56737404.279771864,-56737404.279771864,70101841.83792157,53741742.622158505,0.0033285129529037317,-207699.20826119283,65.49471282958984,2023-12-19,0,0,0,1,0,0,0,0,0,0,0,0.4868063141073767,1
64.91283721923828,65.11639862060547,64.18741512298584,62.323394317626956,64.89617723791518,64.83116128758715,64.36974050663036,64.87596843695422,50.40640478548013,28.320722083365926,27.68335766885269,0.5380398989542954,0.5163997266704847,0.021640172283810655,22.300966341610255,-17.019023429685298,-59.99991693737858,50.56857517868677,-1.166385288416516,1.2812258869909556,1.9933417062597627,1.229040619890796,66.06523034481184,64.91283721923828,63.76044409366473,-0.758544921875,1.6128317208561838,1.031958457751145,0.0,71.42857142857143,71.42857142857143,-0.7079622715395893,-0.01861885628356985,1.0168832698082413,0.9881902059700072,0.1338841349463952,0.05291433102944264,0.9031769450181961,0.10215844615892648,1.0,0.517963350256175,2.541604916315925,2.5226093402520386,15144236.754614918,19250014.522791285,-4052880.290299143,-18423880.383002862,5196399.297350917,2591976.41598402,-3226746.150510719,2591976.41598402,10588830.424482139,12426239.876629274,103651052.09224933,103651052.09224933,11348015.02697607,10588830.424482139,10588830.424482139,10588830.424482139,10588830.424482139,10588830.424482139,10588830.424482139,10588830.424482139,0.03951752759063272,0.039206365956060814,4197570.450375082,4175789.1359550483,4171121.7114364696,4171121.7114364696,34221556.570218794,34221556.570218794,200112714.61771467,121023206.15039915,79089508.46731552,78734784.20390356,78734784.20390356,130697221.36923987,147367705.94143,-57813831.7034611,-57813831.7034611,71431820.6405008,54761336.068310656,0.003391661816833832,-211639.69737043112,64.27527618408203,2023-12-20,0,0,0,1,0,0,0,0,0,0,0,4.317275094665216,1
64.83410339355468,65.12984237670898,64.26999187469482,62.43573699951172,64.98687104760752,64.89245172020625,64.44578985523626,64.8874307989165,54.373493012614006,42.087127806009,32.742423374822984,0.5321209420668822,0.5195439697497642,0.012576972317117963,21.716141746255975,7.904486276234078,-55.06326252474673,51.37096278981574,0.20671945573691453,1.2672110397970042,1.9445218665000916,1.085018026275634,65.843237223413,64.83410339355468,63.82496956369637,0.13443756103515625,1.6738513864990343,1.071965780013656,0.0,64.28571428571429,64.28571428571429,0.6250069538818577,0.013893094451320476,1.0143048588249393,1.0089193716880833,0.1338841349463952,0.05291433102944264,0.9031769450181961,0.10215844615892648,1.0,0.517963350256175,2.541604916315925,2.5226093402520386,14936719.499811163,18986236.93971271,-3997344.801418541,-18171423.085757528,5125194.486271757,2556459.2856672895,-3182530.9474633606,2556459.2856672895,10443734.632804066,12255966.575404948,102230750.61808293,102230750.61808293,11192516.340312166,10443734.632804066,10443734.632804066,10443734.632804066,10443734.632804066,10443734.632804066,10443734.632804066,10443734.632804066,0.03897602992553971,0.03866913205211026,4140052.3125632335,4118569.4614231726,4113965.9933217308,4113965.9933217308,33752628.11977053,33752628.11977053,197370625.8705785,119364858.89164893,78005766.97892956,77655903.40322,77655903.40322,128906313.77657042,145348367.345553,-57021624.88319117,-57021624.88319117,70453010.3138309,54010956.744848296,0.003345186820380967,-208739.65759177235,65.16825866699219,2023-12-21,0,0,0,1,0,0,0,0,0,0,0,1.8945333582150885,1
65.02422332763672,65.20473785400391,64.33864574432373,62.59532112121582,65.0473335874024,64.9425984378037,64.51459640873682,64.8984436564881,54.373493012614006,45.0208328552921,38.47622758155564,0.5214195263623083,0.519919081072273,0.001500445290035235,21.911112128843417,70.15559841003265,-63.34948407654743,39.764211103219395,1.1626247532589007,1.2679138428246859,1.945600310273268,1.2770502821845469,65.83606910793621,65.02422332763672,64.21237754733723,0.7489547729492188,1.5741973067111608,1.009308154766373,0.0,57.142857142857146,57.142857142857146,-0.24060232324680822,0.0,1.0196164327698458,0.9953072344424803,0.1338841349463952,0.05291433102944264,0.9031769450181961,0.10215844615892648,1.0,0.517963350256175,2.541604916315925,2.5226093402520386,14936719.499811163,18986236.93971271,-3997344.801418541,-18171423.085757528,5125194.486271757,2556459.2856672895,-3182530.9474633606,2556459.2856672895,10443734.632804066,12255966.575404948,102230750.61808293,102230750.61808293,11192516.340312166,10443734.632804066,10443734.632804066,10443734.632804066,10443734.632804066,10443734.632804066,10443734.632804066,10443734.632804066,0.03897602992553971,0.03866913205211026,4140052.3125632335,4118569.4614231726,4113965.9933217308,4113965.9933217308,33752628.11977053,33752628.11977053,197370625.8705785,119364858.89164893,78005766.97892956,77655903.40322,77655903.40322,128906313.77657042,145348367.345553,-57021624.88319117,-57021624.88319117,70453010.3138309,54010956.744848296,0.003345186820380967,-208739.65759177235,65.16825866699219,2023-12-22,0,0,0,1,0,0,0,0,0,0,0,3.0064387394877903,1
65.11064147949219,65.23450317382813,64.49323616027831,62.73301261901855,65.18045607486984,65.03425345816751,64.60336827931471,64.91994394642208,55.65623869859079,59.897631398821225,49.00186402004075,0.5293050514179924,0.5217962751414169,0.007508776276575535,21.717508120907215,34.14711067419944,-58.14541451276875,46.736511550282856,0.4568803506082908,1.2603365421145225,1.9257449526071775,1.1618316328823965,65.98924104431465,65.11064147949219,64.23204191466972,0.2976531982421875,1.503913163230531,0.9654224102313691,0.0,50.0,50.0,0.38843105481188295,0.00427266875788912,1.0179418600336487,1.0069434363089285,0.1338841349463952,0.05291433102944264,0.9031769450181961,0.10215844615892648,1.0,0.517963350256175,2.541604916315925,2.5226093402520386,14873171.36518839,18905460.17068789,-3980338.1350231925,-18094112.934719633,5103389.393849314,2545582.8533392088,-3168990.8990549333,2545582.8533392088,10399301.860640248,12203823.679243853,101795810.83743383,101795810.83743383,11144897.883316256,10399301.860640248,10399301.860640248,10399301.860640248,10399301.860640248,10399301.860640248,10399301.860640248,10399301.860640248,0.038810206767596576,0.03850461458832417,4122438.498384865,4101047.045835796,4096463.1631467096,4096463.1631467096,33609027.87638009,33609027.87638009,196530914.37277853,118857022.2062127,77673892.16656584,77325517.08219528,77325517.08219528,128357883.05979206,144729984.06431162,-56779026.90881452,-56779026.90881452,70153268.63467172,53781167.63015214,0.0033309547540693128,-207851.57665392512,65.44670104980469,2023-12-26,0,0,0,1,0,0,0,0,0,0,0,3.3800912309415816,1
65.11064147949219,65.28539352416992,64.64686660766601,62.86187026977539,65.28520832644317,65.11797334388066,64.68825823648376,64.94248390262474,55.886537477613984,55.33301254244733,53.41715893218686,0.5332812024682028,0.5240932606067741,0.009187941861428683,21.537732970680743,34.162518989001285,-56.8923337528731,50.580910366936536,0.7830994315446871,1.2025476128153476,1.8360987641006175,0.4512915319260742,65.98924104431465,65.11064147949219,64.23204191466972,0.5089035034179688,1.5354541667535877,0.9867188869378509,0.0,42.85714285714286,42.85714285714286,0.21276215830139733,0.0007336012207646014,1.0069260420936605,1.0014681907682421,0.1338841349463952,0.05291433102944264,0.9031769450181961,0.10215844615892648,1.0,0.517963350256175,2.541604916315925,2.5226093402520386,14862268.386956386,18891601.2689348,-3977420.2946395506,-18080848.80196605,5099648.285641497,2543716.779604411,-3166667.8276707977,2543716.779604411,10391678.512597613,12194877.502221148,101721188.04970294,101721188.04970294,11136727.966085011,10391678.512597613,10391678.512597613,10391678.512597613,10391678.512597613,10391678.512597613,10391678.512597613,10391678.512597613,0.038781756423740724,0.03847638826292387,4119416.489419389,4098040.718162209,4093460.195749956,4093460.195749956,33584390.326637834,33584390.326637834,196386844.74373242,118769892.46810801,77616952.2756244,77268832.57229318,77268832.57229318,128263788.58790407,144623887.80366713,-56737404.279771864,-56737404.279771864,70101841.83792157,53741742.622158505,0.0033285129529037317,-207699.20826119283,65.49471282958984,2023-12-27,0,0,0,1,0,0,0,0,0,0,0,3.171568181481953,1
65.4395523071289,65.17619476318359,64.85680027008057,62.992317047119144,65.49674899171733,65.26376552176883,64.80555081608203,64.98081121319889,57.968074989400996,63.48775859004775,59.57280084377208,0.5642316484051122,0.5321209381664417,0.032110710238670515,21.80179887111341,83.77335134612382,-45.79605185898287,46.6909292391517,-1.629544822928508,1.1656493851041638,1.7682833517707712,0.6859724248587753,65.99161117206471,65.4395523071289,64.8874934421931,-1.0919876098632812,1.4591604947627064,0.9393196595020896,42.85714285714286,35.714285714285715,-7.142857142857143,0.5352188349577092,0.006490867343473816,1.0104735075215205,1.0056006616265059,0.1338841349463952,0.05291433102944264,0.9031769450181961,0.10215844615892648,1.0,0.517963350256175,2.541604916315925,2.5226093402520386,14766421.50383716,18769769.187073883,-3951769.8805728173,-17964245.26899935,5066760.61463079,2527312.330531406,-3146245.962498281,2527312.330531406,10324662.497957233,12116232.643429978,101065187.3257283,101065187.3257283,11064907.121789616,10324662.497957233,10324662.497957233,10324662.497957233,10324662.497957233,10324662.497957233,10324662.497957233,10324662.497957233,0.03853165257832997,0.03822825373913052,4092850.3408005605,4071612.4220565995,4067061.439468608,4067061.439468608,33367804.33515535,33367804.33515535,195120344.47175336,118003944.51823351,77116399.95351984,76770525.27683246,76770525.27683246,127436614.42894436,143691207.23905483,-56371504.323257536,-56371504.323257536,69649754.5208214,53395161.71071095,0.003307047347273989,-206359.75446989693,65.91983032226562,2023-12-28,0,0,0,1,0,0,0,0,0,0,0,13.293247274035316,1
65.62657775878907,65.23034057617187,65.0495059967041,63.13891738891601,65.69896130290921,65.41642377695504,64.9291541598164,65.02483375092807,58.870497467894076,72.54191222926774,63.787561120587576,0.5966931951965506,0.5450353895724634,0.05165780562408717,22.146878348957042,90.50184581774299,-41.00494175533963,47.408050300801456,0.8258728016242278,1.1334560359925023,1.714671676990166,0.7149424975409033,66.30371495228579,65.62657775878907,64.94944056529235,0.5414581298828125,1.4023266660692126,0.9045273707463224,35.714285714285715,28.571428571428573,-7.142857142857143,0.7027001948594196,0.002784527844352569,1.0108983482642118,1.0076582714489073,0.1338841349463952,0.05291433102944264,0.9031769450181961,0.10215844615892648,1.0,0.517963350256175,2.541604916315925,2.5226093402520386,14725418.166931605,18717649.371218897,-3940796.622648123,-17914362.228560105,5052691.255141932,2520294.500319299,-3137509.4799893307,2520294.500319299,10295993.018711373,12082588.33976605,100784549.94013944,100784549.94013944,11034182.134396732,10295993.018711373,10295993.018711373,10295993.018711373,10295993.018711373,10295993.018711373,10295993.018711373,10295993.018711373,0.03842465804808535,0.038122101685501994,4081485.3312493805,4060306.385868546,4055768.0404297956,4055768.0404297956,33275148.756916743,33275148.756916743,194578535.1227906,117676271.66316783,76902263.45962277,76557349.20627776,76557349.20627776,127082748.97588415,143292206.1012871,-56214972.167986274,-56214972.167986274,69456351.37644656,53246894.25104362,0.003297864352158506,-205786.73557469077,66.10338592529297,2023-12-29,0,0,0,1,0,0,0,0,0,0,0,11.122475749059099,1
66.03001861572265,65.5271209716797,65.240625,63.32962760925293,66.19446185249286,65.73806726326507,65.14404071142057,65.10956430781953,63.80411059246334,81.51848094524516,72.51605058818684,0.7016456434163274,0.5763574403412363,0.12528820307509114,23.314305361548964,165.2949239952645,-12.760910581985767,56.60509677644939,4.621476399873248,1.176023012724675,1.7504129034145701,1.7293937102429169,67.28839455413099,66.03001861572265,64.77164267731432,2.967803955078125,1.2033667110700539,0.7778924306233677,28.571428571428573,21.42857142857143,-7.142857142857143,0.7541887059445354,0.01636946445663323,1.0262501957976236,1.0197976011994003,0.1338841349463952,0.05291433102944264,0.9031769450181961,0.10215844615892648,1.0,0.517963350256175,2.541604916315925,2.5226093402520386,14488253.220795099,18416186.264731638,-3877326.858451945,-17625836.720839895,4971313.515251246,2479703.0887450827,-3086977.3145602047,2479703.0887450827,10130167.600239515,11887988.337219073,99161332.03984088,99161332.03984088,10856467.5743144,10130167.600239515,10130167.600239515,10130167.600239515,10130167.600239515,10130167.600239515,10130167.600239515,10130167.600239515,0.03780579739143163,0.03750811394740461,4015749.6599245095,3994911.818842618,3990446.5671822126,3990446.5671822126,32739225.174091738,32739225.174091738,191444688.10543743,115780998.71986943,75663689.385568,75324330.25937718,75324330.25937718,125035976.99466951,140984367.50841716,-55309583.90022045,-55309583.90022045,68337699.82806301,52389309.31431538,0.0032447495398945257,-202472.3712894184,67.18546295166016,2024-01-02,0,0,0,1,0,0,0,0,0,0,0,10.454407172819216,1
66.26569976806641,65.6881706237793,65.3653175354004,63.51450798034668,66.33801017216972,65.89934718113022,65.28509462571608,65.16899734718046,59.803477574895645,75.31419727936624,76.45819681795967,0.7311766085529285,0.6073212739835747,0.12385533456935383,24.449115640373215,133.32547170641212,-27.82363696705657,49.35567763369692,2.4771301616657526,1.1851848941158865,1.7788862950248925,1.3042893522016357,67.43720480114834,66.26569976806641,65.09419473498448,1.6104965209960938,1.1700783613555386,0.7576473920773168,21.42857142857143,100.0,78.57142857142857,-0.3333371009398276,-0.008340437283879343,1.0196449134188081,0.9935167187164063,0.1338841349463952,0.05291433102944264,0.9031769450181961,0.10215844615892648,1.0,0.517963350256175,2.541604916315925,2.5226093402520386,14610107.909525203,18571077.169155058,-3909937.4465084397,-17774080.323052954,5013125.171339036,2500558.8429493513,-3112940.6004063357,2500558.8429493513,10215368.238363316,11987973.276492478,99995336.8757333,99995336.8757333,10947776.82028187,10215368.238363316,10215368.238363316,10215368.238363316,10215368.238363316,10215368.238363316,10215368.238363316,10215368.238363316,0.03812376627305734,0.037823579137049014,4049524.464752311,4028511.365231728,4024008.5581916035,4024008.5581916035,33014581.21819564,33014581.21819564,193054849.97399426,116754784.67907812,76300065.29491614,75957851.95986664,75957851.95986664,126087602.73757696,142170128.549223,-55774769.87034688,-55774769.87034688,68912459.87775125,52829934.0661052,0.003272039782490748,-204175.28242742267,66.62510681152344,2024-01-03,0,0,0,1,0,0,0,0,0,0,0,11.10787677468307,1
66.3159423828125,65.71329193115234,65.45277252197266,63.661064453125,66.14064874921992,65.87145240334661,65.32898331882124,65.19162199644084,54.074568670091715,51.42503328357126,69.41923716939418,0.6758468180932908,0.6210263828055179,0.05482043528777292,24.523729412901556,40.88355619501028,-50.63379309957179,48.088239899601746,0.3835623714911085,1.1716088681788597,1.7820250488246463,0.9951205309975109,67.36614330174851,66.3159423828125,65.26574146387648,0.25121307373046875,1.1629965437611123,0.7545786148462525,14.285714285714286,92.85714285714286,78.57142857142857,-0.6249990065883043,-0.013195939943334678,1.0141321813655213,0.9912600369878373,0.1338841349463952,0.05291433102944264,0.9031769450181961,0.10215844615892648,1.0,0.517963350256175,2.541604916315925,2.5226093402520386,14805480.136235198,18819417.066533603,-3962222.6992903934,-18011762.45873199,5080162.693140082,2533997.3193926276,-3154568.0914887814,2533997.3193926276,10351972.242368681,12148281.266499951,101332514.65340675,101332514.65340675,11094174.885795683,10351972.242368681,10351972.242368681,10351972.242368681,10351972.242368681,10351972.242368681,10351972.242368681,10351972.242368681,0.03863357257657428,0.03832937121770361,4103676.331165252,4082382.2360443054,4077819.2156612454,4077819.2156612454,33456065.448595583,33456065.448595583,195636456.9101068,118316076.5191559,77320380.39095092,76973590.84183836,76973590.84183836,127773696.76644483,144071284.56794062,-56520612.4781693,-56520612.4781693,69833984.94914389,53536397.14764809,0.003315794811690233,-206905.59624947055,65.74592590332031,2024-01-04,0,0,0,1,0,0,0,0,0,0,0,15.018340692432217,1
66.12464447021485,65.78209838867187,65.44924850463867,63.76393165588379,65.7482127525724,65.70634119533402,65.2941602179123,65.18266979106188,49.52655624262691,27.627755788811026,51.45566211724947,0.5623668645833817,0.6092944791610907,-0.046927614577709,23.403293051345596,-36.97611788042816,-70.93779328434694,45.3415703766119,1.070496489544004,1.2024790040057733,1.8510116474175455,1.6037907697556477,67.63945254870488,66.12464447021485,64.60983639172481,0.6880645751953125,1.0042568872989224,0.6525662740071567,7.142857142857143,85.71428571428572,78.57142857142857,-0.644579669913,-0.011903173212493234,1.0248539603228084,0.9843361186785812,0.1338841349463952,0.05291433102944264,0.9031769450181961,0.10215844615892648,1.0,0.517963350256175,2.541604916315925,2.5226093402520386,14983835.323478032,19046126.408197418,-4009953.874836683,-18228742.33620576,5141361.206124576,2564523.284252558,-3192569.8028450212,2564523.284252558,10476677.954755649,12294626.33332844,102553223.43545854,102553223.43545854,11227821.590992235,10476677.954755649,10476677.954755649,10476677.954755649,10476677.954755649,10476677.954755649,10476677.954755649,10476677.954755649,0.0390989744417857,0.038791108501299194,4153111.537162906,4131560.921328851,4126942.9322215533,4126942.9322215533,33859096.13470544,33859096.13470544,197993204.31597644,119741378.89281991,78251825.42315653,77900858.25100192,77900858.25100192,129312930.98254526,145806848.74410957,-57201491.74239199,-57201491.74239199,70675244.62778373,54181326.86621941,0.003355738751302867,-209398.0980812989,64.96334075927734,2024-01-05,0,0,0,1,0,0,0,0,0,0,0,13.399750436735713,1
65.89277038574218,65.75967407226562,65.4447582244873,63.826468276977536,65.4801470026915,65.56773652398778,65.26081310219968,65.17331079937043,49.416027620161344,13.006776259611016,30.686521777331063,0.46550771400990243,0.5805371261308531,-0.11502941212095064,22.33375137374191,-79.43505416133544,-71.79679484518607,46.470698533359105,-0.3440987509093607,1.1697251832542201,1.8011285169169322,0.7439255134840295,67.68003852919175,65.89277038574218,64.10550224229262,-0.2242431640625,0.7414582091775898,0.4827187366974641,0.0,78.57142857142857,78.57142857142857,0.06493931136982137,-0.00029747941103064335,1.0115338019536781,1.0007444253851554,0.1338841349463952,0.05291433102944264,0.9031769450181961,0.10215844615892648,1.0,0.517963350256175,2.541604916315925,2.5226093402520386,14988294.032359133,19051793.924633197,-4011147.1085160817,-18234166.625354104,5142891.110343076,2565286.404141187,-3193519.809236988,2565286.404141187,10479795.478142207,12298284.819853337,102583739.9860109,102583739.9860109,11231162.630636785,10479795.478142207,10479795.478142207,10479795.478142207,10479795.478142207,10479795.478142207,10479795.478142207,10479795.478142207,0.03911060904272878,0.03880265149121123,4154347.3699717424,4132790.341365514,4128170.9780927505,4128170.9780927505,33869171.51590009,33869171.51590009,198052120.7442088,119777010.08723569,78275110.65697314,77924039.04824312,77924039.04824312,129351410.3639163,145850236.18646902,-57218513.07196069,-57218513.07196069,70696275.31412624,54197449.49157353,0.003356737311541289,-209460.40824017645,64.94401550292969,2024-01-08,0,0,0,1,0,0,0,0,0,0,0,13.671525415684659,1
65.5237045288086,65.77686157226563,65.49079971313476,63.89596710205078,65.43347589079173,65.52635418635221,65.26836744170373,65.1798528726105,51.79094977665698,20.13295488979911,20.25582897940701,0.4159151536965169,0.5476127316439858,-0.13169757794746895,21.020978302997896,-73.69725452656539,-67.21778166612127,49.94790282743149,0.26374035997842604,1.1745062193391662,1.797526502356224,1.236659688443467,66.77149121246704,65.5237045288086,64.27591784515015,0.171875,0.6938941499186162,0.4525775420359963,0.0,71.42857142857143,71.42857142857143,0.7187492549412319,0.006099378995815696,1.0192654836282662,1.013791008568001,0.1338841349463952,0.05291433102944264,0.9031769450181961,0.10215844615892648,1.0,0.517963350256175,2.541604916315925,2.5226093402520386,14897428.967025997,18936294.288988356,-3986829.9218309764,-18123623.775171753,5111712.836435878,2549734.606437776,-3174159.4080143743,2549734.606437776,10416262.74394688,12223727.672039926,101961836.10450031,101961836.10450031,11163074.806632493,10416262.74394688,10416262.74394688,10416262.74394688,10416262.74394688,10416262.74394688,10416262.74394688,10416262.74394688,0.03887350480403332,0.03856741421502518,4129162.0457197595,4107735.70448919,4103144.345654068,4103144.345654068,33663842.97911484,33663842.97911484,196851449.1499676,119050873.68882456,77800575.46114306,77451632.18967378,77451632.18967378,128567230.10108753,144966033.40719843,-56871631.43771174,-56871631.43771174,70267686.06565283,53868882.75954192,0.0033363874201886865,-208190.57501977403,65.34013366699219,2024-01-09,0,0,0,1,0,0,0,0,0,0,0,12.209259828809534,1
65.00391845703125,65.63480911254882,65.43465614318848,63.96703231811524,64.96437607807339,65.25359459840394,65.15006353798306,65.1346106600625,44.35230540623023,22.267069936227852,18.468933695212623,0.26750371009845253,0.4915909273348792,-0.22408721723642666,20.004487326493255,-145.68985767952782,-85.20190781772597,46.26903404131187,-2.1705060367931406,1.2300133891735214,1.9211101729359432,1.9516065970201382,66.1440342611077,65.00391845703125,63.863802652954796,-1.4205245971679688,0.508672489126164,0.33190042544634935,100.0,64.28571428571429,-35.714285714285715,-0.2988533970578528,-0.020109496883677802,1.0265203147017654,0.9922143394919457,0.1338841349463952,0.05291433102944264,0.9031769450181961,0.10215844615892648,1.0,0.517963350256175,2.541604916315925,2.5226093402520386,15203156.801344704,19324908.47575899,-4068648.394031534,-18495560.185075402,5216616.36701164,2602060.738754908,-3239300.103347947,2602060.738754908,10630027.243677013,12474585.306383824,104054316.04881722,104054316.04881722,11392165.523730287,10630027.243677013,10630027.243677013,10630027.243677013,10630027.243677013,10630027.243677013,10630027.243677013,10630027.243677013,0.039671274168292116,0.03935890193074651,4213901.484490241,4192035.4278620486,4187349.8442988647,4187349.8442988647,34354698.685265884,34354698.685265884,200891271.5491432,121494058.07098848,79397213.47815472,79041109.12735271,79041109.12735271,131205710.9362814,147941053.5627873,-58038761.73597382,-58038761.73597382,71709732.71215732,54974390.08565141,0.0034048573892471188,-212463.1010890202,64.02617645263672,2024-01-10,0,0,0,1,0,0,0,0,0,0,0,14.754828951581372,1
64.55369567871094,65.43481903076172,65.36010627746582,64.01210723876953,64.47452138928851,64.93381594627935,64.9924205354817,65.0703048307157,41.741333563941794,19.910027014316817,20.770017280114555,0.10579041615096685,0.4144308250980967,-0.30864040894712985,19.14000044461762,-178.78438570298613,-95.60429675152277,42.20292347072344,-3.0535301728471076,1.196673330431135,1.8846789092158807,0.7632525667801104,65.92136655161018,64.55369567871094,63.1860248058117,-1.9999008178710938,0.33258550765641814,0.2169251564221497,100.0,57.142857142857146,-42.85714285714286,-0.670883753271476,-0.008299174968085854,1.012057401648401,0.9920000184257075,0.1338841349463952,0.05291433102944264,0.9031769450181961,0.10215844615892648,1.0,0.517963350256175,2.541604916315925,2.5226093402520386,15330386.360075325,19486631.439614955,-4102697.3975751204,-18650342.641875077,5260272.287102073,2623836.416261094,-3266408.59983524,2623836.416261094,10718985.983837338,12578980.466192892,104925107.87763903,104925107.87763903,11487502.315392017,10718985.983837338,10718985.983837338,10718985.983837338,10718985.983837338,10718985.983837338,10718985.983837338,10718985.983837338,0.04000326829113553,0.0396882819266384,4249166.057066286,4227117.011551486,4222392.2160840295,4222392.2160840295,34642200.36739437,34642200.36739437,202572455.80357185,122510796.6075138,80061659.19605805,79702574.74053133,79702574.74053133,132303722.67972958,149179117.15766332,-58524466.52356678,-58524466.52356678,72309844.76578368,55434450.28784993,0.0034333513730187186,-214241.12567636804,63.49481201171875,2024-01-11,0,0,0,1,0,0,0,0,0,0,0,15.715169388800721,1
64.38172302246093,65.2531837463379,65.21468925476074,64.06705093383789,64.35084008553478,64.78284531568808,64.90775929191462,65.03239003257106,45.68564732285946,21.55839209190626,21.245163014150275,0.026440887821848946,0.33683283764284716,-0.3103919498209982,18.09232974107622,-117.20190580099275,-81.7582302517844,45.75354912343696,-2.7553967225925513,1.1677848555888797,1.8217184176773555,0.7922346826395597,65.71594006160667,64.38172302246093,63.0475059833152,-1.8163528442382812,0.1546696522628993,0.10088788546048022,92.85714285714286,50.0,-42.85714285714286,0.14545706755444113,0.009586066121374692,1.008334642666503,1.0012072104286587,0.1338841349463952,0.05291433102944264,0.9031769450181961,0.10215844615892648,1.0,0.517963350256175,2.541604916315925,2.5226093402520386,15184823.636652956,19301604.978046745,-4063742.097131801,-18473256.780896273,5210325.759854209,2598922.9688374586,-3235393.8999813264,2598922.9688374586,10617208.71903226,12459542.46825017,103928839.15359494,103928839.15359494,11378427.952680325,10617208.71903226,10617208.71903226,10617208.71903226,10617208.71903226,10617208.71903226,10617208.71903226,10617208.71903226,0.03962343541925057,0.03931143986476828,4208820.029966065,4186980.341152305,4182300.40783507,4182300.40783507,34313271.081962034,34313271.081962034,200649021.02087662,121347550.96034108,79301470.06053555,78945795.12842573,78945795.12842573,131047492.74919541,147762654.580584,-57968774.0228091,-57968774.0228091,71623259.46472643,54908097.63333786,0.0034007515438569387,-212206.89633667297,64.10347747802734,2024-01-12,0,0,0,1,0,0,0,0,0,0,0,13.328281464397712,1
63.98753662109375,64.94015350341797,65.08524703979492,64.09535400390625,63.89158788905444,64.45379771212548,64.72350445421739,64.95163291349351,40.237180456800225,19.38628768674799,20.28490226432365,-0.1262027456138668,0.24422572099150436,-0.37042846660537115,18.160582961405968,-148.5962505176007,-92.43855198343178,46.06926768160727,-4.735464583821692,1.1927182183918297,1.8940127307976187,1.5168519348301785,65.56648482061503,63.98753662109375,62.408588421572475,-3.1303024291992188,-0.04603122578336214,-0.029988753489959663,100.0,42.85714285714286,-57.142857142857146,-0.5576949411166354,-0.017633894858840704,1.0240814694039837,0.986828119509695,0.1338841349463952,0.05291433102944264,0.9031769450181961,0.10215844615892648,1.0,0.517963350256175,2.541604916315925,2.5226093402520386,15457397.763607692,19648077.10387487,-4136688.0187176946,-18804859.6996756,5303853.352213858,2645574.755924637,-3293470.6145184254,2645574.755924637,10807792.190169916,12683196.623991642,105794406.59616517,105794406.59616517,11582675.637048086,10807792.190169916,10807792.190169916,10807792.190169916,10807792.190169916,10807792.190169916,10807792.190169916,10807792.190169916,0.04033469315755449,0.04001709714843989,4284370.1629559845,4262138.442317963,4257374.502181243,4257374.502181243,34929209.082423955,34929209.082423955,204250757.40173742,123525791.7850334,80724965.61670403,80362906.16631338,80362906.16631338,133399851.70840639,150415057.8967212,-59009338.4934931,-59009338.4934931,72908927.83239368,55893721.64407885,0.0034617964993491645,-216016.10155938787,62.97308349609375,2024-01-16,0,0,0,1,0,0,0,0,0,0,0,13.264501318632114,1
63.483212280273435,64.50345840454102,65.01528968811036,64.10693092346192,63.533895913666505,64.15647303044642,64.54207659790056,64.86798111150908,39.54272328341732,22.706117400209767,21.216932392954636,-0.2566876206624471,0.14404305266071404,-0.40073067332316115,18.39907471586026,-139.7782789473046,-91.48561052789232,48.201785355485455,-6.499845051170583,1.1744634161394047,1.869613557279432,0.9371509868578798,64.5345852683847,63.483212280273435,62.43183929216216,-4.366950988769531,-0.31235286927159583,-0.20322775229429624,100.0,35.714285714285715,-64.28571428571429,0.19587223432621004,-0.002454565103401918,1.0150270107738155,1.002930661833187,0.1338841349463952,0.05291433102944264,0.9031769450181961,0.10215844615892648,1.0,0.517963350256175,2.541604916315925,2.5226093402520386,15495432.311020449,19696423.25706349,-4146866.773187618,-18851131.028056726,5316904.039326926,2652084.4699157663,-3301574.544180852,2652084.4699157663,10834385.895706305,12714404.95871382,106054724.822766,106054724.822766,11611176.024527349,10834385.895706305,10834385.895706305,10834385.895706305,10834385.895706305,10834385.895706305,10834385.895706305,10834385.895706305,0.04043394089787543,0.04011556341049058,4294912.304821571,4272625.880704632,4267850.218393859,4267850.218393859,35015156.06258535,35015156.06258535,204753337.79950514,123829739.94346195,80923597.8560432,80560647.52042447,80560647.52042447,133728096.02625681,150785169.91289994,-59154537.15610436,-59154537.15610436,73088327.89150214,56031254.00485903,0.00347031461249482,-216547.63181967678,62.818511962890625,2024-01-17,0,0,0,1,0,0,0,0,0,0,0,10.976034243457535,1
63.222354125976565,64.1131362915039,64.9006534576416,64.11388671875,63.26322583616179,63.89563896693841,64.36872508201978,64.78382050639705,39.08855378244812,23.1628434144026,21.751749500453418,-0.3637022247774979,0.042493997173071646,-0.4061962219505696,19.107075691139887,-129.86225013274185,-83.19877853809236,51.09958378536651,-5.858483861666386,1.1754555469775643,1.8740755865552423,1.1883532478736356,64.25242389639158,63.222354125976565,62.192284355561554,-3.9032211303710938,-0.6457624046474925,-0.4197341234256129,100.0,28.571428571428573,-71.42857142857143,0.40650421632752776,-0.0015381816397587178,1.019254845361145,1.0077615649520621,0.1338841349463952,0.05291433102944264,0.9031769450181961,0.10215844615892648,1.0,0.517963350256175,2.541604916315925,2.5226093402520386,15519303.819217006,19726766.6072706,-4153255.234133994,-18880172.162232153,5325095.002690035,2656170.1420603585,-3306660.7890955484,2656170.1420603585,10851076.822846819,12733992.151642308,106218107.56563339,106218107.56563339,11629063.636700906,10851076.822846819,10851076.822846819,10851076.822846819,10851076.822846819,10851076.822846819,10851076.822846819,10851076.822846819,0.0404962314575829,0.040177363493349966,4301528.83750231,4279208.080006004,4274425.06054251,4274425.06054251,35069098.70633832,35069098.70633832,205068770.81766477,124020506.00875822,81048264.80890657,80684755.32968101,80684755.32968101,133934111.0167602,151017462.20053977,-59245667.75447955,-59245667.75447955,73200924.209134,56117573.025354445,0.0034756608101390047,-216881.2345526739,62.721885681152344,2024-01-18,0,0,0,1,0,0,0,0,0,0,0,11.37932800337863,1
63.08902435302734,63.82136001586914,64.76732597351074,64.12776916503907,63.11820493976541,63.701552454217364,64.22200489772958,64.70712806092942,39.90610013548796,33.03865729479451,26.302539369802258,-0.43492284640018397,-0.05298937154157949,-0.38193347485860446,19.43190642612234,-97.92622600497182,-81.42168899954066,49.18926765391382,-4.43793697671585,1.1694756463889464,1.8613876131524258,1.091736938736915,64.11608764282299,63.08902435302734,62.06196106323169,-2.9177627563476562,-1.0685390806376802,-0.6935776441525121,92.85714285714286,21.42857142857143,-71.42857142857143,0.0,0.0016944239584979481,1.0175875058897739,1.0,0.1338841349463952,0.05291433102944264,0.9031769450181961,0.10215844615892648,1.0,0.517963350256175,2.541604916315925,2.5226093402520386,15493052.020682907,19693397.642480955,-4146229.763085984,-18848235.260830797,5316087.297008517,2651677.076891075,-3301067.381435828,2651677.076891075,10832721.599832326,12712451.868624859,106038433.50338367,106038433.50338367,11609392.40406785,10832721.599832326,10832721.599832326,10832721.599832326,10832721.599832326,10832721.599832326,10832721.599832326,10832721.599832326,0.040427729743717465,0.04010940116305827,4294252.553092509,4271969.552446365,4267194.623736477,4267194.623736477,35009777.30089801,35009777.30089801,204721885.15063667,123810718.16158639,80911166.98905028,80548272.40709881,80548272.40709881,133707553.73428069,150762007.44309694,-59145450.28647799,-59145450.28647799,73077100.61902755,56022646.91021132,0.0034697815291852,-216514.36742115646,62.828163146972656,2024-01-19,0,0,0,1,0,0,0,0,0,0,0,11.020844775837027,1
62.75280685424805,63.56726493835449,64.67468166351318,64.1323838043213,62.886266621220564,63.46897745965618,64.05061300119637,64.61753048929026,37.81896792434409,37.33515655608269,31.178885755093233,-0.5181354621272689,-0.14601858965871736,-0.3721168724685515,19.87200475066424,-98.20107289415016,-88.20671381308277,51.88862375519665,-3.9113610006018873,1.1570219830505457,1.8535368212346341,0.995124359651335,63.12012029870832,62.75280685424805,62.38549340978778,-2.5409507751464844,-1.458425534547836,-0.9452109948182752,85.71428571428572,14.285714285714286,-71.42857142857143,0.25242955764273683,-0.006458459749851042,1.0160761477166058,1.0040404373332663,0.1338841349463952,0.05291433102944264,0.9031769450181961,0.10215844615892648,1.0,0.517963350256175,2.541604916315925,2.5226093402520386,15593763.715991324,19821413.443390246,-4173182.091653729,-18970757.132193267,5350644.217321863,2668914.1515144384,-3322525.78045675,2668914.1515144384,10903139.084758265,12795088.432260396,106727730.25341833,106727730.25341833,11684858.59297327,10903139.084758265,10903139.084758265,10903139.084758265,10903139.084758265,10903139.084758265,10903139.084758265,10903139.084758265,0.040690527880232134,0.04037013002290747,4322167.095309697,4299739.245296971,4294933.277437101,4294933.277437101,35237356.34856638,35237356.34856638,206052668.0133503,124615542.62785423,81437125.3854961,81071871.82814598,81071871.82814598,134576712.012078,151742027.2182468,-59529921.89092229,-59529921.89092229,73552134.11673614,56386818.91056735,0.003492336644838821,-217921.80663794244,62.42238998413086,2024-01-22,0,0,0,1,0,0,0,0,0,0,0,12.473979682412029,1
63.06583786010742,63.52668724060059,64.6431806564331,64.16913749694824,63.43692392261058,63.663388562516985,64.09705352731011,64.61442100050988,51.93532467384414,56.42586704292137,42.26656029793282,-0.4086402151790196,-0.1985429147627778,-0.2100973004162418,18.559287895096066,-8.70889059776744,-52.82713189691364,60.57960307014986,-0.6248104223256057,1.233100746302101,1.9106513819973174,2.22212466857232,64.56729085193403,63.06583786010742,61.56438486828081,-0.4057769775390625,-1.4690728846126924,-0.9507139401558149,78.57142857142857,7.142857142857143,-71.42857142857143,0.9458126782848577,0.033895666952157066,1.0312886327778699,1.0295931855675085,0.1338841349463952,0.05291433102944264,0.9031769450181961,0.10215844615892648,1.0,0.517963350256175,2.541604916315925,2.5226093402520386,15082531.259619754,19171579.954312228,-4036366.7486449,-18348811.914569255,5175226.464673308,2581415.356331057,-3213598.7089019283,2581415.356331057,10545686.023522913,12375608.914175361,103228723.8112171,103228723.8112171,11301777.313197676,10545686.023522913,10545686.023522913,10545686.023522913,10545686.023522913,10545686.023522913,10545686.023522913,10545686.023522913,0.03935651263553953,0.039046618835259686,4180467.3657750254,4158774.7997554364,4154126.3927512392,4154126.3927512392,34082120.15477667,34082120.15477667,199297351.3669685,120530094.6808405,78767256.68612802,78413977.753809,78413977.753809,130164692.93154068,146767253.28153306,-57578268.09199405,-57578268.09199405,71140770.2612412,54538209.911248825,0.0033778424230502427,-210777.36719833515,64.53823852539062,2024-01-23,0,0,0,1,0,0,0,0,0,0,0,9.433860777600035,1
63.21268997192383,63.347951126098636,64.56240634918213,64.20058471679687,63.47554012239794,63.64327655514529,64.0452172410875,64.57278772684175,46.62605127516978,62.314051716876634,52.02502510529353,-0.3968091448776434,-0.23819616078575093,-0.15861298409189248,17.420668445343733,4.646517652934759,-62.07588910424349,54.58385423672062,-2.73547212824643,1.229214517751258,1.9341634817368052,1.1786935465902957,64.73217907293018,63.21268997192383,61.69320087091747,-1.7873611450195312,-1.5331333542643208,-0.9909860904400176,71.42857142857143,0.0,-71.42857142857143,-0.9426232583735573,-0.015269490242288963,1.0185466896221211,0.9828178466960209,0.1338841349463952,0.05291433102944264,0.9031769450181961,0.10215844615892648,1.0,0.517963350256175,2.541604916315925,2.5226093402520386,15316404.955636796,19468859.51470044,-4098955.712906704,-18633333.417367056,5255474.8871817235,2621443.4616900454,-3263429.615573322,2621443.4616900454,10709210.204239165,12567508.360455219,104829415.54904814,104829415.54904814,11477025.644283565,10709210.204239165,10709210.204239165,10709210.204239165,10709210.204239165,10709210.204239165,10709210.204239165,10709210.204239165,0.03996678507018437,0.039652085975143546,4245290.792100686,4223261.855447829,4218541.369022216,4218541.369022216,34610606.47258958,34610606.47258958,202387708.5071781,122399066.02517723,79988642.48200087,79629885.51365434,79629885.51365434,132183060.88999638,149043064.9068084,-58471091.85858469,-58471091.85858469,72243897.75304626,55383893.736234225,0.0034302201359449574,-214045.73648296535,63.552772521972656,2024-01-24,0,0,0,1,0,0,0,0,0,0,0,12.995683427673194,1
63.923770904541016,63.57306251525879,64.6039358139038,64.27922477722169,64.40945686301139,64.1221881531622,64.25779563186376,64.63963096673966,59.08073608649948,80.1287843860439,66.2895677152806,-0.16567729320863123,-0.22369238727032698,0.05801509406169575,18.144783742391194,155.48468445198677,-16.31202394082524,62.13569569258173,3.515927416447906,1.3995110544081883,2.1115996854114796,3.613366030948285,66.6818521269258,63.923770904541016,61.16568968215623,2.2511138916015625,-1.481981333545526,-0.9590964439587637,64.28571428571429,100.0,35.714285714285715,0.6943522099937666,0.042870164654479126,1.045256268383072,1.031423789967857,0.1338841349463952,0.05291433102944264,0.9031769450181961,0.10215844615892648,1.0,0.517963350256175,2.541604916315925,2.5226093402520386,14686780.267332114,18668536.29008632,-3930456.3998767366,-17867356.885735247,5039433.54149263,2513681.5209960244,-3129276.995525663,2513681.5209960244,10268977.450119413,12050884.938892705,100520102.21596466,100520102.21596466,11005229.63765686,10268977.450119413,10268977.450119413,10268977.450119413,10268977.450119413,10268977.450119413,10268977.450119413,10268977.450119413,0.03832383591434515,0.03802207342683062,4070775.9565709927,4049652.5824449756,4045126.1451322576,4045126.1451322576,33187838.37684787,33187838.37684787,194067982.15790614,117367501.89390081,76700480.26400533,76356471.02823877,76356471.02823877,126749297.6307275,142916222.89931837,-56067470.18019944,-56067470.18019944,69274105.44627279,53107180.17768191,0.003289211113908363,-205246.77350788185,66.27729034423828,2024-01-25,0,0,0,1,0,0,0,0,0,0,0,9.479346207369389,1
64.70634536743164,63.89768486022949,64.6662519454956,64.36387512207031,65.18664972914952,64.59834220921012,64.49429466325061,64.72203898613911,60.759213460174365,78.64777049722117,73.69686886671387,0.05429088816761407,-0.16809573218273877,0.22238662035035284,18.81717651822098,176.5964383532629,-7.801435316008584,65.52033032769891,5.112580613842743,1.3878788040325634,2.079498459137203,1.2366595491494365,67.95390128680074,64.70634536743164,61.45878944806254,3.2462234497070312,-1.402756163021041,-0.9087555958674471,57.142857142857146,92.85714285714286,35.714285714285715,0.18750447035262835,0.006997044006760822,1.0188096799690565,1.0034864251297464,0.1338841349463952,0.05291433102944264,0.9031769450181961,0.10215844615892648,1.0,0.517963350256175,2.541604916315925,2.5226093402520386,14584730.26782143,18538819.355224427,-3903145.9161367193,-17743206.88633053,5004417.41262827,2496215.392047514,-3107533.447242824,2496215.392047514,10197624.22465509,11967150.261874847,99821645.76770078,99821645.76770078,10928760.618668681,10197624.22465509,10197624.22465509,10197624.22465509,10197624.22465509,10197624.22465509,10197624.22465509,10197624.22465509,0.03805754559304133,0.0377578798797103,4042490.47283565,4021513.8729024776,4017018.8872025125,4017018.8872025125,32957235.152147133,32957235.152147133,192719515.228888,116551982.5429724,76167532.68591559,75825913.77271822,75825913.77271822,125868589.57043426,141923180.16214442,-55677889.53690614,-55677889.53690614,68792759.48083885,52738168.88912869,0.0032663562753082716,-203820.63157923616,66.74103546142578,2024-01-26,0,0,0,1,0,0,0,0,0,0,0,9.198959153651039,1
65.4734603881836,64.11313362121582,64.68315868377685,64.4156275177002,65.54375484872989,64.90009182351567,64.66226327512109,64.78227138228623,58.086345712919275,84.929079303304,81.23521139552298,0.18747640345769412,-0.09698130505465219,0.2844577085123463,19.459772592295813,144.14825062127272,-16.666678471403362,62.06800682069805,3.3609527823225793,1.3632756224779043,2.057527152651807,1.0434342622673398,67.91182354415042,65.4734603881836,63.03509723221676,2.1544876098632812,-1.1604614259409263,-0.7521290656847839,50.0,85.71428571428572,35.714285714285715,-0.6481442235691356,-0.007237981403725113,1.0158172502982257,0.9898961177745955,0.1338841349463952,0.05291433102944264,0.9031769450181961,0.10215844615892648,1.0,0.517963350256175,2.541604916315925,2.5226093402520386,14691063.91524088,18673981.28449511,-3931602.7839739565,-17872568.202617887,5040903.377532828,2514414.67873344,-3130189.7020967314,2514414.67873344,10271972.571104318,12054399.783339728,100549420.60418923,100549420.60418923,11008439.499046814,10271972.571104318,10271972.571104318,10271972.571104318,10271972.571104318,10271972.571104318,10271972.571104318,10271972.571104318,0.03833501370938138,0.03803316320773271,4071963.267240589,4050833.732125182,4046305.974600452,4046305.974600452,33197518.17132098,33197518.17132098,194124585.36778587,117401734.1112346,76722851.25655128,76378741.68467179,76378741.68467179,126786266.20749182,142957906.83331943,-56083823.20632331,-56083823.20632331,69294310.41097745,53122669.785149835,0.003290170467970528,-205306.63720136095,66.25796508789062,2024-01-29,0,0,0,1,0,0,0,0,0,0,0,11.212053938459086,1
65.950732421875,64.5082851409912,64.72421932220459,64.48916191101074,66.00403613043581,65.26818398175784,64.87772379119029,64.86628421803373,60.65839276445138,85.66595768366125,83.0809358280621,0.34286629536008206,-0.009011784971705334,0.3518780803317874,20.36892443099734,136.27697124385557,-10.016793232856859,61.28354329266267,6.274927283811693,1.3845962257671776,2.068889844377151,1.6617640685277308,68.40417703372545,65.950732421875,63.49728781002457,3.9515151977539062,-0.8753170022403707,-0.5682105284470822,42.85714285714286,100.0,57.142857142857146,0.6279031599865216,0.010061184418699742,1.0252384619543988,1.0158380138289065,0.1338841349463952,0.05291433102944264,0.9031769450181961,0.10215844615892648,1.0,0.517963350256175,2.541604916315925,2.5226093402520386,14544726.737218136,18487970.404725704,-3892440.2250311533,-17694540.170755822,4990691.113859521,2489368.6813443,-3099009.991061271,2489368.6813443,10169653.808661047,11934326.325268261,99547851.31363742,99547851.31363742,10898784.815082546,10169653.808661047,10169653.808661047,10169653.808661047,10169653.808661047,10169653.808661047,10169653.808661047,10169653.808661047,0.037953159967674205,0.03765431618840118,4031402.58239311,4010483.517843998,4006000.8611549027,4006000.8611549027,32866838.84444731,32866838.84444731,192190917.1071716,116232299.51045042,75958617.59672119,75617935.68834993,75617935.68834993,125523352.60804878,141533908.0826011,-55525174.18892808,-55525174.18892808,68604072.18881203,52593516.71425971,0.003257397194075975,-203261.5849103408,66.92459869384766,2024-01-30,0,0,0,1,0,0,0,0,0,0,0,9.683307263466547,1
66.41061706542969,64.81165351867676,64.65755596160889,64.53798385620117,65.95342266687257,65.37436793775571,64.9705306434337,64.90494741496363,54.82941406032699,71.39287289979673,80.66263662892061,0.3751553904508853,0.0678216501128128,0.3073337403380725,20.96606548122248,82.32272562545327,-28.54743385138181,58.672895748121434,4.829283091977077,1.377479011307091,2.0917738517801503,1.2849552233259658,67.17285925716081,66.41061706542969,65.64837487369857,3.0336837768554688,-0.6910709045016719,-0.4487892786661831,35.714285714285715,92.85714285714286,57.142857142857146,-0.6250015894612431,-0.016024047585363355,1.0176625979558522,0.9891162391504502,0.1338841349463952,0.05291433102944264,0.9031769450181961,0.10215844615892648,1.0,0.517963350256175,2.541604916315925,2.5226093402520386,14781587.600312766,18789046.987740893,-3955828.610932274,-17982695.743055657,5071964.514592628,2529908.0482968017,-3149477.366247039,2529908.0482968017,10335266.612669887,12128676.819775844,101168987.99137427,101168987.99137427,11076271.516938372,10335266.612669887,10335266.612669887,10335266.612669887,10335266.612669887,10335266.612669887,10335266.612669887,10335266.612669887,0.03857122714690202,0.038267516696926414,4097053.970170931,4075794.2386726383,4071238.5819230042,4071238.5819230042,33402075.288317196,33402075.288317196,195320746.03606215,118125142.41351238,77195603.62254977,76849373.70957758,76849373.70957758,127567500.30325398,143838787.6606971,-56429401.60546768,-56429401.60546768,69721289.44865009,53450002.091206975,0.0033104439047341103,-206571.69965540848,65.8521957397461,2024-01-31,0,0,0,1,0,0,0,0,0,0,0,11.720305642933765,1
66.42800903320312,65.17588996887207,64.64451313018799,64.59090148925782,66.09036517228354,65.5543465278193,65.10326583768816,64.96217497449861,56.95634567025885,64.19781016843879,73.75221358396554,0.43702548732333923,0.1416624175549181,0.29536306976842114,20.539529505437777,59.641823775732874,-19.69936342158627,59.716326701013244,5.807166768660532,1.3936441370436945,2.0999922898224477,1.6037907716195434,67.18120378573344,66.42800903320312,65.6748142806728,3.642364501953125,-0.3265134467169868,-0.21219172844520529,28.571428571428573,85.71428571428572,57.142857142857146,0.6024110782750098,0.007775814270234216,1.024757583253702,1.0147732303727661,0.1338841349463952,0.05291433102944264,0.9031769450181961,0.10215844615892648,1.0,0.517963350256175,2.541604916315925,2.5226093402520386,14667535.567934453,18644074.130065028,-3925306.159283876,-17843944.544429813,5032830.161999288,2510387.739488268,-3125176.57364866,2510387.739488268,10255521.581606934,12035094.162840813,100388386.54272951,100388386.54272951,10990809.027262762,10255521.581606934,10255521.581606934,10255521.581606934,10255521.581606934,10255521.581606934,10255521.581606934,10255521.581606934,0.0382736185972401,0.03797225152167128,4065441.8494233773,4044346.1541335597,4039825.6480000275,4039825.6480000275,33144350.971058786,33144350.971058786,193813686.80444145,117213710.37173672,76599976.43270473,76256417.96655628,76256417.96655628,126583212.75117132,142728953.82477084,-55994002.64068669,-55994002.64068669,69183332.70295608,53037591.62935657,0.003284901123700134,-204977.83011888838,66.36425018310547,2024-02-01,0,0,0,1,0,0,0,0,0,0,0,11.678043155741308,1
66.15749053955078,65.43191795349121,64.62663898468017,64.63832191467286,65.85639111257704,65.52418224879108,65.1304255667811,64.97889136738745,51.93742033848442,43.20127241960924,59.59731849594821,0.4026766935121344,0.19386527274636137,0.20881142076577305,20.318552772601233,43.01118173071825,-36.56087268973812,59.48293176081102,4.075051247642225,1.4203867226066644,2.172229001927996,1.7680403349252742,67.18741816762845,66.15749053955078,65.1275629114731,2.5602798461914062,0.00647825220583369,0.004209885230437749,21.42857142857143,78.57142857142857,57.142857142857146,-0.4972650940957757,-0.014703807957583415,1.027268690424843,0.9867328170097576,0.1338841349463952,0.05291433102944264,0.9031769450181961,0.10215844615892648,1.0,0.517963350256175,2.541604916315925,2.5226093402520386,14886422.668020442,18922304.055004824,-3983884.4308807533,-18110233.946445253,5107936.27606208,2547850.8490776718,-3171814.3223211835,2547850.8490776718,10408567.154155243,12214696.717637073,101886506.16281672,101886506.16281672,11154827.468154483,10408567.154155243,10408567.154155243,10408567.154155243,10408567.154155243,10408567.154155243,10408567.154155243,10408567.154155243,0.038844784853885275,0.038538920406216884,4126111.3990465538,4104700.8877097666,4100112.920994741,4100112.920994741,33638971.95456931,33638971.95456931,196706014.26225534,118962918.27614282,77743095.98611252,77394410.51577055,77394410.51577055,128472243.954153,144858931.7379869,-56829614.376786485,-56829614.376786485,70215771.9289935,53829084.1451596,0.003333922479585429,-208036.76272613078,65.38844299316406,2024-02-02,0,0,0,1,0,0,0,0,0,0,0,13.002926051566554,1
65.62997741699219,65.5517189025879,64.55949192047119,64.65518249511719,65.11106056675058,65.17803992630137,64.98661355804934,64.92561717553295,44.317394305007326,26.914893970488325,44.77132551951208,0.2301358286175912,0.20111938392060733,0.029016444696983862,18.8853967343679,-25.454706018032553,-67.11186931455558,49.861508218554405,1.9191983698018555,1.4459095991641608,2.2727138010664643,1.7777069944116164,67.88587176043177,65.62997741699219,63.37408307355262,1.1980094909667969,0.23288935578208034,0.15117500989865107,14.285714285714286,71.42857142857143,57.142857142857146,-0.9290320040164951,-0.027039082705352713,1.0235419674661463,0.9786000531755981,0.1338841349463952,0.05291433102944264,0.9031769450181961,0.10215844615892648,1.0,0.517963350256175,2.541604916315925,2.5226093402520386,15300123.985876715,19448164.585705012,-4094598.6216569594,-18613526.6324997,5249888.443890305,2618656.930395583,-3259960.6684516445,2618656.930395583,10697826.57159204,12554149.401602354,104717984.40385027,104717984.40385027,11464825.842307089,10697826.57159204,10697826.57159204,10697826.57159204,10697826.57159204,10697826.57159204,10697826.57159204,10697826.57159204,0.039924301339764594,0.039609936762286135,4240778.150184444,4218772.629760952,4214057.1610987745,4214057.1610987745,34573816.23108118,34573816.23108118,202172575.24506068,122268958.76447277,79903616.48058791,79545240.86226247,79545240.86226247,132042553.47827813,148884635.7166867,-58408938.49549812,-58408938.49549812,72167104.22884299,55325021.990434416,0.003426573894515229,-213818.2110177503,63.620399475097656,2024-02-05,0,0,0,1,0,0,0,0,0,0,0,13.837586536181895,1
65.20101470947266,65.57587356567383,64.55128040313721,64.68044372558593,65.00063542991705,65.10562996811021,64.96691561502084,64.91989827281597,49.544968735530254,19.7518822902878,29.956016226795082,0.18481821583067415,0.1978591503026207,-0.013040934471946541,17.97095102501956,-7.04812569006458,-47.07820630241213,49.14880724663139,0.3742690169090235,1.483411837495075,2.289930159411704,1.9709409357969605,67.09586282338151,65.20101470947266,63.30616659556381,0.241546630859375,0.5513547504561107,0.3576580683390347,7.142857142857143,64.28571428571429,57.142857142857146,0.5566529863647957,0.0182234894895017,1.030822938968783,1.0171420648392075,0.1338841349463952,0.05291433102944264,0.9031769450181961,0.10215844615892648,1.0,0.517963350256175,2.541604916315925,2.5226093402520386,15026292.502393175,19100094.219448403,-4021316.208006392,-18280394.063420996,5155929.418326814,2571789.943392955,-3201616.0519789853,2571789.943392955,10506363.958422842,12329463.55214858,102843811.28975119,102843811.28975119,11259635.984291734,10506363.958422842,10506363.958422842,10506363.958422842,10506363.958422842,10506363.958422842,10506363.958422842,10506363.958422842,0.039209762642365587,0.038901024353843024,4164879.512169384,4143267.8319728044,4138636.7576449662,4138636.7576449662,33955036.97171155,33955036.97171155,198554224.42318854,120080669.93796591,78473554.48522262,78121592.8363069,78121592.8363069,129679343.32813242,146219997.13572878,-57363574.00749233,-57363574.00749233,70875505.20468234,54334851.39708598,0.003365247344895944,-209991.4343215069,64.77978515625,2024-02-06,0,0,0,1,0,0,0,0,0,0,0,12.684988109505612,1
64.71021347045898,65.56041526794434,64.45418319702148,64.67250389099121,64.46648680150395,64.79518625475885,64.81751313213101,64.86022342073211,44.2175914602368,13.279828187620671,19.982201482798892,0.03699401781429401,0.16568612380495534,-0.12869210599066133,16.8108594358721,-53.02516890899399,-73.27588814763567,44.78185289570722,-0.2432356153171389,1.5044326832976043,2.3729899766891704,1.7777036787304823,66.92105480859699,64.71021347045898,62.49937213232097,-0.15458297729492188,0.8384489631778116,0.5430207130236511,0.0,57.142857142857146,57.142857142857146,-0.9347771102071927,-0.021327573227355345,1.0280830900726226,0.9744580682381061,0.1338841349463952,0.05291433102944264,0.9031769450181961,0.10215844615892648,1.0,0.517963350256175,2.541604916315925,2.5226093402520386,15353750.74573745,19516330.18050231,-4108950.143070275,-18678766.83080161,5268289.242938472,2627835.293034579,-3271386.793369578,2627835.293034579,10735322.331568634,12598151.55190107,105085019.7434272,105085019.7434272,11505009.925969293,10735322.331568634,10735322.331568634,10735322.331568634,10735322.331568634,10735322.331568634,10735322.331568634,10735322.331568634,0.040064235560071014,0.03974876913833817,4255642.029176047,4233559.379654748,4228827.383328755,4228827.383328755,34694997.06217803,34694997.06217803,202881187.81271708,122697510.06877181,80183677.74394527,79824046.02316983,79824046.02316983,132505361.12044589,149406474.66478294,-58613661.15796216,-58613661.15796216,72420049.10510002,55518935.56076297,0.0034385839968879848,-214567.64140581025,63.398189544677734,2024-02-07,0,0,0,1,0,0,0,0,0,0,0,15.615692572349696,1
64.15564727783203,65.29182815551758,64.43244533538818,64.69723442077637,64.17479760765953,64.576319521161,64.70074228335383,64.81046639325128,45.1066113929698,18.26953828666696,17.100416254858434,-0.06382991272006677,0.11978291649995092,-0.1836128292200177,15.724065073999867,-81.10979890696426,-69.82758517154694,43.36305514125223,-4.052475758012141,1.4625325826538715,2.299889828838051,0.9178312742853478,65.72737730455857,64.15564727783203,62.58391725110548,-2.685871124267578,0.9320478509109666,0.6023515554574885,7.142857142857143,50.0,42.85714285714286,0.24210957451935242,0.003047873711863547,1.0145571087518364,1.0035066834849131,0.1338841349463952,0.05291433102944264,0.9031769450181961,0.10215844615892648,1.0,0.517963350256175,2.541604916315925,2.5226093402520386,15307096.648258269,19457027.617515877,-4096464.6361940405,-18622009.29819955,5252280.953891783,2619850.3201148836,-3261446.316877712,2619850.3201148836,10702701.847960323,12559870.652315471,104765707.09885581,104765707.09885581,11470050.660088666,10702701.847960323,10702701.847960323,10702701.847960323,10702701.847960323,10702701.847960323,10702701.847960323,10702701.847960323,0.03994249587690159,0.039627988035351176,4242710.782514979,4220695.233606451,4215977.615983195,4215977.615983195,34589572.41371367,34589572.41371367,202264710.51868948,122324679.89261498,79940030.6260745,79581491.68670703,79581491.68670703,132102728.6864171,148952486.2974801,-58435556.96006547,-58435556.96006547,72199992.64551899,55350235.034455985,0.003428135472899427,-213915.65350892427,63.5914192199707,2024-02-08,0,0,0,1,0,0,0,0,0,0,0,15.737971479370652,1
63.570166778564456,64.86382865905762,64.38075675964356,64.69801315307618,63.603545237381745,64.19172333491831,64.48743735130358,64.71833204437186,40.990972248234776,9.043406325705856,13.530924266664455,-0.2322682759511565,0.04937267800972942,-0.28164095396088595,15.501008468712698,-127.57175861590173,-94.22382210147018,42.36125887631458,-6.412838720599878,1.473312705656424,2.358770673586981,1.6134543046896042,65.04688987718971,63.570166778564456,62.093443679939206,-4.279994964599609,1.041672911157543,0.6715302834143984,0.0,42.85714285714286,42.85714285714286,-0.8083832061766172,-0.017775648617534556,1.0259598650926687,0.9795454776648319,0.1338841349463952,0.05291433102944264,0.9031769450181961,0.10215844615892648,1.0,0.517963350256175,2.541604916315925,2.5226093402520386,15584114.389664408,19809148.07307558,-4170599.75190834,-18959018.14284014,5347333.271160789,2667262.6436388846,-3320469.821672897,2667262.6436388846,10896392.28847914,12787170.909209946,106661687.78181858,106661687.78181858,11677628.07340782,10896392.28847914,10896392.28847914,10896392.28847914,10896392.28847914,10896392.28847914,10896392.28847914,10896392.28847914,0.040665348828588035,0.04034514923151254,4319492.564548446,4297078.592753161,4292275.598797029,4292275.598797029,35215551.686363086,35215551.686363086,205925163.87320784,124538431.28654355,81386732.58666429,81021705.04599822,81021705.04599822,134493436.75962073,151648130.17294043,-59493085.13662722,-59493085.13662722,73506620.50263631,56351927.0893166,0.00349017560812291,-217786.9579468696,62.46104049682617,2024-02-09,0,0,0,1,0,0,0,0,0,0,0,18.485772411721246,1
63.61267852783203,64.6213279724121,64.36723079681397,64.74024917602539,63.68001623206634,64.12649331428509,64.42510600560186,64.68361150229593,47.2784185909911,24.360786289256865,17.224576967209853,-0.2521479924630796,-0.010931456084832394,-0.24121653637824722,15.201222290137704,-90.31635095351292,-68.59206444542052,41.93239420814307,-3.6599476957047017,1.4778018836006896,2.3151079391843594,1.5361611968761437,65.10489531155619,63.61267852783203,62.120461744107864,-2.425006866455078,0.8407933809136516,0.5414116199199981,92.85714285714286,35.714285714285715,-57.142857142857146,0.9245311990172984,0.021964375132032643,1.0246511060138082,1.0227554373904826,0.1338841349463952,0.05291433102944264,0.9031769450181961,0.10215844615892648,1.0,0.517963350256175,2.541604916315925,2.5226093402520386,15249175.77254199,19383403.722381555,-4080963.929265655,-18551545.048124332,5232406.726966329,2609937.008121528,-3249105.255008433,2609937.008121528,10662203.647824202,12512345.068347327,104369281.72573377,104369281.72573377,11426648.87110094,10662203.647824202,10662203.647824202,10662203.647824202,10662203.647824202,10662203.647824202,10662203.647824202,10662203.647824202,0.03979135654639065,0.039478038778308834,4226656.691423699,4204724.447657973,4200024.681136745,4200024.681136745,34458688.133638136,34458688.133638136,201499356.41993716,121861812.71774156,79637543.70219561,79280361.44658235,79280361.44658235,131602862.12740523,148388861.55238852,-58214441.30960143,-58214441.30960143,71926793.42970212,55140794.00471882,0.0034151636720917956,-213106.21313852805,63.83295822143555,2024-02-12,0,0,0,1,0,0,0,0,0,0,0,14.995631199753642,1
63.28418731689453,64.24260101318359,64.3754430770874,64.7580103302002,63.4991205218984,63.946645275608255,64.30246058616954,64.62297297677698,44.67890142970054,30.509442493063545,21.304545036008715,-0.3203415691792202,-0.07281347870370997,-0.24752809047551022,14.586927704325095,-92.95755265698165,-81.58850319949457,44.47739351699306,-5.659009790421532,1.5157857180221745,2.400775800293811,2.0095755655014784,64.22553761457412,63.28418731689453,62.34283701921494,-3.7872695922851562,0.4840187168084388,0.3113339742024692,100.0,28.571428571428573,-71.42857142857143,-0.2884605509298299,-0.010897648162567108,1.032333309060324,0.9909022213512463,0.1338841349463952,0.05291433102944264,0.9031769450181961,0.10215844615892648,1.0,0.517963350256175,2.541604916315925,2.5226093402520386,15417186.850495243,19596964.54706982,-4125926.828183697,-18755940.690729883,5290055.894868924,2638692.551153182,-3284902.971843757,2638692.551153182,10779676.772598173,12650202.524646137,105519192.76286152,105519192.76286152,11552544.435744101,10779676.772598173,10779676.772598173,10779676.772598173,10779676.772598173,10779676.772598173,10779676.772598173,10779676.772598173,0.04022976638612895,0.039912996572064936,4273224.791723461,4251050.90473898,4246299.35752802,4246299.35752802,34838344.15075954,34838344.15075954,203719418.97177416,123204451.48205505,80514967.4897191,80153849.90168613,80153849.90168613,133052825.00130506,150023767.78978425,-58855831.45309258,-58855831.45309258,72719262.36560386,55748319.57712467,0.0034527909732976815,-215454.1567337753,63.1373291015625,2024-02-13,0,0,0,1,0,0,0,0,0,0,0,15.924128660669231,1
63.162454223632814,63.9363338470459,64.37399368286133,64.74653915405274,63.26258837405531,63.73625960338296,64.15837139495046,64.55107301997667,43.39419423700658,38.090148678993884,30.986792487104722,-0.3978640990072577,-0.13782360276441952,-0.2600404962428382,14.016511303213388,-96.34888303864727,-88.08659107562758,47.566186351808476,-4.650826942021668,1.4848062803895694,2.3647356819209944,1.0820735911657025,64.16854605256736,63.162454223632814,62.156362394698256,-3.062671661376953,0.16370256183492832,0.10516227819979918,92.85714285714286,21.42857142857143,-71.42857142857143,-0.5089305177111726,-0.005508706626374371,1.0173804325691311,0.9913056785227182,0.1338841349463952,0.05291433102944264,0.9031769450181961,0.10215844615892648,1.0,0.517963350256175,2.541604916315925,2.5226093402520386,15502586.04898925,19705516.45614793,-4148781.2469300386,-18859833.983165264,5319358.681284579,2653308.8512036256,-3303098.7739473702,2653308.8512036256,10839387.77988708,12720274.786652675,106103686.84567103,106103686.84567103,11616536.527488599,10839387.77988708,10839387.77988708,10839387.77988708,10839387.77988708,10839387.77988708,10839387.77988708,10839387.77988708,0.04045260793551746,0.04013408346358425,4296895.12637898,4274598.413343656,4269820.546264658,4269820.546264658,35031321.42321425,35031321.42321425,204847865.76732528,123886908.11370204,80960957.65362322,80597839.75561938,80597839.75561938,133789833.9461055,150854782.52992713,-59181846.88519011,-59181846.88519011,73122070.39934698,56057121.81552533,0.003471916744071971,-216647.60483009098,62.78952407836914,2024-02-14,0,0,0,1,0,0,0,0,0,0,0,17.81949789843764,1
63.11028289794922,63.632965087890625,64.40442752838135,64.73052528381348,63.28524644655445,63.66249651032292,64.07953246129354,64.50320986592082,45.99559846347688,41.25584780492384,36.618479658993714,-0.4109072925615038,-0.1924403407238364,-0.21846695183766743,13.429906254718626,-56.78676782016258,-77.97829600053085,45.294352524790554,-4.5712677882783215,1.4815735756930961,2.3394290451016992,1.4395484146389421,64.04662308376821,63.11028289794922,62.17394271213022,-3.0336875915527344,-0.18242654203677922,-0.11704953511555516,85.71428571428572,14.285714285714286,-71.42857142857143,0.033559143253607475,0.008616700335366545,1.0229477569192427,1.0007634053703482,0.1338841349463952,0.05291433102944264,0.9031769450181961,0.10215844615892648,1.0,0.517963350256175,2.541604916315925,2.5226093402520386,15370146.105884045,19537170.512441266,-4113337.8473215466,-18698712.778495874,5273914.936680985,2630641.4025480603,-3274880.1133761564,2630641.4025480603,10746785.945823587,12611604.37103923,105197233.80585647,105197233.80585647,11517295.443973992,10746785.945823587,10746785.945823587,10746785.945823587,10746785.945823587,10746785.945823587,10746785.945823587,10746785.945823587,0.04010701778194522,0.0397912144923236,4260186.376995598,4238080.146722085,4233343.09737776,4233343.09737776,34732045.79258531,34732045.79258531,203097832.6050055,122828531.46543127,80269301.13957421,79909285.38940558,79909285.38940558,132646855.73976731,149566016.9812454,-58676251.21169623,-58676251.21169623,72497382.18198624,55578220.94050818,0.003442255856875613,-214796.76546903825,63.330562591552734,2024-02-15,0,0,0,1,0,0,0,0,0,0,0,16.183997002239586,1
63.400125122070314,63.48514595031738,64.45853195190429,64.72879379272462,63.49358150351352,63.7075428934336,64.06341047616384,64.47995660127418,48.71509197470805,55.20770127357525,44.85123258583095,-0.37020061544628646,-0.2279923956683264,-0.14220821977796005,13.184977420630219,-35.45012652846822,-67.14788821514094,52.380860592193365,-2.260630943432862,1.5054856831354944,2.3556247159647707,1.8163430798866713,64.24596570364128,63.400125122070314,62.55428454049936,-1.4781913757324219,-0.4277239646114858,-0.27441956446720894,78.57142857142857,7.142857142857143,-71.42857142857143,0.47340462228354363,0.009153385066505537,1.0289854646272996,1.0136377468666113,0.1338841349463952,0.05291433102944264,0.9031769450181961,0.10215844615892648,1.0,0.517963350256175,2.541604916315925,2.5226093402520386,15230733.338788848,19359961.33150138,-4076028.389926541,-18529108.71152019,5226078.626623665,2606780.536513481,-3245175.7699453537,2606780.536513481,10649308.722395407,12497212.572108746,104243056.96494664,104243056.96494664,11412829.421579927,10649308.722395407,10649308.722395407,10649308.722395407,10649308.722395407,10649308.722395407,10649308.722395407,10649308.722395407,0.03974323266953326,0.03943029382961567,4221544.950488218,4199639.231693987,4194945.149095223,4194945.149095223,34417013.614135966,34417013.614135966,201255662.0335975,121714432.3975454,79541229.6360521,79184479.35854605,79184479.35854605,131443700.9305831,148209399.2791677,-58144036.45668724,-58144036.45668724,71839804.78568034,55074106.43709573,0.0034110333551016733,-212848.48135834443,63.91025161743164,2024-02-16,0,0,0,1,0,0,0,0,0,0,0,13.39730610971709,1
63.78464889526367,63.69866371154785,64.62519130706787,64.74322891235352,64.24758003147646,64.07991274688246,64.22456920104369,64.52998093406352,56.26513223723758,76.75822656902625,57.7405918825084,-0.18688365867235746,-0.21977064826913262,0.03288698959677516,14.112083995477992,74.27156944869425,-22.453220786709046,56.841451091115616,3.3561210396681584,1.5394213248806394,2.3411266284446715,1.980584667567527,65.88528207030726,63.78464889526367,61.68401572022009,2.1351776123046875,-0.6414421282346757,-0.41209482535337116,71.42857142857143,0.0,-71.42857142857143,0.9285717066107172,0.02887370059215022,1.0295893591135619,1.0274758416895977,0.1338841349463952,0.05291433102944264,0.9031769450181961,0.10215844615892648,1.0,0.517963350256175,2.541604916315925,2.5226093402520386,14803307.082320277,18816654.87256511,-3961641.1495217094,-18009118.807153966,5079417.059271596,2533625.395433078,-3154105.0841105664,2533625.395433078,10350452.845928889,12146498.21928211,101317641.71341087,101317641.71341087,11092546.553587165,10350452.845928889,10350452.845928889,10350452.845928889,10350452.845928889,10350452.845928889,10350452.845928889,10350452.845928889,0.03862790218727502,0.038323745477138994,4103074.0197349605,4081783.050025439,4077220.6993733984,4077220.6993733984,33451154.980759893,33451154.980759893,195607742.63912892,118298710.84030508,77309031.79882383,76962293.14926878,76962293.14926878,127754942.95843406,144050138.70397153,-56512316.74327321,-56512316.74327321,69823735.1623763,53528539.416838825,0.003315308140482659,-206875.2279661179,65.75557708740234,2024-02-20,0,0,0,1,0,0,0,0,0,0,0,10.259313598372843,1
64.20588760375976,63.74503746032715,64.66045551300049,64.74742294311524,64.57956090233196,64.29147818272982,64.32161238609125,64.55796296190584,53.8941455059533,83.57592119824052,71.84728301361396,-0.0819771819388535,-0.1922119550030768,0.1102347730642233,15.082436725322468,92.15657457536022,-30.58568694582513,59.42421470317024,0.715867591524777,1.5281471154383142,2.3422204281881167,1.3815823926880881,66.45762544320839,64.20588760375976,61.95414976431113,0.46373748779296875,-0.7279941278481615,-0.4680194121140744,64.28571428571429,0.0,-64.28571428571429,-0.580420737010025,-0.007787239745136065,1.0213656103190725,0.987858370046167,0.1338841349463952,0.05291433102944264,0.9031769450181961,0.10215844615892648,1.0,0.517963350256175,2.541604916315925,2.5226093402520386,14919488.717840957,18964334.69342985,-3992733.522701427,-18150460.79686384,5119282.136592233,2553510.1914858264,-3178859.6261354163,2553510.1914858264,10431686.892708603,12241828.270946756,102112818.71378674,102112818.71378674,11179604.816549513,10431686.892708603,10431686.892708603,10431686.892708603,10431686.892708603,10431686.892708603,10431686.892708603,10431686.892708603,0.03893106774534213,0.03862452390482762,4135276.4085406717,4113818.3397046565,4109220.1820969386,4109220.1820969386,33713691.57978526,33713691.57978526,197142941.99248585,119227161.32971156,77915780.6627743,77566320.68458776,77566320.68458776,128757609.33130752,145180695.58687213,-56955845.56759502,-56955845.56759502,70371736.74771233,53948650.49214773,0.0033413278616081037,-208498.8585643457,65.24352264404297,2024-02-21,0,0,0,1,0,0,0,0,0,0,0,10.901329681150857,1
64.7469253540039,63.95468978881836,64.75755252838135,64.76893112182617,64.88461154475125,64.51024811852255,64.43333623785301,64.59469825083463,54.89819452949614,86.30764853680749,82.21393210135805,0.02118667853059719,-0.149532228296342,0.1707189068269392,14.664561338559214,67.79285054666043,-24.94592516294933,60.79272926913528,3.3069134938540357,1.5646050730208858,2.3889028677655535,2.038558521594318,66.65045464723437,64.7469253540039,62.843396060773436,2.0965232849121094,-0.6349409899162866,-0.4088123761690525,57.142857142857146,7.142857142857143,-50.0,0.33175562803277553,0.0038500402088545993,1.0321059125252552,1.0104338145155238,0.1338841349463952,0.05291433102944264,0.9031769450181961,0.10215844615892648,1.0,0.517963350256175,2.541604916315925,2.5226093402520386,14862268.386956386,18891601.2689348,-3977420.2946395506,-18080848.80196605,5099648.285641497,2543716.779604411,-3166667.8276707977,2543716.779604411,10391678.512597613,12194877.502221148,101721188.04970294,101721188.04970294,11136727.966085011,10391678.512597613,10391678.512597613,10391678.512597613,10391678.512597613,10391678.512597613,10391678.512597613,10391678.512597613,0.038781756423740724,0.03847638826292387,4119416.489419389,4098040.718162209,4093460.195749956,4093460.195749956,33584390.326637834,33584390.326637834,196386844.74373242,118769892.46810801,77616952.2756244,77268832.57229318,77268832.57229318,128263788.58790407,144623887.80366713,-56737404.279771864,-56737404.279771864,70101841.83792157,53741742.622158505,0.0033285129529037317,-207699.20826119283,65.49471282958984,2024-02-22,0,0,0,1,0,0,0,0,0,0,0,9.778831042796437,1
65.23579330444336,64.17303810119628,64.73243312835693,64.78144821166993,65.1813751444175,64.74018525038208,64.56110443841463,64.64098076428229,56.047966483519374,82.05897281868609,83.98084751791133,0.1241229215831936,-0.09480119832043488,0.21892411990362848,14.936098076325345,142.73100736817776,-14.383493852869666,61.87558709231556,3.4336128216078343,1.538419936659263,2.3389163371451898,1.1980131639581657,66.61708938117285,65.23579330444336,63.85449722771388,2.183483123779297,-0.6815442544112499,-0.4395932662181252,50.0,0.0,-50.0,0.3387087842785059,0.00427804783096275,1.018378506615308,1.0062074807303112,0.1338841349463952,0.05291433102944264,0.9031769450181961,0.10215844615892648,1.0,0.517963350256175,2.541604916315925,2.5226093402520386,14798957.737905232,18811126.370567232,-3960477.1838137587,-18003827.566496175,5077924.680974263,2532880.993563809,-3153178.3797427006,2532880.993563809,10347411.790033184,12142929.469144143,101287873.68139741,101287873.68139741,11089287.463903138,10347411.790033184,10347411.790033184,10347411.790033184,10347411.790033184,10347411.790033184,10347411.790033184,10347411.790033184,0.03861655296309768,0.03831248561693156,4101868.499781006,4080583.7855493776,4076022.7753568855,4076022.7753568855,33441326.731350265,33441326.731350265,195550271.32962653,118263953.61785208,77286317.71177444,76939680.93714507,76939680.93714507,127717407.41015686,144007815.48100692,-56495712.91766575,-56495712.91766575,69803220.32262614,53512812.25177608,0.0033143340732107464,-206814.44616835058,65.77490234375,2024-02-23,0,0,0,1,0,0,0,0,0,0,0,9.69519726146377,1
65.57007598876953,64.48510055541992,64.67446460723878,64.79336532592774,65.31480510929917,64.8931815755967,64.65830068609539,64.67787034368544,55.006475819957586,79.86369484777917,82.74343873442422,0.18794152734353986,-0.03825265318763993,0.2261941805311798,15.063677135153197,104.2880700309589,-18.949915960712385,62.90926676863056,4.9961136052398825,1.507894505873631,2.2992623090241486,1.1110639056604157,65.9587305830694,65.57007598876953,65.18142139446967,3.120624542236328,-0.5689999322618357,-0.3676284887851722,42.85714285714286,92.85714285714286,50.0,-0.07826421553342837,-0.002937857720831105,1.017075004483048,0.9986758280760816,0.1338841349463952,0.05291433102944264,0.9031769450181961,0.10215844615892648,1.0,0.517963350256175,2.541604916315925,2.5226093402520386,14842563.076436263,18866553.620787535,-3972146.7859170395,-18056876.099358767,5092886.857951214,2540344.1632774617,-3162469.2644882686,2540344.1632774617,10377900.585394,12178708.782771362,101586319.83545682,101586319.83545682,11121962.206442125,10377900.585394,10377900.585394,10377900.585394,10377900.585394,10377900.585394,10377900.585394,10377900.585394,0.03873033718322181,0.038425373898314547,4113954.713398915,4092607.283455407,4088032.8341817977,4088032.8341817977,33539862.07410027,33539862.07410027,196126462.97313145,118612420.03182906,77514042.94130239,77166384.7965081,77166384.7965081,128093728.55959572,144432136.5485021,-56662178.335768595,-56662178.335768595,70008896.49973476,53670488.51082839,0.0033240998054891156,-207423.82786252082,65.5816650390625,2024-02-26,0,0,0,1,0,0,0,0,0,0,0,9.618458524509302,1
65.5275650024414,64.65610694885254,64.63871746063232,64.76398941040038,65.39087745812002,65.01133440835397,64.74255987368265,64.71179786572765,54.78722659201273,75.59333005158406,79.17199923934974,0.23271745253526888,0.015941367956941836,0.21677608457832703,15.182143404064773,87.38558930935352,-19.863092207404716,64.55473034360037,2.6789670759014284,1.439523487263559,2.196303191272687,0.5507002453326209,65.8694431381348,65.5275650024414,65.18568686674801,1.7100639343261719,-0.47812306057707193,-0.3094125649868005,35.714285714285715,85.71428571428572,50.0,-0.28070832942940577,-0.0005892330314847261,1.0084406886587856,0.9976470049689797,0.1338841349463952,0.05291433102944264,0.9031769450181961,0.10215844615892648,1.0,0.517963350256175,2.541604916315925,2.5226093402520386,14851313.961183142,18877676.971616913,-3974488.685934054,-18067522.08016548,5095889.524383778,2541841.90048604,-3164333.7944826214,2541841.90048604,10384019.192501795,12185889.111153662,101646213.14176528,101646213.14176528,11128519.497721706,10384019.192501795,10384019.192501795,10384019.192501795,10384019.192501795,10384019.192501795,10384019.192501795,10384019.192501795,0.03875317183214011,0.03844802874684766,4116380.22059504,4095020.2046245686,4090443.0583451823,4090443.0583451823,33559636.52046275,33559636.52046275,196242095.2978487,118682351.59364231,77559743.70420639,77211880.58697301,77211880.58697301,128169250.11538433,144517290.9099269,-56695585.24733569,-56695585.24733569,70050172.3751594,53702131.58061683,0.0033260596296876156,-207546.1208925072,65.54302215576172,2024-02-27,0,0,0,1,0,0,0,0,0,0,0,9.149496761381727,1
65.5662109375,64.88604927062988,64.56432514190674,64.76148590087891,65.40616907852532,65.0886831194416,64.80867343993535,64.74022745214366,54.14803344224669,70.12259496066163,75.19320662000825,0.25666888899586127,0.06408687216472572,0.19258201683113554,15.061500350419399,71.45716377284496,-22.374371958673713,64.31483639207288,3.6419393257427712,1.3994992906220773,2.138705300948346,0.8791847342828163,65.79634162236782,65.5662109375,65.33608025263219,2.2994232177734375,-0.2735982734426425,-0.17737359267015052,28.571428571428573,78.57142857142857,50.0,0.08791448333683013,-0.001621375288024307,1.0135154612797757,1.0011825843200326,0.1338841349463952,0.05291433102944264,0.9031769450181961,0.10215844615892648,1.0,0.517963350256175,2.541604916315925,2.5226093402520386,14875432.620031932,18908334.47787704,-3980943.2890058747,-18096863.888064325,5104165.291853981,2545969.873122375,-3169472.699193161,2545969.873122375,10400882.927053353,12205679.097616091,101811287.44727424,101811287.44727424,11146592.307034012,10400882.927053353,10400882.927053353,10400882.927053353,10400882.927053353,10400882.927053353,10400882.927053353,10400882.927053353,0.03881610730930872,0.038510468669077945,4123065.256713186,4101670.5518970317,4097085.97229357,4097085.97229357,33614137.65258089,33614137.65258089,196560794.11201635,118875092.73135853,77685701.38065782,77337273.33079474,77337273.33079474,128377398.0561334,144751988.20649728,-56787659.354878426,-56787659.354878426,70163934.4445784,53789344.2942145,0.0033314611785154728,-207883.1775393655,65.43675231933594,2024-02-28,0,0,0,1,0,0,0,0,0,0,0,7.1146935393869555,1
65.77296600341796,65.25994567871093,64.59813976287842,64.80770248413086,65.78027543874344,65.35046585393943,64.97246531795862,64.81035532300781,59.38982658778351,75.69349956315013,73.80314152513189,0.3595992963642516,0.12318935700463089,0.23640993935962068,15.614774261056183,99.6907963352763,-4.025473412759013,63.305788677595984,5.9547577970870735,1.397529784119469,2.100648643594099,1.371926199585559,66.55951662514119,65.77296600341796,64.98641538169474,3.738964080810547,-0.04513287069528045,-0.029294160696181848,21.42857142857143,100.0,78.57142857142857,0.4366198696560828,0.016683832879052396,1.0209966857313169,1.0090856208380863,0.1338841349463952,0.05291433102944264,0.9031769450181961,0.10215844615892648,1.0,0.517963350256175,2.541604916315925,2.5226093402520386,14631326.02188389,18598047.75721896,-3915615.8092261693,-17799893.440635815,5020405.682462728,2504190.379336199,-3117461.4926430234,2504190.379336199,10230203.91462315,12005383.2891706,100140559.09491971,100140559.09491971,10963676.166138113,10230203.91462315,10230203.91462315,10230203.91462315,10230203.91462315,10230203.91462315,10230203.91462315,10230203.91462315,0.03817913303429739,0.037878509939539146,4055405.548288754,4034361.931655677,4029852.5852343035,4029852.5852343035,33062527.961512025,33062527.961512025,193335221.58545014,116924346.47527266,76410875.11017747,76068164.78215307,76068164.78215307,126270718.49130656,142376600.79297966,-55855771.006082326,-55855771.006082326,69012540.748177,52906658.44650392,0.003276791732864894,-204471.8041307694,66.52848815917969,2024-02-29,0,0,0,1,0,0,0,0,0,0,0,5.444550483932265,1
65.72079467773438,65.47829399108886,64.55562953948974,64.81769119262695,65.6915321976063,65.3802076469199,65.02404440342276,64.83795102466759,53.293217113227264,61.361583712064565,69.0592260786254,0.3552205966865216,0.16959560494100903,0.18562499174551259,16.041512719613518,65.17963432203625,-26.271095787710433,61.65039543179878,3.4477557666139136,1.3874189276030342,2.1177427106724096,1.2559777928893823,66.5340617092623,65.72079467773438,64.90752764620645,2.183483123779297,0.14362760043094536,0.09333197275798,14.285714285714286,92.85714285714286,78.57142857142857,-0.7241390650074889,-0.01524824134618008,1.0171699778571384,0.9877639628752449,0.1338841349463952,0.05291433102944264,0.9031769450181961,0.10215844615892648,1.0,0.517963350256175,2.541604916315925,2.5226093402520386,14857882.601687633,18886026.446546238,-3976246.5766792977,-18075513.2288047,5098143.403496681,2542966.140786069,-3165733.3589377594,2542966.140786069,10388611.977304913,12191278.851415567,101691170.60711254,101691170.60711254,11133441.570214335,10388611.977304913,10388611.977304913,10388611.977304913,10388611.977304913,10388611.977304913,10388611.977304913,10388611.977304913,0.038770312110423866,0.03846503406231029,4118200.8690521093,4096831.405684159,4092252.234962456,4092252.234962456,33574479.73153084,33574479.73153084,196328891.91256097,118734844.03329337,77594047.8792676,77246030.90441813,77246030.90441813,128225938.54914437,144581209.97682908,-56720661.339502,-56720661.339502,70081155.11519255,53725883.68750784,0.0033275307244379536,-207637.9172049283,65.51404571533203,2024-03-01,0,0,0,1,0,0,0,0,0,0,0,5.742700904396,1
65.83673400878907,65.70340499877929,64.59427547454834,64.83102416992188,65.84814202984951,65.522235655541,65.13236033589068,64.88984948230164,56.37091524871085,61.24043208347496,66.09850511956317,0.39937963547279764,0.21555241104736675,0.1838272244254309,16.39817874474283,68.53502772749573,-12.07615854555834,57.883566474227,3.522298879966068,1.3573276708114872,2.051541316640839,0.9661413325213744,66.70127396878789,65.83673400878907,64.97219404879024,2.251110076904297,0.5829363390640754,0.3787772349822234,7.142857142857143,85.71428571428572,78.57142857142857,0.8000030517578195,0.00988056792915204,1.0148082336454385,1.0118203760069522,0.1338841349463952,0.05291433102944264,0.9031769450181961,0.10215844615892648,1.0,0.517963350256175,2.541604916315925,2.5226093402520386,14712514.60175634,18701247.500260036,-3937343.3878750014,-17898664.26073542,5048263.691171787,2518086.020806047,-3134760.148350385,2518086.020806047,10286970.862908736,12072000.629158402,100696234.62073258,100696234.62073258,11024513.119451765,10286970.862908736,10286970.862908736,10286970.862908736,10286970.862908736,10286970.862908736,10286970.862908736,10286970.862908736,0.038390987352024966,0.038088696113032644,4077908.8140064315,4056748.427276969,4052214.058692084,4052214.058692084,33245990.464375634,33245990.464375634,194408030.16454753,117573154.49367394,76834875.67087358,76490263.65842234,76490263.65842234,126971389.11394525,143166642.24295893,-56165712.20477353,-56165712.20477353,69395488.27927253,53200235.15025885,0.003294974505016316,-205606.4091130181,66.16136169433594,2024-03-04,0,0,0,1,0,0,0,0,0,0,0,3.048892849573254,1
66.04155731201172,65.78456115722656,64.7416124343872,64.87686141967774,66.08780757719134,65.71221802214718,65.26900589169871,64.95562552895157,58.22904579041362,60.18673961825644,60.92958513793193,0.4617955115281518,0.26480103114352377,0.19699448038462802,17.256465143116504,107.2353021976485,-5.50852023129064,60.09645977815193,1.2342095080299043,1.3162742289295883,1.9773633885899948,0.7825794844649039,67.00975070987496,66.04155731201172,65.07336391414847,0.8115615844726562,1.0084230416845394,0.655180246402054,0.0,100.0,100.0,0.20987293842835827,0.00613314126474207,1.0118508442731708,1.0024734200588128,0.1338841349463952,0.05291433102944264,0.9031769450181961,0.10215844615892648,1.0,0.517963350256175,2.541604916315925,2.5226093402520386,14622830.71528906,18587249.274735108,-3913342.306690775,-17789558.38611599,5017490.711841531,2502736.3850083803,-3115651.4180716574,2502736.3850083803,10224264.007423192,11998412.669304883,100082415.03122948,100082415.03122948,10957310.386966871,10224264.007423192,10224264.007423192,10224264.007423192,10224264.007423192,10224264.007423192,10224264.007423192,10224264.007423192,0.03815696529364518,0.037856516748025926,4053050.8804037278,4032019.48221038,4027512.754026091,4027512.754026091,33043331.047205485,33043331.047205485,193222966.41592613,116856457.3331524,76366509.08277372,76023997.74076778,76023997.74076778,126197402.61645499,142293933.44800648,-55823339.77605727,-55823339.77605727,68972470.3750839,52875939.5435324,0.0032748891472498616,-204353.08278839136,66.567138671875,2024-03-05,0,0,0,1,0,0,0,0,0,0,0,3.2088043123461905,1
66.15362854003907,65.85991973876953,64.80247859954834,64.89343841552734,66.05757453795178,65.7640162834791,65.33834899339146,64.99646799681514,54.70438433745054,64.08224558116494,61.83647242763205,0.4599617164336962,0.30383316820155826,0.15612854823213795,17.337482003742547,88.32461420770015,-25.6466328961768,56.44231036444457,1.1550354500953652,1.3381916157764662,2.027651888109946,1.6231176447858786,66.92570878983108,66.15362854003907,65.38154829024705,0.7535858154296875,1.2917308644929657,0.8391179304856564,0.0,100.0,100.0,-0.666668180435148,-0.008563237413765967,1.0247714584596792,0.9838686051899881,0.1338841349463952,0.05291433102944264,0.9031769450181961,0.10215844615892648,1.0,0.517963350256175,2.541604916315925,2.5226093402520386,14749131.025910676,18747791.060570452,-3947142.6261040997,-17943210.356362667,5060827.781645947,2524353.0192281883,-3142561.921896316,2524353.0192281883,10312573.01852764,12102045.356888078,100946846.846951,100946846.846951,11051950.866118722,10312573.01852764,10312573.01852764,10312573.01852764,10312573.01852764,10312573.01852764,10312573.01852764,10312573.01852764,0.03848653462688834,0.03818349104714906,4088057.890682864,4066844.840101115,4062299.1864050254,4062299.1864050254,33328732.89972583,33328732.89972583,194891871.78402597,117865769.9037949,77026101.88023107,76680632.19932829,76680632.19932829,127287394.79788907,143522954.5824209,-56305497.11555791,-56305497.11555791,69568199.38284743,53332639.59831559,0.003303175019158133,-206118.12119546754,65.99710845947266,2024-03-06,0,0,0,1,0,0,0,0,0,0,0,6.308259770994846,1
66.06281127929688,65.91788864135742,64.9362892150879,64.91156127929688,66.06318364379077,65.82045002384085,65.40844926597025,65.03873991284077,55.101247879613034,56.34690537288438,60.205296857435194,0.4594491083743719,0.33495635623612097,0.12449275213825095,17.216201259080425,52.55637363858197,-23.922446343038562,58.19745085289155,0.8850928583917783,1.3123068404509233,1.986104760087674,0.9758047612188676,66.73788351210835,66.06281127929688,65.38773904648541,0.5796890258789062,1.383664955267731,0.8983865395570376,7.142857142857143,92.85714285714286,85.71428571428572,-0.27722592780039884,0.0011711633706430469,1.0149254051065422,0.9959225457002633,0.1338841349463952,0.05291433102944264,0.9031769450181961,0.10215844615892648,1.0,0.517963350256175,2.541604916315925,2.5226093402520386,14731877.590495888,18725860.019232135,-3942525.2849025875,-17922220.508182894,5054907.658953798,2521400.0478494093,-3138885.7738533462,2521400.0478494093,10300509.439173518,12087888.464689815,100828759.89665267,100828759.89665267,11039022.367474226,10300509.439173518,10300509.439173518,10300509.439173518,10300509.439173518,10300509.439173518,10300509.439173518,10300509.439173518,0.03844151333455882,0.03813882425318434,4083275.70774172,4062087.472045507,4057547.1358248894,4057547.1358248894,33289745.16956519,33289745.16956519,194663888.568148,117727891.30978982,76935997.25835818,76590931.70559126,76590931.70559126,127138494.84972237,143355062.38436007,-56239631.31937818,-56239631.31937818,69486818.96573225,53270251.43109454,0.00329931098698182,-205877.00558766557,66.07440185546875,2024-03-07,0,0,0,1,0,0,0,0,0,0,0,5.713408827015148,1
66.21159515380859,65.96619491577148,65.06961650848389,64.92778656005859,66.12811079182406,65.89999821730444,65.48935553472457,65.0865526648035,56.0853107422005,45.515892322134825,55.31501442539465,0.46845482591854193,0.36165605017260516,0.10679877574593677,17.335559909527024,81.44175519833234,-24.338703388763907,59.50660390077943,0.7344180332128358,1.2841300082127762,1.938076435805701,0.9178311891168676,66.60748534831943,66.21159515380859,65.81570495929775,0.483062744140625,1.4894711710595874,0.9673168964875032,0.0,85.71428571428572,85.71428571428572,0.3263222987841073,0.002778129309795263,1.0139767093008796,1.0045408701220402,0.1338841349463952,0.05291433102944264,0.9031769450181961,0.10215844615892648,1.0,0.517963350256175,2.541604916315925,2.5226093402520386,14691063.91524088,18673981.28449511,-3931602.7839739565,-17872568.202617887,5040903.377532828,2514414.67873344,-3130189.7020967314,2514414.67873344,10271972.571104318,12054399.783339728,100549420.60418923,100549420.60418923,11008439.499046814,10271972.571104318,10271972.571104318,10271972.571104318,10271972.571104318,10271972.571104318,10271972.571104318,10271972.571104318,0.03833501370938138,0.03803316320773271,4071963.267240589,4050833.732125182,4046305.974600452,4046305.974600452,33197518.17132098,33197518.17132098,194124585.36778587,117401734.1112346,76722851.25655128,76378741.68467179,76378741.68467179,126786266.20749182,142957906.83331943,-56083823.20632331,-56083823.20632331,69294310.41097745,53122669.785149835,0.003290170467970528,-205306.63720136095,66.25796508789062,2024-03-08,0,0,0,1,0,0,0,0,0,0,0,0.9779074689299313,1
66.48404693603516,66.1603904724121,65.32274551391602,64.96836471557617,66.59328072970563,66.19520228787977,65.68309506527163,65.1821239565943,62.231827207798986,64.07764310403373,55.313480266350915,0.5711360439047581,0.40355204891903573,0.1675839949857224,18.35739183481223,204.12554475550505,-2.570101011343675,59.92886889899799,2.9611257433759253,1.2917811468383944,1.9130803935797434,1.3912459489714308,67.59531605728172,66.48404693603516,65.37277781478859,1.94195556640625,1.6799984251404176,1.0918013743865203,14.285714285714286,100.0,85.71428571428572,0.9236108167676894,0.019101937644768308,1.0210035369411379,1.0193990939092148,0.1338841349463952,0.05291433102944264,0.9031769450181961,0.10215844615892648,1.0,0.517963350256175,2.541604916315925,2.5226093402520386,14415696.18559767,18323958.177974105,-3857909.242190459,-17537566.697128374,4946417.224152067,2467284.759112977,-3071517.761344726,2467284.759112977,10079435.816640409,11828453.403982801,98664733.02618532,98664733.02618532,10802098.48730958,10079435.816640409,10079435.816640409,10079435.816640409,10079435.816640409,10079435.816640409,10079435.816640409,10079435.816640409,0.03761646631540793,0.03732027366725511,3995638.8235815195,3974905.338210822,3970462.44848853,3970462.44848853,32575267.44384696,32575267.44384696,190485934.91679975,115201168.57255717,75284766.3442426,74947106.72534838,74947106.72534838,124409798.00362828,140278319.12841552,-55032594.02679365,-55032594.02679365,67995465.27320175,52126944.1484145,0.00322849986486572,-201458.3915676209,67.52362060546875,2024-03-11,0,0,0,1,0,0,0,0,0,0,0,-1.72051022003838,0
66.49564056396484,66.26859893798829,65.46235294342041,64.98247024536133,66.6038894236449,66.27336674672407,65.77281046967656,65.2387115195327,56.21627856033533,64.72044180667204,58.10465907761346,0.5733993047028179,0.43752150007579216,0.1358778046270257,19.661187070016926,157.74229888068268,-32.21753048061375,56.14358359080058,1.6509532520337045,1.3078568955793384,1.9630090789635062,1.516841629211612,67.61133601189363,66.49564056396484,65.37994511603605,1.0820846557617188,1.7145752340503653,1.115087753687149,7.142857142857143,100.0,92.85714285714286,-0.3949062847757071,-0.013306659001524945,1.0227767254877893,0.991089354264643,0.1338841349463952,0.05291433102944264,0.9031769450181961,0.10215844615892648,1.0,0.517963350256175,2.541604916315925,2.5226093402520386,14610107.909525203,18571077.169155058,-3909937.4465084397,-17774080.323052954,5013125.171339036,2500558.8429493513,-3112940.6004063357,2500558.8429493513,10215368.238363316,11987973.276492478,99995336.8757333,99995336.8757333,10947776.82028187,10215368.238363316,10215368.238363316,10215368.238363316,10215368.238363316,10215368.238363316,10215368.238363316,10215368.238363316,0.03812376627305734,0.037823579137049014,4049524.464752311,4028511.365231728,4024008.5581916035,4024008.5581916035,33014581.21819564,33014581.21819564,193054849.97399426,116754784.67907812,76300065.29491614,75957851.95986664,75957851.95986664,126087602.73757696,142170128.549223,-55774769.87034688,-55774769.87034688,68912459.87775125,52829934.0661052,0.003272039782490748,-204175.28242742267,66.62510681152344,2024-03-12,0,0,0,1,0,0,0,0,0,0,0,0.9318209769594372,1
66.56520233154296,66.35941543579102,65.62273235321045,64.98730087280273,66.51756538155102,66.28637593774938,65.82729683421815,65.28209213827115,54.448765856861016,58.73253052714747,62.51020514595101,0.5462867494440502,0.4592745499494438,0.08701219949460642,20.364886539549808,97.64960287521689,-57.72895798313986,45.35544378542484,1.3878515449474493,1.3220941157724813,1.9927587065136407,1.5071779782833374,67.5873410548115,66.56520233154296,65.54306360827442,0.9081649780273438,1.648592595294062,1.0739029615353246,0.0,92.85714285714286,92.85714285714286,-0.3974382800578988,-0.004205464389765101,1.0227471203986955,0.991052060349402,0.1338841349463952,0.05291433102944264,0.9031769450181961,0.10215844615892648,1.0,0.517963350256175,2.541604916315925,2.5226093402520386,14671809.68267912,18649507.006758656,-3926449.9921285296,-17849144.263641477,5034296.726951743,2511119.2655992825,-3126087.2490113513,2511119.2655992825,10258510.037016036,12038601.185078911,100417639.68352664,100417639.68352664,10994011.74517687,10258510.037016036,10258510.037016036,10258510.037016036,10258510.037016036,10258510.037016036,10258510.037016036,10258510.037016036,0.0382847715163396,0.03798331662251015,4066626.5177592216,4045524.6751911608,4041002.851783719,4041002.851783719,33154009.22336243,33154009.22336243,193870164.04512393,117247866.40602459,76622297.63909934,76278639.06013379,76278639.06013379,126620099.05518205,142770544.9920946,-56010319.273511,-56010319.273511,69203492.70195669,53053046.76504414,0.0032858583427409576,-205037.56058703575,66.34491729736328,2024-03-13,0,0,0,1,0,0,0,0,0,0,0,0.42091955104214474,1
66.48598022460938,66.27439575195312,65.76717071533203,64.95715744018554,66.23780736130094,66.17581509830418,65.8131058329403,65.29762936111545,50.38943043146777,30.412984063915626,51.288652132578314,0.46564108836800244,0.46054785763315553,0.00509323073484691,19.866103038333186,-43.290300427797064,-79.4951211208002,42.36816374488953,-1.2779440235357153,1.3084005071480516,1.992135423799723,1.130383595030466,67.69272950578542,66.48598022460938,65.27923094343333,-0.8501968383789062,1.6119908862016994,1.0506174625494538,21.42857142857143,85.71428571428572,64.28571428571429,-0.35042450800109504,-0.010047883149429948,1.0172846524855437,0.9940050294432828,0.1338841349463952,0.05291433102944264,0.9031769450181961,0.10215844615892648,1.0,0.517963350256175,2.541604916315925,2.5226093402520386,14820726.611864785,18838797.03807304,-3966302.9406110295,-18030310.718892828,5085394.173374603,2536606.794264098,-3157816.6214308157,2536606.794264098,10362632.558080103,12160791.396030823,101436865.4546595,101436865.4546595,11105599.511371497,10362632.558080103,10362632.558080103,10362632.558080103,10362632.558080103,10362632.558080103,10362632.558080103,10362632.558080103,0.03867335688733979,0.038368842266179634,4107902.239450502,4086586.215969291,4082018.496651889,4082018.496651889,33490518.03519394,33490518.03519394,195837920.5874136,118437916.754031,77400003.8333826,77052857.16526003,77052857.16526003,127905276.32590026,144219647.1545556,-56578816.611556955,-56578816.611556955,69905899.00663117,53591528.177975826,0.0033192093706456986,-207118.6647282916,65.67829132080078,2024-03-14,0,0,0,1,0,0,0,0,0,0,0,0.7449772523591276,1
66.40675659179688,66.30917587280274,65.8937349319458,64.94189224243163,66.11248721547666,66.11872997567217,65.81774784159627,65.31975554004536,51.462467412883605,26.23391091221322,38.45980850109204,0.41179332693033643,0.4507969514925917,-0.03900362456225526,18.660154647809247,-87.38022025045396,-66.9540855702696,48.489134137163276,0.5308803703061526,1.3122478062092011,1.992424852171043,1.3622626940041442,67.71104930100465,66.40675659179688,65.1024638825891,0.34780120849609375,1.5187488912503326,0.991285959879562,100.0,78.57142857142857,-21.42857142857143,0.48226846741553775,0.002794768245884871,1.02103855166718,1.0100755715913399,0.1338841349463952,0.05291433102944264,0.9031769450181961,0.10215844615892648,1.0,0.517963350256175,2.541604916315925,2.5226093402520386,14779421.55381364,18786293.700979676,-3955248.936478789,-17980060.616422962,5071221.285158985,2529537.3236751105,-3149015.851922076,2529537.3236751105,10333752.115806004,12126899.522324795,101154163.0119347,101154163.0119347,11074648.435589375,10333752.115806004,10333752.115806004,10333752.115806004,10333752.115806004,10333752.115806004,10333752.115806004,10333752.115806004,0.03856557504282582,0.03826190909760671,4096453.601005671,4075196.984840334,4070641.9956620475,4070641.9956620475,33397180.655196715,33397180.655196715,195292124.35958207,118107832.7335171,77184291.62606497,76838112.44851519,76838112.44851519,127548806.97037895,143817709.9854923,-56421132.621708944,-56421132.621708944,69711072.7142229,53442169.69910957,0.0033099588028881995,-206541.42930022365,65.86184692382812,2024-03-15,0,0,0,1,0,0,0,0,0,0,0,2.0719955554752403,1
66.06474151611329,66.27439422607422,65.98889961242676,64.94324462890626,66.01283988600137,66.06324183955918,65.81734759259194,65.33911984149655,51.148953617925756,24.991844466171656,27.212913147433436,0.3610589815946099,0.43284935751299536,-0.07179037591838544,18.22195936428678,-14.819521404279415,-68.39070296863117,43.49481676919849,-0.5257093541878088,1.302017965697523,1.9783434568152785,1.1690300390457082,66.78369479825045,66.06474151611329,65.34578823397612,-0.34781646728515625,1.2948300624919797,0.8462409973144531,92.85714285714286,71.42857142857143,-21.42857142857143,-0.033058632887128625,-0.0007333790203789547,1.017804577704138,0.9994131321394047,0.1338841349463952,0.05291433102944264,0.9031769450181961,0.10215844615892648,1.0,0.517963350256175,2.541604916315925,2.5226093402520386,14790268.426383322,18800081.286176376,-3958151.7619404723,-17993256.493243404,5074943.141988936,2531393.794776517,-3151326.9690075004,2531393.794776517,10341336.234843321,12135799.663193302,101228401.7980799,101228401.7980799,11082776.311223578,10341336.234843321,10341336.234843321,10341336.234843321,10341336.234843321,10341336.234843321,10341336.234843321,10341336.234843321,0.038593878983987716,0.03828999017309017,4099460.0590078286,4078187.842245001,4073629.5100815375,4073629.5100815375,33421691.422511563,33421691.422511563,195435452.62037212,118194514.11048962,77240938.5098825,76894505.2654593,76894505.2654593,127642417.24129416,143923260.28512993,-56462541.06476313,-56462541.06476313,69762234.87369402,53481391.82985825,0.0033123880387831975,-206693.01362007152,65.81354522705078,2024-03-18,0,0,0,1,0,0,0,0,0,0,0,1.9402379672520578,1
66.14976348876954,66.32270202636718,66.05363159179687,64.9849821472168,66.35863214893581,66.24269180960383,65.93476369565983,65.40622167809687,58.174551471029034,46.97926078900883,32.73500538913117,0.4158470717467537,0.42944890035974703,-0.013601828612993305,18.153454713222562,49.75687751855475,-31.60889536278333,49.462275977958235,0.7257004170043935,1.3380657629027628,1.9956173585425039,1.8066871265708784,67.15659043409764,66.14976348876954,65.14293654344144,0.4830780029296875,1.217344121897359,0.7977484678610836,85.71428571428572,64.28571428571429,-21.42857142857143,0.7058811529752586,0.01879053078644377,1.0276219029671696,1.0193889491674795,0.1338841349463952,0.05291433102944264,0.9031769450181961,0.10215844615892648,1.0,0.517963350256175,2.541604916315925,2.5226093402520386,14517477.321826052,18453333.35760774,-3885147.7731001503,-17661389.608081374,4981341.09871574,2484704.871395336,-3093204.0235737856,2484704.871395336,10150601.053251294,11911967.471689405,99361349.30498204,99361349.30498204,10878366.03925672,10150601.053251294,10150601.053251294,10150601.053251294,10150601.053251294,10150601.053251294,10150601.053251294,10150601.053251294,0.03788205506208976,0.03758377116396307,4023849.785729062,4002969.9128601933,3998495.654388293,3998495.654388293,32805263.115973476,32805263.115973476,191830849.14374688,116014539.3373952,75816309.80635169,75476266.16248725,75476266.16248725,125288185.73015402,141268745.5722915,-55421148.27193919,-55421148.27193919,68475543.07345381,52494983.23131635,0.003251294489580932,-202880.77614985016,67.05021667480469,2024-03-19,0,0,0,1,0,0,0,0,0,0,0,-1.5916538220924248,0
66.16135864257812,66.36328048706055,66.11160011291504,65.01415969848632,66.37338578809262,66.27181931084063,65.97934744525472,65.4453068305796,53.812002028024665,52.1571917115083,41.376098988896196,0.4023948651077234,0.4240380933093423,-0.021643228201618903,18.822102595426333,83.87508286154947,-51.4202928027712,40.57083101103188,0.6148520994412543,1.3943121532239942,2.09977621280689,2.125515227400001,67.17819410946976,66.16135864257812,65.14452317568649,0.40578460693359375,1.0955729474092202,0.7190324343167873,78.57142857142857,100.0,21.42857142857143,-0.4181801157584839,-0.009654310463126037,1.0321920499784538,0.9867911249276357,0.1338841349463952,0.05291433102944264,0.9031769450181961,0.10215844615892648,1.0,0.517963350256175,2.541604916315925,2.5226093402520386,14658999.857529562,18633224.289830826,-3923021.8439351255,-17833560.336230233,5029901.32773256,2508926.829940852,-3123357.89033453,2508926.829940852,10249553.424116109,12028090.390598789,100329965.94496964,100329965.94496964,10984412.972346948,10249553.424116109,10249553.424116109,10249553.424116109,10249553.424116109,10249553.424116109,10249553.424116109,10249553.424116109,0.03825134542646917,0.03795015373019776,4063075.9827013314,4041992.5639623324,4037474.6885182615,4037474.6885182615,33125062.755929757,33125062.755929757,193700897.74758834,117145498.3478025,76555399.39978583,76212040.86603643,76212040.86603643,126509548.18488067,142645893.3126215,-55961417.167228125,-55961417.167228125,69143071.75454642,53006726.62680558,0.0032829894893583777,-204858.54413596276,66.40289306640625,2024-03-20,0,0,0,1,0,0,0,0,0,0,0,-0.8225369848659628,0
66.45120086669922,66.4685905456543,66.19323959350587,65.04990707397461,66.62475800586382,66.42739806185256,66.0886955401263,65.51127528590614,57.641283548268575,64.91628857694302,54.684247025819985,0.4450732873693539,0.42824513212134463,0.01682815524800929,18.96795173260381,51.04928683751233,-30.113412372327016,49.90943664838766,1.5938102447617286,1.4168660637348673,2.110708744112163,1.7100669003762192,67.57279979203133,66.45120086669922,65.32960194136712,1.0531005859375,0.9307117846389913,0.6122612097324378,71.42857142857143,92.85714285714286,21.42857142857143,0.49152790768846616,0.010912316339520833,1.026052348829291,1.0126804072123965,0.1338841349463952,0.05291433102944264,0.9031769450181961,0.10215844615892648,1.0,0.517963350256175,2.541604916315925,2.5226093402520386,14500762.94510814,18432087.520014692,-3880674.6940627396,-17641055.557424553,4975605.941715758,2481844.161346842,-3089642.7314725993,2481844.161346842,10138914.383029176,11898252.891162803,99246951.81107402,99246951.81107402,10865841.472899582,10138914.383029176,10138914.383029176,10138914.383029176,10138914.383029176,10138914.383029176,10138914.383029176,10138914.383029176,0.03783844039508391,0.03754049991953207,4019217.015194346,3998361.181905717,3993892.0747724394,3993892.0747724394,32767493.50119156,32767493.50119156,191609988.93452275,115880968.56113335,75729020.3733894,75389368.23126028,75389368.23126028,125143937.94604011,141106098.92373005,-55357340.35753221,-55357340.35753221,68396705.27005856,52434544.29236864,0.0032475511835150755,-202647.19385134074,67.12750244140625,2024-03-21,0,0,0,1,0,0,0,0,0,0,0,0.5527055864748408,1
66.81060333251953,66.6086799621582,66.28743743896484,65.12256072998046,66.96945842155245,66.65130009659386,66.23823494134567,65.5954942650051,60.24417420048502,66.83598473477845,61.30315500774319,0.5158261753896625,0.4457613407750082,0.07006483461465429,19.411090741298903,149.89591978640837,-14.489054698191278,54.40773114484332,2.114303032368703,1.3598265836432064,2.0098278313557656,0.6183133424516143,68.0873899967044,66.81060333251953,65.53381666833467,1.4008941650390625,0.8540939005971927,0.5634583204220434,64.28571428571429,85.71428571428572,21.42857142857143,0.49999384728973517,0.007915635055650183,1.0089209028285184,1.004446321760845,0.1338841349463952,0.05291433102944264,0.9031769450181961,0.10215844615892648,1.0,0.517963350256175,2.541604916315925,2.5226093402520386,14386881.640453476,18287331.676323287,-3850197.9323383304,-17502512.059405185,4936530.170445306,2462353.0730424793,-3065378.3154202295,2462353.0730424793,10059288.724566095,11804810.320762474,98467518.86688839,98467518.86688839,10780506.914449884,10059288.724566095,10059288.724566095,10059288.724566095,10059288.724566095,10059288.724566095,10059288.724566095,10059288.724566095,0.03754127734410503,0.03724567673509632,3987652.2155273766,3966960.1728967675,3962526.1637616367,3962526.1637616367,32510154.978776935,32510154.978776935,190105185.66263074,114970900.86784416,75134284.79478657,74797300.10051666,74797300.10051666,124161123.80192468,139997926.42956585,-54922593.15381665,-54922593.15381665,67859553.80708244,52022751.17944129,0.003222046638194841,-201055.71022335807,67.65885925292969,2024-03-22,0,0,0,1,0,0,0,0,0,0,0,-1.457468960379929,0
67.16227874755859,66.61351013183594,66.38695030212402,65.20410293579101,67.17027971511699,66.81868595216699,66.36525278524094,65.6730012468577,59.59888543448404,73.68799693886777,68.48009008352969,0.5584458474263698,0.4682982421052805,0.09014760532108934,20.38351180299304,146.7936008391942,-25.510158302774943,53.57575152548571,0.07153303739377836,1.3593103449972912,2.0116496596280906,1.352599242600391,68.05886514164438,67.16227874755859,66.2656923534728,0.04830169677734375,0.7940207695531186,0.5251224713447868,57.142857142857146,100.0,42.85714285714286,-0.2428542623745944,-0.0012849307783714403,1.0201323196354217,0.9951622603330098,0.1338841349463952,0.05291433102944264,0.9031769450181961,0.10215844615892648,1.0,0.517963350256175,2.541604916315925,2.5226093402520386,14405391.571458137,18310859.863740653,-3855151.5352011966,-17525030.510500025,4942881.430929749,2465521.0969847194,-3069322.1819605688,2465521.0969847194,10072230.843984393,11819998.200250272,98594205.59622806,98594205.59622806,10794376.941615509,10072230.843984393,10072230.843984393,10072230.843984393,10072230.843984393,10072230.843984393,10072230.843984393,10072230.843984393,0.037589577348986714,0.037293596424978946,3992782.6648648093,3972064.0001842654,3967624.286324149,3967624.286324149,32551982.02237448,32551982.02237448,190349771.94325662,115118820.58358184,75230951.3596748,74893533.10630593,74893533.10630593,124320867.51098338,140178045.51469964,-54993255.68064356,-54993255.68064356,67946860.81984359,52089682.81612734,0.0032261920716846865,-201314.38527312444,67.5719223022461,2024-03-25,0,0,0,1,0,0,0,0,0,0,0,-1.4313204099861496,0
68.68877868652343,67.41927108764648,66.84393501281738,65.41568771362304,69.67442526662096,68.24850966443279,67.15739217423027,66.02632340853499,79.21208303332831,82.19675751422935,74.24024639595847,1.1527161047115868,0.6051818146265417,0.5475342900850451,23.602696387888916,403.143688757077,-4.193820966120031,67.76038218134718,12.093953681604951,1.8011849382946359,2.4117828405972666,7.545554651160117,74.74836598293702,68.68877868652343,62.62919139010986,8.057609558105469,1.2214464563746836,0.812859510764099,50.0,100.0,50.0,0.6125011444091816,0.10523296992464659,1.054237288135593,1.0327321927532676,0.1338841349463952,0.05291433102944264,0.9031769450181961,0.10215844615892648,1.0,0.517963350256175,2.541604916315925,2.5226093402520386,13033805.508390037,16567420.952877535,-3488089.516062877,-15856413.070716541,4472252.968771596,2230770.4928064314,-2777081.633901884,2230770.4928064314,9113219.672293259,10694576.18610142,89206717.7501501,89206717.7501501,9766607.79704342,9113219.672293259,9113219.672293259,9113219.672293259,9113219.672293259,9113219.672293259,9113219.672293259,9113219.672293259,0.034010546528981604,0.033742746950013246,3612616.3202831643,3593870.349755379,3589853.3560708533,3589853.3560708533,29452597.69494013,29452597.69494013,172225926.22823626,104157968.24395359,68067957.98428267,67762666.46425875,67762666.46425875,112483857.15407987,126831219.59730971,-49757161.77232112,-49757161.77232112,61477410.34587135,47130047.90264151,0.002919015410755114,-182146.5616311191,74.6827163696289,2024-03-26,0,0,0,1,0,0,0,0,0,0,0,-10.660271066573648,0
70.0993438720703,68.13035125732422,67.24488334655761,65.62534042358398,70.93485650912751,69.19527499710694,67.75723282374554,66.31767225502934,72.65749094262938,82.28256702192107,79.38910715833934,1.5072959617512396,0.7856046440514813,0.7216913176997583,26.595712842751315,233.09034557943465,-16.186024864163013,65.75089619099191,10.717929852721287,1.849194533614524,2.5174275862197053,2.473319272773068,76.63834831423563,70.0993438720703,63.560339429904985,7.110801696777344,1.5125146734666262,1.0110417390480961,42.85714285714286,100.0,57.142857142857146,-0.671876117588156,-0.016429469027552157,1.0340379948112812,0.9778777978044615,0.1338841349463952,0.05291433102944264,0.9031769450181961,0.10215844615892648,1.0,0.517963350256175,2.541604916315925,2.5226093402520386,13251520.961596545,16844161.583915558,-3546354.2330962606,-16121277.093407262,4546957.058941079,2268033.0719149215,-2823469.742587963,2268033.0719149215,9265446.030884126,10873217.374180358,90696818.31759657,90696818.31759657,9929748.289009085,9265446.030884126,9265446.030884126,9265446.030884126,9265446.030884126,9265446.030884126,9265446.030884126,9265446.030884126,0.03457865547817467,0.034306382600393766,3672961.1212643804,3653902.0198197174,3649817.926653004,3649817.926653004,29944571.098343704,29944571.098343704,175102771.7940654,105897813.08410439,69204958.709961,68894567.62929077,68894567.62929077,114362776.85431266,128949796.28142454,-50588300.69169176,-50588300.69169176,62504323.18777298,47917303.7606611,0.002967774367811842,-185189.12055145894,73.45571899414062,2024-03-27,0,0,0,1,0,0,0,0,0,0,0,-8.48023491512453,0
71.51570434570313,68.98345260620117,67.62892417907715,65.85315628051758,72.02633927594178,70.10691678119119,68.37171587001457,66.62714804148192,74.07630320610714,88.70123958161896,84.39352137258975,1.828038638876393,0.9940914430164637,0.8339471958599293,29.374942407980686,166.4042426335479,-8.93025377444193,63.594883175922156,12.989091703224176,1.8157934300101222,2.4468541171079004,1.3815790831529,77.93304188276507,71.51570434570313,65.09836680864119,8.531013488769531,1.9321653965312353,1.2982204632881462,35.714285714285715,92.85714285714286,57.142857142857146,0.02019867294487691,0.010259048931095416,1.0129462252905197,1.000260406860633,0.1338841349463952,0.05291433102944264,0.9031769450181961,0.10215844615892648,1.0,0.517963350256175,2.541604916315925,2.5226093402520386,13116953.493875967,16673111.319059724,-3510341.4682090506,-15957567.626307707,4500783.302809301,2245001.4917605673,-2794797.775457033,2245001.4917605673,9171356.634407217,10762801.26932272,89775803.95202433,89775803.95202433,9828912.989708189,9171356.634407217,9171356.634407217,9171356.634407217,9171356.634407217,9171356.634407217,9171356.634407217,9171356.634407217,0.03422751373992702,0.03395800575772287,3635662.67993398,3616797.1211796897,3612754.5014466275,3612754.5014466275,29640487.88281239,29640487.88281239,173324625.97522175,104822434.598482,68502191.37673976,68194952.27702703,68194952.27702703,113201437.76520902,127640327.91179635,-50074583.09353102,-50074583.09353102,61869599.93469564,47430709.78810831,0.0029376370060252323,-183308.5491759745,74.20930480957031,2024-03-28,0,0,0,1,0,0,0,0,0,0,0,-10.273624460020713,0
72.78908081054688,69.7998420715332,68.05450897216797,66.0792333984375,72.69280670967733,70.81943038045614,68.91019450878922,66.91728896444923,73.08151240598949,85.57252996112015,85.51877885488666,2.043857189150174,1.2040445922432057,0.8398125969069681,30.82739985218435,113.11259215440298,-10.697660707629705,67.60281799959411,12.395483932848371,1.8027211129168108,2.43526248371054,1.6327809907037647,78.06509226301591,72.78908081054688,67.51306935807784,8.163894653320312,2.3848036007262556,1.6101726629795081,28.571428571428573,85.71428571428572,57.142857142857146,0.49112463433131887,-0.002473587818844547,1.0224495545803731,1.0109513368653968,0.1338841349463952,0.05291433102944264,0.9031769450181961,0.10215844615892648,1.0,0.517963350256175,2.541604916315925,2.5226093402520386,13149479.887148961,16714455.993804613,-3519046.1378696365,-15997137.951881858,4511943.992508478,2250568.470514708,-2801728.0959468815,2250568.470514708,9194099.045812188,10789490.020408748,89998422.95476043,89998422.95476043,9853285.957829067,9194099.045812188,9194099.045812188,9194099.045812188,9194099.045812188,9194099.045812188,9194099.045812188,9194099.045812188,0.034312388446022565,0.03404221215904601,3644678.111313735,3625765.771225376,3621713.126920728,3621713.126920728,29713988.041681584,29713988.041681584,173754422.79892755,105082365.05666153,68672057.74226601,68364056.77511275,68364056.77511275,113482145.81876265,127956840.39353162,-50198754.12024403,-50198754.12024403,62023019.31977299,47548324.74500402,0.002944921528044456,-183763.10334997406,74.02574157714844,2024-04-01,0,0,0,1,0,0,0,0,0,0,0,-11.192882147673917,0
74.39867095947265,70.78047485351563,68.52743453979492,66.33506759643555,73.66849548874322,71.69223813798685,69.54921151241643,67.25856677160318,76.08512364872759,90.47135519890003,88.24837491387966,2.31682115986537,1.4265999057676386,0.8902212540977312,32.5734614618573,114.55588423134944,-1.22920914535902,69.67175803436568,14.900166502189283,1.7974837496571063,2.376999163358669,1.7293980272809506,75.85087221416504,74.39867095947265,72.94646970478027,9.806327819824219,3.033999134941673,2.0599850874680783,21.42857142857143,100.0,78.57142857142857,0.46621165335821213,0.021534826072160174,1.0192383121157225,1.0088939777742505,0.1338841349463952,0.05291433102944264,0.9031769450181961,0.10215844615892648,1.0,0.517963350256175,2.541604916315925,2.5226093402520386,12872277.627292655,16362100.994708449,-3444861.6415756494,-15659904.629381511,4416828.361943442,2203124.566166999,-2742665.2762487126,2203124.566166999,9000279.59023565,10562038.361330023,88101179.38005869,88101179.38005869,9645570.27949338,9000279.59023565,9000279.59023565,9000279.59023565,9000279.59023565,9000279.59023565,9000279.59023565,9000279.59023565,0.03358905400998906,0.033324573269752925,3567845.1857854514,3549331.533968922,3545364.3228653804,3545364.3228653804,29087591.81117005,29087591.81117005,170091531.2569615,102867139.10744207,67224392.14951943,66922884.10565024,66922884.10565024,111089845.32138349,125259400.97953439,-49140521.53587375,-49140521.53587375,60715521.13230817,46545965.474157274,0.002882840068573864,-179889.2202790091,75.619873046875,2024-04-02,0,0,0,1,0,0,0,0,0,0,0,-9.300865002469822,0
74.19578094482422,71.44227981567383,68.8824909210205,66.55998512268066,73.66841909129106,72.05151598496865,69.94150244422313,67.50992753728097,66.32758832705507,71.84070974551445,82.62819830184482,2.348595570958082,1.6109990388057274,0.7375965321523548,33.386695790071485,78.96117551093461,-18.96406474616064,64.25091738714084,9.870288195606802,1.8271250268598453,2.480206361187927,2.2124616304954543,75.71449039478811,74.19578094482422,72.67707149486033,6.618049621582031,3.5179258822150317,2.3994969098995824,14.285714285714286,92.85714285714286,78.57142857142857,-0.7812507450587705,-0.02580811990094889,1.0294814130666279,0.9775641025641025,0.1338841349463952,0.05291433102944264,0.9031769450181961,0.10215844615892648,1.0,0.517963350256175,2.541604916315925,2.5226093402520386,13213287.741613967,16795562.895725254,-3536122.310140167,-16074764.067823362,4533838.201868774,2261489.354584844,-2815323.482238275,2261489.354584844,9238713.413748167,10841846.023450868,90435140.3248208,90435140.3248208,9901099.03042167,9238713.413748167,9238713.413748167,9238713.413748167,9238713.413748167,9238713.413748167,9238713.413748167,9238713.413748167,0.03447888931960086,0.03420740200212369,3662363.9127670517,3643359.80054365,3639287.490781492,3639287.490781492,29858175.17613939,29858175.17613939,174597566.17933154,105592277.25957133,69005288.91976023,68695793.37783624,68695793.37783624,114032817.9599366,128577750.9937761,-50442343.58725858,-50442343.58725858,62323986.03664702,47779053.00280752,0.002959211760501176,-184654.8138552734,73.66826629638672,2024-04-03,0,0,0,1,0,0,0,0,0,0,0,-6.449708658391128,0
74.26920776367187,72.1842758178711,69.27377815246582,66.74567741394043,73.71989709032034,72.37357727649778,70.31115488652368,67.75749324516717,66.69196797454062,55.199227220847895,72.5037640550874,2.359057140594686,1.760610659163519,0.598446481431167,33.92565870361583,61.29341444699011,-17.559286640588564,65.59677758424414,11.17415172642,1.7877093890179785,2.4216205608821118,1.2753060970737096,75.66850015581959,74.26920776367187,72.86991537152416,7.419960021972656,4.010853279966862,2.7484841958070376,7.142857142857143,85.71428571428572,78.57142857142857,0.04545848625841651,0.0020984176737679494,1.017432642281354,1.0007859225826785,0.1338841349463952,0.05291433102944264,0.9031769450181961,0.10215844615892648,1.0,0.517963350256175,2.541604916315925,2.5226093402520386,13185618.806071738,16760392.591691557,-3528717.58679031,-16041103.133501286,4524344.237957634,2256753.7426459333,-2809428.1286000395,2256753.7426459333,9219367.330401095,10819142.942684917,90245767.01233935,90245767.01233935,9880365.896002205,9219367.330401095,9219367.330401095,9219367.330401095,9219367.330401095,9219367.330401095,9219367.330401095,9219367.330401095,0.03440668971380955,0.03413577089716538,3654694.836529849,3635730.519364757,3631666.7371150944,3631666.7371150944,29795651.45452578,29795651.45452578,174231954.7661152,105371164.54558335,68860790.22053182,68551942.76955748,68551942.76955748,113794030.55505058,128308506.15676197,-50336716.13248672,-50336716.13248672,62193478.14291881,47679002.54120742,0.0029530151014214496,-184268.14232869845,73.8228530883789,2024-04-04,0,0,0,1,0,0,0,0,0,0,0,-7.9484119081337345,0
74.09088287353515,72.80329360961915,69.63594207763671,66.94097557067872,73.58582484650914,72.54523238238669,70.59749064579636,67.97553979864637,64.24530862943482,31.228073168136348,52.75600337816618,2.300071005728313,1.868502728476478,0.431568277251835,33.865295471586535,43.3462832677178,-23.55632173162709,55.68712743209719,9.221522762423206,1.7543887693612041,2.3928590767923246,1.3212207138231378,75.68846634974807,74.09088287353515,72.49329939732223,6.190177917480469,4.3116244180965415,2.9676602192414094,0.0,78.57142857142857,78.57142857142857,-0.34814747835522786,-0.006843039903746462,1.018089322701319,0.9938108874691468,0.1338841349463952,0.05291433102944264,0.9031769450181961,0.10215844615892648,1.0,0.517963350256175,2.541604916315925,2.5226093402520386,13276470.221578903,16875874.87688471,-3553031.1205273313,-16151629.377844399,4555517.8282384975,2272303.2041453104,-2828785.6214870196,2272303.2041453104,9282890.520656053,10893688.890461342,90867577.4709297,90867577.4709297,9948443.491796736,9282890.520656053,9282890.520656053,9282890.520656053,9282890.520656053,9282890.520656053,9282890.520656053,9282890.520656053,0.03464375833450834,0.03437097283581142,3679876.3774213973,3660781.3925126134,3656689.6100321594,3656689.6100321594,30000949.146686826,30000949.146686826,175432445.99446717,106097191.86317852,69335254.13128863,69024278.66277415,69024278.66277415,114578093.01766564,129192576.11035292,-50683545.657887004,-50683545.657887004,62622003.00835753,48007519.91567025,0.0029733619357963847,-185537.78479369442,73.31768035888672,2024-04-05,0,0,0,1,0,0,0,0,0,0,0,-6.929909223774038,0
73.98036041259766,73.38472061157226,69.99670028686523,67.08489234924316,73.54825965515974,72.71394090785473,70.87136099119299,68.19113154271753,64.67476349460335,30.348127760750625,38.925142716578236,2.2400456452408974,1.9428113118293617,0.2972343334115357,33.957713778405065,44.88651303195962,-22.054017794573596,57.188457088766356,8.593508793572347,1.696384618031493,2.3088503713252466,0.942330650745248,75.65526727702137,73.98036041259766,72.30545354817396,5.81427001953125,4.7610956158266955,3.2897449884659125,7.142857142857143,71.42857142857143,64.28571428571429,0.23711056402834207,0.0021202104705617675,1.0128697566135165,1.0030503411523157,0.1338841349463952,0.05291433102944264,0.9031769450181961,0.10215844615892648,1.0,0.517963350256175,2.541604916315925,2.5226093402520386,13248380.86574935,16840170.1717605,-3545513.884865118,-16117456.976803351,4545879.606698462,2267495.63615558,-2822800.689907967,2267495.63615558,9263250.479996927,10870640.843922341,90675326.69385178,90675326.69385178,9927395.32428478,9263250.479996927,9263250.479996927,9263250.479996927,9263250.479996927,9263250.479996927,9263250.479996927,9263250.479996927,0.03457046167968292,0.034298253320000374,3672090.7721175,3653036.1869397224,3648953.061544484,3648953.061544484,29937475.39788604,29937475.39788604,175061279.2372384,105872719.41492814,69188559.82231028,68878242.29227218,68878242.29227218,114335677.31745839,128919240.18745062,-50576313.22901642,-50576313.22901642,62489512.0905229,47905949.22053068,0.002967071120539715,-185145.2379216782,73.47312927246094,2024-04-08,0,0,0,1,0,0,0,0,0,0,0,-7.616027380333054,0
73.55101165771484,73.97484130859375,70.29417572021484,67.21953422546386,73.52321619426014,72.85197515596495,71.11914844655183,68.39826870858982,64.67476349460335,28.86254280488743,30.146247911258083,2.167489643203851,1.9877469781042596,0.17974266509959125,33.945856234203454,36.43857469037585,-22.559550245058436,56.25188558311515,8.733223459026384,1.6286455276178284,2.2166546378857914,0.7480373522401891,73.90226226978575,73.55101165771484,73.19976104564392,5.901206970214844,5.060953727031159,3.5124286260360407,0.0,64.28571428571429,64.28571428571429,-0.33766658409709455,0.0,1.0102311536169322,0.9965739604912168,0.1338841349463952,0.05291433102944264,0.9031769450181961,0.10215844615892648,1.0,0.517963350256175,2.541604916315925,2.5226093402520386,13248380.86574935,16840170.1717605,-3545513.884865118,-16117456.976803351,4545879.606698462,2267495.63615558,-2822800.689907967,2267495.63615558,9263250.479996927,10870640.843922341,90675326.69385178,90675326.69385178,9927395.32428478,9263250.479996927,9263250.479996927,9263250.479996927,9263250.479996927,9263250.479996927,9263250.479996927,9263250.479996927,0.03457046167968292,0.034298253320000374,3672090.7721175,3653036.1869397224,3648953.061544484,3648953.061544484,29937475.39788604,29937475.39788604,175061279.2372384,105872719.41492814,69188559.82231028,68878242.29227218,68878242.29227218,114335677.31745839,128919240.18745062,-50576313.22901642,-50576313.22901642,62489512.0905229,47905949.22053068,0.002967071120539715,-185145.2379216782,73.47312927246094,2024-04-09,0,0,0,1,0,0,0,0,0,0,0,-6.280581956684496,0
73.34683227539062,73.77130661010742,70.59528884887695,67.34732231140137,73.23126725776197,72.81477410665599,71.26469329781028,68.56490010765555,60.218700410740254,28.290870836957723,29.167180467531875,2.020070452353508,1.9942116729541093,0.025858779399398735,33.042343807911195,7.834373579270661,-30.722866342206483,53.09841572687206,-2.725325328004524,1.6101556353666702,2.2163990919460943,1.369787036101613,74.12070350340475,73.34683227539062,72.5729610473765,-2.0353469848632812,5.281510595732271,3.678675969441727,7.142857142857143,57.142857142857146,50.0,-0.1896568733845008,-0.011238937226059065,1.0156291567453015,0.997066650390625,0.1338841349463952,0.05291433102944264,0.9031769450181961,0.10215844615892648,1.0,0.517963350256175,2.541604916315925,2.5226093402520386,13398971.060390865,17031587.110151652,-3585814.6304004733,-16300659.06073029,4597551.195983716,2293269.5486553507,-2854886.5809791097,2293269.5486553507,9368542.946067417,10994204.01267124,91706004.72419974,91706004.72419974,10040236.916726632,9368542.946067417,9368542.946067417,9368542.946067417,9368542.946067417,9368542.946067417,9368542.946067417,9368542.946067417,0.03496341328682227,0.0346881108199969,3713830.277474271,3694559.1047964953,3690429.567794115,3690429.567794115,30277765.301454436,30277765.301454436,177051145.95239925,107076141.44706027,69975004.50533898,69661159.69315806,69661159.69315806,115635295.14066109,130384624.80083041,-51151198.336154155,-51151198.336154155,63199810.79676657,48450481.13659726,0.0030007968883965573,-187249.72583594517,72.64736938476562,2024-04-10,0,0,0,1,0,0,0,0,0,0,0,-6.5874357122783405,0
72.84749145507813,73.558349609375,70.8443504333496,67.43535331726075,72.59622783411345,72.54411499395788,71.27054622057277,68.67318437742657,53.82823101214718,23.376264257026637,26.843225966290543,1.7761538414251987,1.9506001066483272,-0.17444626522312845,31.22257202135932,-45.652081006925705,-51.45003253611328,44.917385907220705,-2.899120771650321,1.6339275491919047,2.290783355616062,1.9429624289199552,74.48662652238792,72.84749145507813,71.20835638776833,-2.1295700073242188,5.453553468549411,3.8084893348889466,0.0,50.0,50.0,-0.7400016784667939,-0.018186761738770985,1.0274348416754149,0.9802402760109127,0.1338841349463952,0.05291433102944264,0.9031769450181961,0.10215844615892648,1.0,0.517963350256175,2.541604916315925,2.5226093402520386,13647168.869020514,17347074.215778798,-3652236.994431728,-16602606.713266997,4682714.610902868,2335749.264001251,-2907769.491919925,2335749.264001251,9542082.527486503,11197856.765653057,93404734.37352422,93404734.37352422,10226218.720077237,9542082.527486503,9542082.527486503,9542082.527486503,9542082.527486503,9542082.527486503,9542082.527486503,9542082.527486503,0.03561106320866253,0.03533066113615338,3782623.9581484846,3762995.813072844,3758789.7819852065,3758789.7819852065,30838619.934556734,30838619.934556734,180330778.86172444,109059582.08171028,71271196.78001416,70951538.41735373,70951538.41735373,117777282.51601987,132799823.55069777,-52098705.072200775,-52098705.072200775,64370501.77556389,49347960.74088597,0.0030563825903497763,-190718.27363782603,71.3261489868164,2024-04-11,0,0,0,1,0,0,0,0,0,0,0,-3.99389829413444,0
72.12665405273438,73.10876846313477,71.04611053466797,67.51257926940917,71.63531633846496,72.02945651272334,71.1222554707247,68.7139808076125,47.2387550589113,15.505135559866607,22.390756884616934,1.436165119826498,1.8477131092839614,-0.4115479894574634,29.40870191582596,-139.91742363272425,-70.50029386991532,44.7817077774009,-6.0582853780117185,1.66016483882227,2.381411057045691,2.001249604017019,75.00572174115531,72.12665405273438,69.24758636431345,-4.495811462402344,4.646391997817412,3.251449536054551,0.0,42.85714285714286,42.85714285714286,-0.7814201499195407,-0.0226095991800499,1.0256446442741374,0.9804618082050126,0.1338841349463952,0.05291433102944264,0.9031769450181961,0.10215844615892648,1.0,0.517963350256175,2.541604916315925,2.5226093402520386,13962863.618848378,17748357.46414742,-3736722.7991678673,-16986668.478981145,4791038.061121182,2389781.2604275113,-2975033.814001596,2389781.2604275113,9762815.881434359,11456892.51322601,95565430.4515016,95565430.4515016,10462777.935508965,9762815.881434359,9762815.881434359,9762815.881434359,9762815.881434359,9762815.881434359,9762815.881434359,9762815.881434359,0.036434840345053295,0.036147951838399334,3870125.95476196,3850043.759296183,3845740.4316963735,3845740.4316963735,31551997.961802844,31551997.961802844,184502301.9567634,111582415.77799235,72919886.17877103,72592833.28118552,72592833.28118552,120501779.44986406,135871831.19385013,-53303884.536306314,-53303884.536306314,65859560.030017,50489508.28603094,0.003127084722528196,-195130.08668575945,69.71349334716797,2024-04-12,0,0,0,1,0,0,0,0,0,0,0,-0.0067086278754760476,0
71.40387115478515,72.6921157836914,71.2459789276123,67.58247856140137,71.04328248654825,71.63486710726725,71.00196588139042,68.75889194389103,47.859880441411065,11.641873994507906,16.841091270466993,1.1650501377078655,1.7111805149687422,-0.5461303772608768,27.724393960687845,-183.01659476158065,-91.69058415394606,44.21226251280099,-5.6284836945419965,1.6248512392006706,2.3258939343284815,1.1657744441198759,74.38078206123751,71.40387115478515,68.42696024833279,-4.166526794433594,4.001754933962863,2.80617112379808,0.0,35.714285714285715,35.714285714285715,-0.13333036633901946,0.0020902902515758104,1.0168090342975433,0.9977799912114288,0.1338841349463952,0.05291433102944264,0.9031769450181961,0.10215844615892648,1.0,0.517963350256175,2.541604916315925,2.5226093402520386,13933738.06200935,17711335.6319336,-3728928.256783887,-16951235.47671201,4781044.29084767,2384796.34387791,-2968828.101562296,2384796.34387791,9742451.33039199,11432994.236826451,95366087.64815973,95366087.64815973,10440953.312582515,9742451.33039199,9742451.33039199,9742451.33039199,9742451.33039199,9742451.33039199,9742451.33039199,9742451.33039199,0.036358839816626,0.03607254973932973,3862053.1427266514,3842012.8373159124,3837718.4861564687,3837718.4861564687,31486182.701043524,31486182.701043524,184117443.0603892,111349662.66361035,72767780.39677884,72441409.7086611,72441409.7086611,120250421.16675133,135588412.05789888,-53192696.36164654,-53192696.36164654,65722181.59451769,50384190.703370154,0.003120561842529318,-194723.05897382944,69.85921478271484,2024-04-15,0,0,0,1,0,0,0,0,0,0,0,-0.41113572120267083,0
70.659716796875,72.10536422729493,71.44291954040527,67.66975685119628,70.61297415200222,71.29259263011141,70.88295555772564,68.79785137679374,47.419038984533955,10.251627192137615,12.466212248837321,0.9308369609899643,1.5551118041729866,-0.6242748431830223,26.160393716631024,-135.9529764653283,-93.35237743260527,36.77163019454279,-7.759224298522305,1.563609799641324,2.2416587138641444,0.7674710853698201,72.98425337693126,70.659716796875,68.33518021681874,-5.867515563964844,3.274163812707635,2.3003591390756526,85.71428571428572,28.571428571428573,-57.142857142857146,-0.3670796836219395,-0.0015296092310377318,1.0110212180826441,0.9959773435862918,0.1338841349463952,0.05291433102944264,0.9031769450181961,0.10215844615892648,1.0,0.517963350256175,2.541604916315925,2.5226093402520386,13955083.887143029,17738468.557183143,-3734640.7978228466,-16977203.964613494,4788368.623696088,2388449.7386460127,-2973376.205253199,2388449.7386460127,9757376.30325616,11450509.041155884,95512183.96643136,95512183.96643136,10456948.357318355,9757376.30325616,9757376.30325616,9757376.30325616,9757376.30325616,9757376.30325616,9757376.30325616,9757376.30325616,0.03641453983289839,0.03612781117279683,3867969.624770073,3847898.618562964,3843597.6886614403,3843597.6886614403,31534418.0379698,31534418.0379698,184399502.24121612,111520245.05990158,72879257.18131456,72552386.50879878,72552386.50879878,120434639.10245915,135796127.06740034,-53274185.04687025,-53274185.04687025,65822864.85621511,50461376.891273916,0.003125342395107027,-195021.3654546785,69.75235748291016,2024-04-16,0,0,0,1,0,0,0,0,0,0,0,0.10569225473638134,1
70.17203216552734,71.75943222045899,71.60085601806641,67.80152778625488,70.47829817734393,71.09556601155067,70.81876419299246,68.8531884297833,49.557083285244666,16.142967266556187,12.678822817733845,0.7731518140437998,1.3987198061471493,-0.6255679921033495,24.735171793464055,-104.56599231200006,-86.25172909941675,40.386655918846095,-4.695807628269177,1.5039670234417948,2.1421301760564133,0.7286109328479142,71.3778804768354,70.17203216552734,68.96618385421928,-3.459320068359375,2.670521913876265,1.8790111052684182,78.57142857142857,21.42857142857143,-57.142857142857146,0.06666056315103273,0.006545853955245207,1.010469011814486,1.0006922655984245,0.1338841349463952,0.05291433102944264,0.9031769450181961,0.10215844615892648,1.0,0.517963350256175,2.541604916315925,2.5226093402520386,13864330.007725136,17623110.25124133,-3710353.366562973,-16866796.37882485,4757228.500698783,2372916.970707836,-2954039.49414649,2372916.970707836,9693921.310106562,11376043.124275802,94891041.06992644,94891041.06992644,10388943.848139191,9693921.310106562,9693921.310106562,9693921.310106562,9693921.310106562,9693921.310106562,9693921.310106562,9693921.310106562,0.03617772572387697,0.035892861741799204,3842815.118229137,3822874.6394836926,3818601.6797525263,3818601.6797525263,31329340.748913303,31329340.748913303,183200299.833946,110794997.18932842,72405302.64461756,72080557.70504889,72080557.70504889,119651418.39212634,134913006.23194295,-52927727.87004993,-52927727.87004993,65394800.0456836,50133212.20586699,0.003105017404647709,-193753.086050017,70.20894622802734,2024-04-17,0,0,0,1,0,0,0,0,0,0,0,1.2642099741731174,1
70.03213958740234,71.43981552124023,71.81204566955566,67.91846580505371,70.52776081695976,71.01031511784899,70.80047104091616,68.92273735787774,51.50017697278586,36.62522606324298,21.006606840645535,0.6741224512011428,1.253800335157948,-0.5796778839568053,22.97790045800858,-68.14916365868936,-79.75523979628198,40.94630044825009,-4.329508896602963,1.443727249494593,2.0441667722145143,0.6606101881809678,70.72175546875668,70.03213958740234,69.342523706048,-3.1961669921875,1.8563474774654154,1.3090052971473085,71.42857142857143,14.285714285714286,-57.142857142857146,-0.10345825495587002,0.005949952115892998,1.0080142901706266,0.9991752998044732,0.1338841349463952,0.05291433102944264,0.9031769450181961,0.10215844615892648,1.0,0.517963350256175,2.541604916315925,2.5226093402520386,13782325.82899697,17518873.79106015,-3688407.51844433,-16767033.33336574,4729090.637851847,2358881.7373237056,-2936567.0607499196,2358881.7373237056,9636584.096173555,11308756.564228354,94329783.37573825,94329783.37573825,10327495.742991306,9636584.096173555,9636584.096173555,9636584.096173555,9636584.096173555,9636584.096173555,9636584.096173555,9636584.096173555,0.03596374317408291,0.03568056409397202,3820085.790695893,3800263.255088131,3796015.5688864677,3796015.5688864677,31144035.230595578,31144035.230595578,182116714.1055144,110139671.4183292,71977042.68718523,71654218.53585881,71654218.53585881,118943709.01897673,134115028.23591761,-52614673.08460318,-52614673.08460318,65008005.525656246,49836686.308715366,0.0030866519732086904,-192607.0831282223,70.6266860961914,2024-04-18,0,0,0,1,0,0,0,0,0,0,0,1.4539847497850586,1
70.45181884765626,71.28923645019532,72.04626502990723,68.08673980712891,70.95580376078567,71.15605594159236,70.89679662258486,69.0360374477036,56.60735899242503,63.20372986921843,38.65730773300581,0.6833991887406228,1.139720105874483,-0.45632091713386025,22.179341861665275,-25.892672846112436,-61.32352478415361,44.92307788145645,-2.053789349415369,1.4433032133524624,2.0098387891173757,1.4377907435047632,71.94306906828734,70.45181884765626,68.96056862702517,-1.5057907104492188,1.334795545069791,0.9440390758025359,64.28571428571429,7.142857142857143,-57.142857142857146,0.5034463889210442,0.016781242583460365,1.0199367094914886,1.0099739814617914,0.1338841349463952,0.05291433102944264,0.9031769450181961,0.10215844615892648,1.0,0.517963350256175,2.541604916315925,2.5226093402520386,13554858.460978815,17229737.388297807,-3627533.0070731263,-16490305.516222633,4651040.40062351,2319950.092047535,-2888101.134997952,2319950.092047535,9477539.211569943,11122113.67658083,92772938.19471242,92772938.19471242,10157047.85893864,9477539.211569943,9477539.211569943,9477539.211569943,9477539.211569943,9477539.211569943,9477539.211569943,9477539.211569943,0.03537018747779555,0.035091682064584566,3757038.024216236,3737542.6452914667,3733365.064093302,3733365.064093302,30630025.344944526,30630025.344944526,179111008.81718493,108321895.4142819,70789113.40290302,70471617.2318425,70471617.2318425,116980628.71101154,131901556.22379024,-51746305.77460168,-51746305.77460168,63935095.183780596,49014167.67100188,0.0030357090039997755,-189428.241849586,71.8118896484375,2024-04-19,0,0,0,1,0,0,0,0,0,0,0,1.317350662861242,1
70.9919647216797,71.19791793823242,72.29131927490235,68.26611030578613,71.49051722480112,71.41130834363594,71.05519162546554,69.17422986751257,59.50576588082802,81.96478552990597,60.597913820789074,0.742553126607973,1.060286710021181,-0.317733583413208,22.12839616348726,27.369092088749547,-48.21165979288392,47.43813378989595,-1.2428831175034571,1.4408276258210087,1.9857066355870021,1.408644987912112,73.07311996318974,70.9919647216797,68.91080948016965,-0.9131851196289062,0.808729850544012,0.5741177094288474,57.142857142857146,0.0,-57.142857142857146,0.33103749460679577,0.010416861442537062,1.019618412615308,1.0064681762950463,0.1338841349463952,0.05291433102944264,0.9031769450181961,0.10215844615892648,1.0,0.517963350256175,2.541604916315925,2.5226093402520386,13415115.066099565,17052107.942557007,-3590135.067514831,-16320299.220541509,4603090.643186002,2296032.638187988,-2858326.345499332,2296032.638187988,9379830.81362992,11007450.58896006,91816498.45219696,91816498.45219696,10052334.087574286,9379830.81362992,9379830.81362992,9379830.81362992,9379830.81362992,9379830.81362992,9379830.81362992,9379830.81362992,0.03500553962183367,0.03472990545158301,3718304.9566813875,3699010.564763841,3694876.0522100814,3694876.0522100814,30314246.044167455,30314246.044167455,177264469.40075245,107205154.17729124,70059315.22346121,69745092.26937546,69745092.26937546,115774620.53038423,130541721.20156327,-51212828.83257241,-51212828.83257241,63275958.29359249,48508857.62241345,0.0030044124557321813,-187475.3372376881,72.55994415283203,2024-04-22,0,0,0,1,0,0,0,0,0,0,0,-0.023489636853789207,0
71.61759643554687,71.13865661621094,72.55674896240234,68.47449981689454,71.95385016728278,71.67843701792869,71.22903204706368,69.31957442377663,60.71672058126213,87.84336545665737,77.6706269519272,0.8060093476640446,1.0094312375497538,-0.2034218898857092,22.081089443750532,46.23802651578938,-30.372405598022397,55.84797880820113,-0.8065713630043603,1.394118323752838,1.912882069541648,0.7868973968666211,73.71272101205874,71.61759643554687,69.52247185903501,-0.5926132202148438,0.37572067040351825,0.2677385379106596,50.0,0.0,-50.0,0.555553462436903,0.004418028475033697,1.0108856003054627,1.0060345574639102,0.1338841349463952,0.05291433102944264,0.9031769450181961,0.10215844615892648,1.0,0.517963350256175,2.541604916315925,2.5226093402520386,13356107.403276283,16977102.619759344,-3574343.5160812326,-16248512.828189617,4582843.510061925,2285933.3196895714,-2845753.724511507,2285933.3196895714,9338572.733377684,10959033.267923532,91412634.82854658,91412634.82854658,10008117.93754472,9338572.733377684,9338572.733377684,9338572.733377684,9338572.733377684,9338572.733377684,9338572.733377684,9338572.733377684,0.0348515644178362,0.034577142650766626,3701949.6377685852,3682740.114073715,3678623.7875676714,3678623.7875676714,30180905.94231201,30180905.94231201,176484754.72895062,106733602.08404104,69751152.64490958,69438311.83045027,69438311.83045027,115265374.82223417,129967520.99298672,-50987564.321527295,-50987564.321527295,62997632.9573273,48295486.78657475,0.0029911972610583825,-186650.70909004306,72.8805160522461,2024-04-23,0,0,0,1,0,0,0,0,0,0,0,-1.3214419746676165,0
72.31317596435547,71.2426040649414,72.50695533752442,68.67157752990722,72.53151473554529,72.0436019004999,71.46310936373098,69.49083989233716,63.66037000376288,89.57228957924025,86.46014685526781,0.9108629156265522,0.9897175731651136,-0.07885465753856136,22.471995115899322,66.2982164791867,-9.839564718117158,64.55731460167019,1.430849452785088,1.4555267274426311,1.9752871081975092,2.2538359754099417,74.3849421443681,72.31317596435547,70.24140978434284,1.0394744873046875,-0.02413416874000632,-0.017271090776503684,42.85714285714286,0.0,-42.85714285714286,0.7068963816276226,0.011063695257676143,1.0314875092998779,1.0220994395617986,0.1338841349463952,0.05291433102944264,0.9031769450181961,0.10215844615892648,1.0,0.517963350256175,2.541604916315925,2.5226093402520386,13209956.470519291,16791328.478501663,-3535230.799846184,-16070711.37496296,4532695.152202017,2260919.1986732217,-2814613.69630748,2260919.1986732217,9236384.19337932,10839112.628933385,90412340.24850382,90412340.24850382,9898602.812549893,9236384.19337932,9236384.19337932,9236384.19337932,9236384.19337932,9236384.19337932,9236384.19337932,9236384.19337932,0.034470196666446476,0.03419877779505713,3661440.575042228,3642441.254044974,3638369.970974134,3638369.970974134,29850647.47539987,29850647.47539987,174553547.4735569,105565655.83817081,68987891.63538608,68678474.12200223,68678474.12200223,114004068.54966545,128545334.58434947,-50429626.30413981,-50429626.30413981,62308273.21049437,47767007.17581036,0.0029584656981438313,-184608.25956417507,73.68684387207031,2024-04-24,0,0,0,1,0,0,0,0,0,0,0,-2.613435805663989,0
72.86886138916016,71.45050048828125,72.50442504882812,68.87693321228028,72.82271423043514,72.29114941317533,71.64806211196753,69.6443408071559,61.91463309903653,84.86436312226604,87.42667271938785,0.9601587027354839,0.9838057990791876,-0.023647096343703766,23.289630626224262,97.40428058748847,-24.187811322718712,60.813207009665526,2.914729398586635,1.472995676206552,2.006666309181453,1.7000920101375243,74.18625770596573,72.86886138916016,71.55146507235459,2.0789642333984375,-0.372327652698736,-0.2673581930307307,35.714285714285715,100.0,64.28571428571429,-0.24571446010044232,-0.003823350778119794,1.0232867593408812,0.9943413565302811,0.1338841349463952,0.05291433102944264,0.9031769450181961,0.10215844615892648,1.0,0.517963350256175,2.541604916315925,2.5226093402520386,13260656.612296293,16855774.015198484,-3548799.103660555,-16132391.165277656,4550091.749031192,2269596.6628401093,-2825416.253739728,2269596.6628401093,9271833.665840207,10880713.413027583,90759345.06106469,90759345.06106469,9936593.89655615,9271833.665840207,9271833.665840207,9271833.665840207,9271833.665840207,9271833.665840207,9271833.665840207,9271833.665840207,0.034602494139339,0.03433003355556468,3675493.275115615,3656421.034251413,3652334.1254947977,3652334.1254947977,29965215.003500026,29965215.003500026,175223488.33402362,105970819.45318513,69252668.88083851,68942063.81533578,68942063.81533578,114441619.00272882,129038694.77843817,-50623176.465269186,-50623176.465269186,62547413.91415242,47950338.138443075,0.002969820363140119,-185316.79065994342,73.40511322021484,2024-04-25,0,0,0,1,0,0,0,0,0,0,0,-1.5606741462091358,0
73.22053833007813,71.83617858886718,72.47247352600098,69.09254821777344,73.07190093796588,72.52371758405752,71.83112994444942,69.79829898542536,62.562777379078526,75.79935169668526,83.41200146606383,1.0010140257063114,0.9872474444046124,0.013766581301698944,24.048863600097423,87.17389482146967,-21.1190439830966,60.622086270165774,5.5323307163118285,1.4302341679185067,1.9440381057375438,0.8743345601739207,74.08115385433673,73.22053833007813,72.35992280581952,3.856781005859375,-0.6466414824449245,-0.4661179566994633,28.571428571428573,92.85714285714286,64.28571428571429,0.4000000000000065,0.002249994933146038,1.0119760679654675,1.0047764441718545,0.1338841349463952,0.05291433102944264,0.9031769450181961,0.10215844615892648,1.0,0.517963350256175,2.541604916315925,2.5226093402520386,13230887.183173126,16817933.749476176,-3540832.249041092,-16096174.853414439,4539877.048674568,2264501.545835877,-2819073.3529793574,2264501.545835877,9251018.920143444,10856286.822683763,90555595.43017875,90555595.43017875,9914286.801487047,9251018.920143444,9251018.920143444,9251018.920143444,9251018.920143444,9251018.920143444,9251018.920143444,9251018.920143444,0.03452481348393234,0.03425296455886201,3667241.999198797,3648212.574443874,3644134.840567819,3644134.840567819,29897944.779235266,29897944.779235266,174830121.44660744,105732920.91685547,69097200.52975199,68787292.7551718,68787292.7551718,114184703.99729213,128749010.15793525,-50509530.27806794,-50509530.27806794,62406998.483771086,47842692.32312797,0.0029631532832666337,-184900.76487583795,73.57027435302734,2024-04-26,0,0,0,1,0,0,0,0,0,0,0,-1.3964529514301718,0
73.53140869140626,72.26168670654297,72.47690124511719,69.30822288513184,73.4193659451348,72.81291365231482,72.04857432683258,69.96755376872133,64.69412138335558,70.86205792210002,77.17525758035042,1.0650133496226033,1.0028006254482107,0.06221272417439261,24.90891409579783,107.4037760107025,-11.010880461335033,61.95357459441819,6.090937594979429,1.3710965917957327,1.8499758704386515,0.6023081021996717,74.33392472293053,73.53140869140626,72.72889265988198,4.2550811767578125,-0.6945181853987348,-0.5024952032627112,21.42857142857143,85.71428571428572,64.28571428571429,0.7069006340269949,0.007394584446359653,1.0076547691269795,1.0054033167758305,0.1338841349463952,0.05291433102944264,0.9031769450181961,0.10215844615892648,1.0,0.517963350256175,2.541604916315925,2.5226093402520386,13133768.423466867,16694484.970572792,-3514841.457071213,-15978024.005618928,4506552.96223334,2247879.411700822,-2798380.49211735,2247879.411700822,9183113.611065904,10776598.356095117,89890889.65566157,89890889.65566157,9841512.90324407,9183113.611065904,9183113.611065904,9183113.611065904,9183113.611065904,9183113.611065904,9183113.611065904,9183113.611065904,0.034271390790636784,0.034001537319844365,3640323.3209896865,3621433.5780342175,3617385.775972331,3617385.775972331,29678484.717749868,29678484.717749868,173546814.86866435,104956808.93000212,68590005.93866223,68282372.98195888,68282372.98195888,113346553.33693832,127803953.034642,-50138774.873230815,-50138774.873230815,61948912.022460885,47491512.32475722,0.00294140283163733,-183543.5366941694,74.11429595947266,2024-04-29,0,0,0,1,0,0,0,0,0,0,0,-1.4081907421310151,0
73.73347625732421,72.67553634643555,72.39045028686523,69.50783493041992,73.57652859070184,73.00890278495503,72.22402952254718,70.12140867511798,63.105035246132026,72.87784835528821,73.17975265802447,1.0851939265589579,1.01927928567036,0.06591464088859778,25.15609779507099,87.98308057738706,-15.16253368913958,61.3158304011647,5.93312763649565,1.3571247853701596,1.8366613918691927,1.1754913018377096,74.22859086006116,73.73347625732421,73.23836165458727,4.138496398925781,-0.5428664670169421,-0.394073926485504,14.285714285714286,78.57142857142857,64.28571428571429,-0.008266234544156096,-0.0030148310085668095,1.0160775850402237,0.9998685140492889,0.1338841349463952,0.05291433102944264,0.9031769450181961,0.10215844615892648,1.0,0.517963350256175,2.541604916315925,2.5226093402520386,13173484.252281513,16744968.219999913,-3525470.1538106985,-16026340.714559037,4520180.542697786,2254676.881477399,-2806842.648369823,2254676.881477399,9210882.866347644,10809186.225906353,90162715.00467423,90162715.00467423,9871273.123550985,9210882.866347644,9210882.866347644,9210882.866347644,9210882.866347644,9210882.866347644,9210882.866347644,9210882.866347644,0.034375025683989154,0.03410435619041444,3651331.4683229425,3632384.603772712,3628324.5613690913,3628324.5613690913,29768230.90334746,29768230.90334746,174071611.3603046,105274192.83095072,68797418.52935389,68488855.3066787,68488855.3066787,113689307.3861887,128190425.5044542,-50290391.90618256,-50290391.90618256,62136242.29248008,47635124.17421458,0.0029502974799644234,-184098.56274978002,73.89085388183594,2024-04-30,0,0,0,1,0,0,0,0,0,0,0,0.23898758309480347,1
73.48089294433593,72.8970344543457,72.32823333740234,69.64120193481445,73.19232816284419,72.90254360716845,72.24306740679306,70.21170352343213,53.76753099006183,57.60034407338221,67.11341678359011,0.9716182537939062,1.0097470792950693,-0.038128825501163144,24.216471471308864,30.999476248364605,-42.41868218743792,57.10362432239088,3.154841652098961,1.4003575912759598,1.9335565514659938,1.9623840680513638,74.64714345289988,73.48089294433593,72.31464243577199,2.2149810791015625,-0.5042235180104936,-0.36696345989520296,7.142857142857143,71.42857142857143,64.28571428571429,-0.6589608121576721,-0.019852613654362417,1.0233656902505015,0.9849385737498033,0.1338841349463952,0.05291433102944264,0.9031769450181961,0.10215844615892648,1.0,0.517963350256175,2.541604916315925,2.5226093402520386,13440309.52466983,17084132.91028763,-3596877.5746625136,-16350949.80389769,4611735.546784182,2300344.7368091163,-2863694.4682725733,2300344.7368091163,9397446.74593208,11028123.297055468,91988935.80774125,91988935.80774125,10071213.024762373,9397446.74593208,9397446.74593208,9397446.74593208,9397446.74593208,9397446.74593208,9397446.74593208,9397446.74593208,0.03507128230189169,0.034795130472742936,3725288.1752166837,3705957.547176271,3701815.2697390397,3701815.2697390397,30371178.169779904,30371178.169779904,177597383.60300055,107406492.42911616,70190891.1738844,69876078.08865483,69876078.08865483,115992052.7973509,130786887.04399537,-51309009.85583839,-51309009.85583839,63394794.65853358,48599960.41188911,0.0030100549377214125,-187827.42811381613,72.4239273071289,2024-05-01,0,0,0,1,0,0,0,0,0,0,0,2.7146193373489598,1
73.39928894042968,73.13407516479492,72.28694534301758,69.79627334594727,73.12724984212399,72.91973444235302,72.31487938716359,70.32093449116749,56.477341139272085,45.67084137201838,58.716344600229554,0.917284527280998,0.991254568892255,-0.07397004161125709,23.343961313529746,38.81197388268125,-31.941955669480873,57.236378952790524,3.356248516692073,1.3919288222373734,1.9068277395795512,1.282354824735748,74.63061306315628,73.39928894042968,72.1679648177031,2.3704071044921875,-0.043647094289330515,-0.031737156403380595,0.0,64.28571428571429,64.28571428571429,0.20454295870300934,0.007914040495540231,1.0177395461612693,1.003606205865656,0.1338841349463952,0.05291433102944264,0.9031769450181961,0.10215844615892648,1.0,0.517963350256175,2.541604916315925,2.5226093402520386,13334777.555099748,16949990.003004845,-3568635.250774075,-16222563.77722326,4575524.6593418075,2282282.659420195,-2841209.024992488,2282282.659420195,9323658.931580942,10941531.5731027,91266647.86067961,91266647.86067961,9992134.864805404,9323658.931580942,9323658.931580942,9323658.931580942,9323658.931580942,9323658.931580942,9323658.931580942,9323658.931580942,0.034795906092000575,0.03452192257946514,3696037.584103053,3676858.7382255727,3672748.985537541,3672748.985537541,30132706.708647426,30132706.708647426,176202906.66422796,106563147.3655331,69639759.29869485,69327418.09440446,69327418.09440446,115081294.77025986,129759961.45434593,-50906136.629084304,-50906136.629084304,62897025.05519773,48218358.37111166,0.00298642028663627,-186352.62588610323,72.9970932006836,2024-05-02,0,0,0,1,0,0,0,0,0,0,0,2.9121931463360466,1
73.34488525390626,73.28271179199218,72.28597412109374,69.95234420776367,73.18425186821938,72.9885565292725,72.40853429509183,70.43769219427504,57.874489448392595,40.3747639829595,47.88198314278665,0.888286359908264,0.9706609270954568,-0.08237456718719283,22.83827177456967,56.402583596833196,-27.56653081504885,50.461339927648105,2.069805263793101,1.3716116213981588,1.8712745674160425,1.1074880104883675,74.56517103134699,73.34488525390626,72.12459947646552,1.4863662719726562,0.31876083831264224,0.23176159002841246,0.0,57.142857142857146,57.142857142857146,0.12280654789789723,0.004125680989770508,1.0151979650337566,1.001858974826543,0.1338841349463952,0.05291433102944264,0.9031769450181961,0.10215844615892648,1.0,0.517963350256175,2.541604916315925,2.5226093402520386,13279988.558758508,16880347.07597278,-3553972.6931955945,-16155909.647916403,4556725.065364025,2272905.3769151093,-2829535.265139218,2272905.3769151093,9285350.537385495,10896575.777563613,90891657.87565331,90891657.87565331,9951079.88370153,9285350.537385495,9285350.537385495,9285350.537385495,9285350.537385495,9285350.537385495,9285350.537385495,9285350.537385495,0.034652939119834206,0.03438008133148905,3680851.5647760895,3661751.519591929,3657658.6527667516,3657658.6527667516,30008899.562199727,30008899.562199727,175478936.5515919,106125308.1989631,69353628.35262881,69042570.47391534,69042570.47391534,114608456.83861385,129226812.84920533,-50696977.07452909,-50696977.07452909,62638598.181454636,48020242.17086316,0.002974149892962148,-185586.95332083805,73.29825592041016,2024-05-03,0,0,0,1,0,0,0,0,0,0,0,2.676003546868132,1
73.24190979003906,73.38665924072265,72.29228858947754,70.10883453369141,73.32264079219182,73.09962236761145,72.52195185176276,70.56168146666178,59.28214583870772,58.02469892597558,48.02343476031777,0.8794684530285082,0.9524224322820671,-0.07295397925355895,22.33787127010049,53.78774812583299,-21.672919486520108,55.44259407262294,1.4325734390247868,1.3409486876551462,1.8219555431703818,0.942330548995983,74.25429169558954,73.24190979003906,72.22952788448858,1.0394744873046875,0.691967016111717,0.5029464623867028,7.142857142857143,50.0,42.85714285714286,0.24742997821282622,0.00410872968183007,1.0129366970909703,1.0031780389808334,0.1338841349463952,0.05291433102944264,0.9031769450181961,0.10215844615892648,1.0,0.517963350256175,2.541604916315925,2.5226093402520386,13225647.946479375,16811274.095108826,-3539430.131557301,-16089801.004952615,4538079.324146406,2263604.836535303,-2817957.0414010915,2263604.836535303,9247355.652736658,10851987.8928016,90519736.74649157,90519736.74649157,9910360.889756141,9247355.652736658,9247355.652736658,9247355.652736658,9247355.652736658,9247355.652736658,9247355.652736658,9247355.652736658,0.03451114216566428,0.03423940088876929,3665789.8253134736,3646767.935930824,3642691.8167773993,3642691.8167773993,29886105.632911477,29886105.632911477,174760891.2903243,105691052.2355391,69069839.05478519,68760053.9991249,68760053.9991249,114139488.53420447,128698027.4438538,-50489529.24708995,-50489529.24708995,62382286.23039938,47823747.32075006,0.0029619799181554384,-184827.54689289935,73.59941864013672,2024-05-06,0,0,0,1,0,0,0,0,0,0,0,3.6500721532881863,1
73.26522827148438,73.4993522644043,72.31900444030762,70.2773501586914,73.55090929114871,73.26468126242072,72.66342751245797,70.69680949891278,61.175078359127745,71.01957763042333,56.47301351311942,0.8950866181734654,0.9409552694603468,-0.045868651286881446,22.338893702560288,97.17366314279548,-15.893830627097591,54.38804461297882,1.5462709347564774,1.3020681852670364,1.7593745637180132,0.7966216542216102,74.3397869129858,73.26522827148438,72.19066962998295,1.1269302368164062,0.9446696798203499,0.6866131806984868,0.0,42.85714285714286,42.85714285714286,-0.07316778161315102,0.005543897716377755,1.010823649309694,0.9992130435430894,0.1338841349463952,0.05291433102944264,0.9031769450181961,0.10215844615892648,1.0,0.517963350256175,2.541604916315925,2.5226093402520386,13152730.553599145,16718587.953532178,-3519916.0768569726,-16001092.584314883,4513059.384530629,2251124.8307269546,-2802420.707639678,2251124.8307269546,9196371.9075196,10792157.276720399,90020671.35215557,90020671.35215557,9855721.776307216,9196371.9075196,9196371.9075196,9196371.9075196,9196371.9075196,9196371.9075196,9196371.9075196,9196371.9075196,0.03432087076858622,0.03405062769166822,3645579.1076238435,3626662.0922395834,3622608.4460858135,3622608.4460858135,29721333.59944183,29721333.59944183,173797376.4121207,105108342.3364876,68689034.0756331,68380956.96794657,68380956.96794657,113510199.59786828,127988472.44375022,-50211163.69136473,-50211163.69136473,62038351.95268107,47560079.106799126,0.002945649538406219,-183808.53119654808,74.0074462890625,2024-05-07,0,0,0,1,0,0,0,0,0,0,0,4.0822019598561035,1
73.46146545410156,73.47117919921875,72.35689163208008,70.43459197998047,73.50231060083742,73.29021434565601,72.73406424653005,70.80301748798345,56.96500026989305,67.45300734565573,65.49909463401816,0.8490732934282619,0.9225788742539298,-0.07350558082566794,22.52441001480207,72.16207422996007,-32.134440206412364,47.19944016630461,-0.3823350778119794,1.3013536216570103,1.7728378372674916,1.2920642947266714,74.13233394767349,73.46146545410156,72.79059696052963,-0.28173065185546875,1.1601290118793701,0.8422270065698854,0.0,35.714285714285715,35.714285714285715,-0.5789531048329264,-0.008138817092742667,1.0176134838304025,0.989912167509635,0.1338841349463952,0.05291433102944264,0.9031769450181961,0.10215844615892648,1.0,0.517963350256175,2.541604916315925,2.5226093402520386,13260656.612296293,16855774.015198484,-3548799.103660555,-16132391.165277656,4550091.749031192,2269596.6628401093,-2825416.253739728,2269596.6628401093,9271833.665840207,10880713.413027583,90759345.06106469,90759345.06106469,9936593.89655615,9271833.665840207,9271833.665840207,9271833.665840207,9271833.665840207,9271833.665840207,9271833.665840207,9271833.665840207,0.034602494139339,0.03433003355556468,3675493.275115615,3656421.034251413,3652334.1254947977,3652334.1254947977,29965215.003500026,29965215.003500026,175223488.33402362,105970819.45318513,69252668.88083851,68942063.81533578,68942063.81533578,114441619.00272882,129038694.77843817,-50623176.465269186,-50623176.465269186,62547413.91415242,47950338.138443075,0.002969820363140119,-185316.79065994342,73.40511322021484,2024-05-08,0,0,0,1,0,0,0,0,0,0,0,1.5679704158094154,1
73.50032653808594,73.4498077392578,72.45015411376953,70.58968490600586,73.39867327409344,73.27224785019227,72.7776199012039,70.89667949318432,55.505402992020414,58.53561987840789,65.66940161816227,0.7862984607567256,0.895322791554489,-0.10902433079776341,21.296554144022814,-55.88882150043417,-48.446953526224924,48.247820837854945,-0.2911440228533291,1.3208137190187568,1.8046023766608417,1.5737949847214594,74.07466041669251,73.50032653808594,72.92599265947938,-0.213714599609375,1.2213870946050274,0.8864749517196344,0.0,28.571428571428573,28.571428571428573,-0.18518762715696324,-0.0029114402285332908,1.0218445932738702,0.9960338041488817,0.1338841349463952,0.05291433102944264,0.9031769450181961,0.10215844615892648,1.0,0.517963350256175,2.541604916315925,2.5226093402520386,13299376.95337277,16904991.888646115,-3559161.3893092326,-16179496.803147767,4563377.75059226,2276223.752241528,-2833666.3038108824,2276223.752241528,9298906.877404466,10912484.459275562,91024357.03591542,91024357.03591542,9965608.169081414,9298906.877404466,9298906.877404466,9298906.877404466,9298906.877404466,9298906.877404466,9298906.877404466,9298906.877404466,0.03470353139671958,0.034430275243989505,3686225.5003287178,3667097.5696376124,3662998.727346661,3662998.727346661,30052711.677253697,30052711.677253697,175735130.66300246,106280248.04283553,69454882.62016693,69143370.60605463,69143370.60605463,114775781.83121358,129415480.21372737,-50770993.177248016,-50770993.177248016,62730048.70147976,48090350.31896597,0.002978492064757822,-185857.9048408881,73.19139862060547,2024-05-09,0,0,0,1,0,0,0,0,0,0,0,2.6656713931733704,1
73.63633575439454,73.4906105041504,72.66339454650878,70.73868118286133,73.59188285004667,73.40062133233062,72.89197057746574,71.01752743470466,59.609143635894476,55.20301943435039,60.397215552804624,0.7909281526371785,0.8744438637710269,-0.08351571113384837,20.501726198574595,54.14981521253071,-23.2915650563771,54.781068858886584,0.5546093887972559,1.293085678559486,1.747925599218737,0.9326211525889647,74.27349176673059,73.63633575439454,72.99917974205849,0.40802764892578125,1.2465111055444602,0.9047843248416285,14.285714285714286,21.42857142857143,7.142857142857143,0.8437562088230942,0.010751309527867292,1.01275746291658,1.010751330333964,0.1338841349463952,0.05291433102944264,0.9031769450181961,0.10215844615892648,1.0,0.517963350256175,2.541604916315925,2.5226093402520386,13157912.166925661,16725174.362170866,-3521302.7732526553,-16007396.330463702,4514837.336915113,2252011.6776349037,-2803524.7415454923,2252011.6776349037,9199994.88474379,10796408.925132038,90056135.6466942,90056135.6466942,9859604.509180853,9199994.88474379,9199994.88474379,9199994.88474379,9199994.88474379,9199994.88474379,9199994.88474379,9199994.88474379,0.03433439172384547,0.03406404218271283,3647015.3098793337,3628090.8420000486,3624035.598883059,3624035.598883059,29733042.53376791,29733042.53376791,173865845.14551872,105149750.52812958,68716094.61738914,68407896.14049794,68407896.14049794,113554917.7619434,128038894.42812467,-50230944.74244479,-50230944.74244479,62062792.41011484,47578815.74393357,0.002946809998345792,-183880.94389677743,73.97830200195312,2024-05-10,0,0,0,1,0,0,0,0,0,0,0,2.524770834459171,1
73.6324478149414,73.43717880249024,72.8494327545166,70.8999998474121,73.58791488098815,73.43323180697433,72.95749518369482,71.11801572914256,56.75562784175402,59.07966683410223,57.60610204895346,0.7537669190254377,0.8503084748219091,-0.09654155579647139,20.185377583575413,76.60698313123325,-36.0249850990593,49.988386716051316,-0.7209365071669027,1.2763594364610344,1.7346558871021482,1.0589182891811646,74.27069376539703,73.6324478149414,72.99420186448577,-0.5343170166015625,1.2525142154589881,0.9092680613199917,7.142857142857143,14.285714285714286,7.142857142857143,-0.486235642441669,-0.00538432281226886,1.01440470455479,0.9930510187147746,0.1338841349463952,0.05291433102944264,0.9031769450181961,0.10215844615892648,1.0,0.517963350256175,2.541604916315925,2.5226093402520386,13229142.138729973,16815715.60329833,-3540365.242592108,-16094051.901257481,4539278.276490456,2264202.876836258,-2818701.5405512596,2264202.876836258,9249798.787363488,10854854.96836206,90543651.89710994,90543651.89710994,9912979.18916663,9249798.787363488,9249798.787363488,9249798.787363488,9249798.787363488,9249798.787363488,9249798.787363488,9249798.787363488,0.03452025994696335,0.03424844687651482,3666758.3203506744,3647731.405419277,3643654.2093625492,3643654.2093625492,29894001.487929367,29894001.487929367,174807062.80150658,105718975.62025139,69088087.1812552,68778220.28094387,68778220.28094387,114169643.9804962,128732029.22977622,-50502868.48933694,-50502868.48933694,62398767.51751687,47836382.26823685,0.002962762467888981,-184876.3779962724,73.5799789428711,2024-05-13,0,0,0,1,0,0,0,0,0,0,0,3.4251200841950276,1
73.32545928955078,73.29534378051758,72.98544006347656,71.02622268676758,73.21611114136189,73.25855396245343,72.9113055149724,71.1711329029844,49.640441053019856,49.87563227013151,54.719439512861335,0.6277164495648577,0.8057900697704988,-0.1780736202056411,18.830413396480463,-99.20728500750712,-80.4193930831848,43.29460030533254,-1.9195206784248908,1.323280414420502,1.8259068578478674,1.933253127893579,74.32258883984098,73.32545928955078,72.32832973926058,-1.4183502197265625,1.1801389873674384,0.8562727708082889,0.0,7.142857142857143,7.142857142857143,-0.688441690883853,-0.015051312825484553,1.026779781436474,0.9819665298858955,0.1338841349463952,0.05291433102944264,0.9031769450181961,0.10215844615892648,1.0,0.517963350256175,2.541604916315925,2.5226093402520386,13431300.849468518,17072681.879029587,-3594466.685110488,-16339990.205404377,4608644.425439167,2298802.878078339,-2861775.011485279,2298802.878078339,9391147.892077537,11020731.44490498,91927278.11724797,91927278.11724797,10064462.563632237,9391147.892077537,9391147.892077537,9391147.892077537,9391147.892077537,9391147.892077537,9391147.892077537,9391147.892077537,0.03504777497190265,0.03477180823984043,3722791.215519423,3703473.5442750673,3699334.043294134,3699334.043294134,30350821.19220357,30350821.19220357,177478344.8901982,107334500.76828201,70143844.12191619,69829242.04736525,69829242.04736525,115914306.46809661,130699224.13833034,-51274618.817161515,-51274618.817161515,63352302.84586482,48567385.175631076,0.003008037379478259,-187701.53247944335,72.47250366210938,2024-05-14,0,0,0,1,0,0,0,0,0,0,0,4.681951457377718,1
73.14476623535157,73.30311584472656,73.10007514953614,71.14491287231445,72.97795674398084,73.12093468731986,72.87229050871015,71.22330996362103,49.818729460209624,31.149844060216026,46.70171438814989,0.524130395830241,0.7494581349824473,-0.22532773915220627,17.57223236560658,-131.5356989545908,-78.92834421273702,40.92063275902703,0.10731348737862412,1.2856614121544432,1.7732857783521554,0.7966143826956795,74.32862590665816,73.14476623535157,71.96090656404498,0.07772064208984375,1.0469587961527316,0.7592501028990171,28.571428571428573,0.0,-28.571428571428573,-0.18292875817602003,0.00040214268359295424,1.0110318804604363,0.9979940956361658,0.1338841349463952,0.05291433102944264,0.9031769450181961,0.10215844615892648,1.0,0.517963350256175,2.541604916315925,2.5226093402520386,13425901.721320653,17065818.984785333,-3593021.7776906,-16333421.83931366,4606791.837806758,2297878.802929958,-2860624.6322189267,2297878.802929958,9387372.828776285,11016301.319928914,91890325.09531792,91890325.09531792,10060416.840605892,9387372.828776285,9387372.828776285,9387372.828776285,9387372.828776285,9387372.828776285,9387372.828776285,9387372.828776285,0.03503368643122504,0.034757830632553985,3721294.7240726445,3701984.81816567,3697846.981185604,3697846.981185604,30338620.737843547,30338620.737843547,177407001.9623409,107291354.33512338,70115647.62721753,69801172.01673251,69801172.01673251,115867711.11580673,130646685.52960895,-51254007.39308357,-51254007.39308357,63326836.421922654,48547862.00812044,0.0030068282055145906,-187626.08002411044,72.50164794921875,2024-05-15,0,0,0,1,0,0,0,0,0,0,0,3.089760890739451,1
72.97767333984375,73.23899993896484,73.18653755187988,71.27208938598633,72.77061587700936,72.98184367927378,72.82311371198217,71.26772659810909,48.88683852119985,13.811261919490013,31.612246083279146,0.42537634189118023,0.6846417763641939,-0.25926543447301365,16.487075050709667,-95.43410729820062,-84.28519747855172,36.76935246171739,-0.878335053499335,1.2611383180383426,1.7429645998968735,0.9423380945290347,74.3140523170825,72.97767333984375,71.641294362605,-0.6411590576171875,0.8861724238696898,0.6425491724258734,21.42857142857143,57.142857142857146,35.714285714285715,-0.5257668711656415,-0.0020097999186777793,1.013025395525755,0.9931991662706483,0.1338841349463952,0.05291433102944264,0.9031769450181961,0.10215844615892648,1.0,0.517963350256175,2.541604916315925,2.5226093402520386,13452939.43790894,17100186.939104922,-3600257.575072199,-16366314.857583487,4616069.213336332,2302506.380065368,-2866385.4935507644,2302506.380065368,9406277.5646608,11038486.469136912,92075378.18290213,92075378.18290213,10080676.984389335,9406277.5646608,9406277.5646608,9406277.5646608,9406277.5646608,9406277.5646608,9406277.5646608,9406277.5646608,0.03510423892776732,0.03482782759762742,3728788.843587253,3709440.0504774596,3705293.8805253613,3705293.8805253613,30399718.088786215,30399718.088786215,177764272.58292186,107507422.74461275,70256849.83830911,69941740.92194963,69941740.92194963,116101050.99866225,130909788.0109074,-51357225.139993444,-51357225.139993444,63454367.003566176,48645629.99132102,0.0030128834985249115,-188003.93030795446,72.3559341430664,2024-05-16,0,0,0,1,0,0,0,0,0,0,0,4.431908730611882,1
72.56187896728515,73.09910736083984,73.19090957641602,71.38858795166016,72.48018729772629,72.78502303561676,72.73513432409436,71.29249536442482,45.984125697473615,9.73242270479347,18.231176228166465,0.30673308744621863,0.6090600385805989,-0.30232695113438024,15.65923033901093,-145.71301804046215,-95.93209391570197,37.45545053986072,-1.908538973654439,1.2265704362389724,1.7059553042635618,0.7771879728471589,73.66805345669448,72.56187896728515,71.45570447787583,-1.39892578125,0.795235097103987,0.5767873128255161,100.0,50.0,-50.0,-0.8499971389879626,-0.006310526003346584,1.0108269462493715,0.9908956984476036,0.1338841349463952,0.05291433102944264,0.9031769450181961,0.10215844615892648,1.0,0.517963350256175,2.541604916315925,2.5226093402520386,13538373.69716794,17208783.414326992,-3623121.3767333557,-16470250.803560998,4645384.030053516,2317128.680859029,-2884588.7659673626,2317128.680859029,9466013.086390488,11108587.499412404,92660112.23060638,92660112.23060638,10144695.348180054,9466013.086390488,9466013.086390488,9466013.086390488,9466013.086390488,9466013.086390488,9466013.086390488,9466013.086390488,0.03532717196507763,0.0350490052566912,3752468.8961330494,3732997.226545999,3728824.725920202,3728824.725920202,30592774.588340458,30592774.588340458,178893182.66394413,108190159.55982122,70703023.10412289,70385913.05656235,70385913.05656235,116838362.52355558,131741143.925359,-51683374.41820019,-51683374.41820019,63857340.41073265,48954559.00892923,0.0030320171214121747,-189197.8683761197,71.89933013916016,2024-05-17,0,0,0,1,0,0,0,0,0,0,0,5.9650112070376995,1
72.27626495361328,72.95435638427735,73.1705078125,71.50646682739257,72.37076115665477,72.6699113699613,72.67958904318172,71.32619785501646,47.82947702479032,13.866599781727368,12.47009480200358,0.23043216798096466,0.533334464460672,-0.30290229647970734,15.318919435128635,-136.04057979214892,-74.27741027496695,36.703678655641596,-1.9667407601445586,1.2229219349480187,1.6949266540888792,1.1754914181656204,72.72633036568371,72.27626495361328,71.82619954154285,-1.447509765625,0.5680889761612198,0.41257007305438265,100.0,42.85714285714286,-57.142857142857146,0.28098892160632966,0.0035129497710577606,1.0164894948182395,1.004598895394118,0.1338841349463952,0.05291433102944264,0.9031769450181961,0.10215844615892648,1.0,0.517963350256175,2.541604916315925,2.5226093402520386,13490980.560098,17148541.449567758,-3610438.0890749223,-16412594.184577823,4629122.156433873,2309017.219346956,-2874490.824084986,2309017.219346956,9432875.867272139,11069700.198633935,92335741.40896332,92335741.40896332,10109182.298538823,9432875.867272139,9432875.867272139,9432875.867272139,9432875.867272139,9432875.867272139,9432875.867272139,9432875.867272139,0.03520350382437736,0.034926310880878324,3739332.807801973,3719929.3017570404,3715771.407604555,3715771.407604555,30485679.926023796,30485679.926023796,178266939.85838145,107811423.44451441,70455516.41386706,70139516.45827815,70139516.45827815,116429352.05789939,131279964.00586015,-51502448.902120575,-51502448.902120575,63633798.07435581,48783186.126395054,0.0030214030841394742,-188535.5524503032,72.15190887451172,2024-05-20,0,0,0,1,0,0,0,0,0,0,0,4.077055374827048,1
72.15968627929688,72.74257278442383,73.12096252441407,71.59378662109376,72.21037753461229,72.52803844642786,72.60435297150035,71.34829246033061,46.069312640321854,21.585849323416117,15.061623936645612,0.14710213414497275,0.45608799839753217,-0.3089858642525594,14.940125115583834,-124.5189883114242,-82.08085766785774,34.4109626667497,-2.8616525832592443,1.2181464412909901,1.6944679994342677,1.156065023749619,72.64650275820685,72.15968627929688,71.6728698003869,-2.1178359985351562,0.29860241892724226,0.21709080231495648,92.85714285714286,35.714285714285715,-57.142857142857146,-0.27731189413755036,-0.003635365828512871,1.016199325568162,0.9955603145038965,0.1338841349463952,0.05291433102944264,0.9031769450181961,0.10215844615892648,1.0,0.517963350256175,2.541604916315925,2.5226093402520386,13540204.155596344,17211110.13120953,-3623611.241558298,-16472477.666999374,4646012.11009778,2317441.9686894915,-2884978.777348142,2317441.9686894915,9467292.940516613,11110089.438129032,92672640.35896236,92672640.35896236,10146066.96367236,9467292.940516613,9467292.940516613,9467292.940516613,9467292.940516613,9467292.940516613,9467292.940516613,9467292.940516613,0.03533194838218072,0.035053744064210794,3752976.249414314,3733501.9471564195,3729328.8823868707,3729328.8823868707,30596910.890332565,30596910.890332565,178917369.95122954,108204787.43122338,70712582.52000618,70395429.59752046,70395429.59752046,116854159.6769084,131758956.01214725,-51690362.27881242,-51690362.27881242,63865974.25476628,48961177.91952744,0.0030324270658722034,-189223.4489104255,71.88961029052734,2024-05-21,0,0,0,1,0,0,0,0,0,0,0,4.918996276550867,1
71.96733245849609,72.55604934692383,73.01361427307128,71.69208206176758,71.98687797147981,72.34837306438912,72.50297448328269,71.3558056518947,43.757091012665356,26.12812248592793,20.526857197023762,0.052239888246887745,0.3753183763674033,-0.32307848812051554,14.774850101740151,-135.80824072059795,-89.136471300939,37.51272301927512,-2.5410142334421737,1.183873683145187,1.6548444060223255,0.7383278272497478,72.51757703316414,71.96733245849609,71.41708788382803,-1.865234375,-0.0320022012540282,-0.023288335555648132,100.0,28.571428571428573,-71.42857142857143,0.052632635647240765,-0.004864839910790009,1.0103754557847162,1.0005434907113675,0.1338841349463952,0.05291433102944264,0.9031769450181961,0.10215844615892648,1.0,0.517963350256175,2.541604916315925,2.5226093402520386,13606397.099246817,17295248.747583818,-3641325.708191695,-16553005.388255682,4668724.708391655,2328771.0671199095,-2899082.3488635607,2328771.0671199095,9513574.95967473,11164402.468839565,93125681.89295474,93125681.89295474,10195667.25264014,9513574.95967473,9513574.95967473,9513574.95967473,9513574.95967473,9513574.95967473,9513574.95967473,9513574.95967473,0.035504672932080254,0.03522510857828434,3771323.132706792,3751753.6279410785,3747560.16263414,3747560.16263414,30746487.630473904,30746487.630473904,179792029.39145505,108733759.76538026,71058269.62607479,70739566.26274745,70739566.26274745,117425415.52489503,132403075.77951077,-51943056.93527961,-51943056.93527961,64178190.8791575,49200530.62454176,0.0030472514563753914,-190148.49087782443,71.53987884521484,2024-05-22,0,0,0,1,0,0,0,0,0,0,0,6.770635206292075,1
71.51462097167969,72.24614715576172,72.84797744750976,71.76703125,71.355377550648,71.93819190886099,72.27339374287332,71.30625941883939,35.75770615299007,17.109081294124667,21.607684367822866,-0.13814796642380145,0.2726251078091623,-0.4107730742329638,15.560095935902483,-171.69876277725908,-98.11706686305098,34.85614406786945,-4.234134023978919,1.2290736118149375,1.7535054017613245,1.8166726845216914,72.98925196466331,71.51462097167969,70.03998997869607,-3.0990219116210938,-0.474202290364888,-0.3450606908553766,100.0,21.42857142857143,-78.57142857142857,-0.4491952428551015,-0.02023349996667334,1.0259506357193737,0.9884916240241792,0.1338841349463952,0.05291433102944264,0.9031769450181961,0.10215844615892648,1.0,0.517963350256175,2.541604916315925,2.5226093402520386,13887387.554875571,17652418.966147058,-3716523.996347942,-16894847.28013525,4765140.171901008,2376863.3312536166,-2958952.310336135,2376863.3312536166,9710043.11675397,11394962.441009985,95048852.85400866,95048852.85400866,10406221.535736661,9710043.11675397,9710043.11675397,9710043.11675397,9710043.11675397,9710043.11675397,9710043.11675397,9710043.11675397,0.03623789232523521,0.03595255459039084,3849206.0430505746,3829232.4016114688,3824952.335588803,3824952.335588803,31381444.078184,31381444.078184,183504977.34443814,110979258.59036994,72525718.75406818,72200433.7363456,72200433.7363456,119850408.76668146,135137377.91096866,-53015751.13408427,-53015751.13408427,65503557.0995482,50216587.95526098,0.003110181309803652,-194075.31373174788,70.09237670898438,2024-05-23,0,0,0,1,0,0,0,0,0,0,0,8.89193251267967,1
71.16488800048828,71.86338348388672,72.67699699401855,71.85647872924805,70.95380679483304,71.61318706783229,72.07122912766664,71.26094200175561,36.263005379229725,11.153478297336449,18.130227359129645,-0.28108810343411506,0.16188246556050684,-0.4429705689946219,16.42292114094555,-162.93740508567953,-93.15899984655805,34.69336420250199,-5.173999152682562,1.1954079427073248,1.7040578843855287,0.7577542443083587,72.91279621952711,71.16488800048828,69.41697978144944,-3.82763671875,-0.8219526739180711,-0.5979561927991028,100.0,14.285714285714286,-85.71428571428572,-0.20513322117454194,0.000831596486744246,1.0108529114997697,0.9977890886273743,0.1338841349463952,0.05291433102944264,0.9031769450181961,0.10215844615892648,1.0,0.517963350256175,2.541604916315925,2.5226093402520386,13875848.448055573,17637751.473987218,-3713435.9160863743,-16880809.25846251,4761180.790682722,2374888.3824183876,-2956493.700561666,2374888.3824183876,9701974.988439104,11385494.303946976,94969876.23858212,94969876.23858212,10397574.948938465,9701974.988439104,9701974.988439104,9701974.988439104,9701974.988439104,9701974.988439104,9701974.988439104,9701974.988439104,0.03620778206088058,0.03592268141473191,3846007.716545504,3826050.6713150973,3821774.161622867,3821774.161622867,31355369.063430283,31355369.063430283,183352502.0478993,110887045.31306215,72465456.73483717,72140441.99822769,72140441.99822769,119750824.40182416,135025091.51923895,-52971700.05442213,-52971700.05442213,65449129.8331185,50174862.715703726,0.003107597043020459,-193914.05548447664,70.15066528320312,2024-05-24,0,0,0,1,0,0,0,0,0,0,0,9.762704697487315,1
70.5897705078125,71.43301773071289,72.43509826660156,71.92476821899415,70.3946450002663,71.18830240297784,71.8050474403777,71.18311374329981,32.17484789129104,8.048466525181643,12.103675372214214,-0.45962318514941103,0.037581335418523244,-0.4972045205679343,17.795625002184,-171.83905148629944,-94.69181620040024,35.68683021624581,-5.848951839303629,1.1939859946374567,1.7235124070048864,1.1755006697291748,72.54069886784784,70.5897705078125,68.63884214777717,-4.303657531738281,-1.1378974216541617,-0.8266907716408696,100.0,7.142857142857143,-92.85714285714286,-0.48276156901949296,-0.01246380014416859,1.0163380797480195,0.9922080817227336,0.1338841349463952,0.05291433102944264,0.9031769450181961,0.10215844615892648,1.0,0.517963350256175,2.541604916315925,2.5226093402520386,14050977.01743114,17860359.424355403,-3760303.588494773,-17093863.76005954,4821272.163367579,2404862.103045026,-2993807.9241989097,2404862.103045026,9824424.65385621,11529191.846951153,96168501.21792659,96168501.21792659,10528803.855956255,9824424.65385621,9824424.65385621,9824424.65385621,9824424.65385621,9824424.65385621,9824424.65385621,9824424.65385621,0.036664764356148655,0.03637606542421047,3894548.591846026,3874339.6666103536,3870009.1826312807,3870009.1826312807,31751108.534560855,31751108.534560855,185666613.6134216,112286562.58803509,73380051.02538648,73050934.24297696,73050934.24297696,121262212.38199306,136729257.66058096,-53640261.55411354,-53640261.55411354,66275170.31038792,50808125.03180001,0.003146818358126144,-196361.4655470714,69.27632141113281,2024-05-28,0,0,0,1,0,0,0,0,0,0,0,11.035181437913275,1
69.84755859375,71.00362243652344,72.14948310852051,71.97206832885742,69.65594690691582,70.64107482429365,71.4596668003622,71.06528774239452,27.91907118066415,7.6730707872026285,8.958338536573535,-0.6818346782457354,-0.1063018673143285,-0.5755328109314068,19.579440271485304,-177.4353230474401,-98.65061532997842,34.368564071716676,-5.924940805018064,1.1933589845072343,1.7503437252640295,1.1852078528143437,72.0616329572685,69.84755859375,67.63348423023149,-4.293952941894531,-1.5748528999800397,-1.1414882464286507,100.0,0.0,-100.0,-0.6115650890931811,-0.015846261299052644,1.0172636150248027,0.9895657376921145,0.1338841349463952,0.05291433102944264,0.9031769450181961,0.10215844615892648,1.0,0.517963350256175,2.541604916315925,2.5226093402520386,14277217.53714821,18147936.36605042,-3820849.772372209,-17369099.04200833,4898901.43559431,2443583.769970096,-3042012.4483301197,2443583.769970096,9982611.72774098,11714828.073680166,97716949.53358208,97716949.53358208,10698332.427059568,9982611.72774098,9982611.72774098,9982611.72774098,9982611.72774098,9982611.72774098,9982611.72774098,9982611.72774098,0.037255118701825,0.03696177131047204,3957256.309351332,3936721.9919566256,3932321.7810863312,3932321.7810863312,32262346.10099774,32262346.10099774,188656107.5899542,114094534.39281742,74561573.19713676,74227157.17099439,74227157.17099439,123214704.78998072,138930791.28171518,-54503945.31337862,-54503945.31337862,67342293.89594059,51626207.40420615,0.0031974865657471846,-199523.16170262432,68.17855072021484,2024-05-29,0,0,0,1,0,0,0,0,0,0,0,13.668701103219577,1
69.28021240234375,70.62377243041992,71.96344413757325,72.005126953125,69.33834723400507,70.28872447227364,71.19714118967852,70.97265480693527,32.51297213019226,9.281128745453989,8.334222019279382,-0.8063135990018111,-0.246304213651825,-0.5600093853499861,21.251853043223225,-133.42638039229035,-90.14920420650714,32.27632877093896,-5.239191340444682,1.1830620154273055,1.7219909884664586,1.0492014173882325,70.8200763272319,69.28021240234375,67.7403484774556,-3.7985000610351562,-1.918132158628387,-1.387222828009186,100.0,14.285714285714286,-85.71428571428572,0.31481795447802674,0.007694460536739056,1.0154153849370526,1.0048309744324215,0.1338841349463952,0.05291433102944264,0.9031769450181961,0.10215844615892648,1.0,0.517963350256175,2.541604916315925,2.5226093402520386,14168200.874641687,18009364.02526624,-3791674.879642654,-17236473.675519504,4861494.855280792,2424925.278113114,-3018784.5298959175,2424925.278113114,9906387.42067098,11625377.068601105,96970811.45165178,96970811.45165178,10616643.085803213,9906387.42067098,9906387.42067098,9906387.42067098,9906387.42067098,9906387.42067098,9906387.42067098,9906387.42067098,0.036970649498243156,0.036679542021879036,3927039.8561519696,3906662.3328064815,3902295.7206610194,3902295.7206610194,32016000.250525843,32016000.250525843,187215584.6619106,113223341.85706057,73992242.80485003,73660380.28179494,73660380.28179494,122273873.29722103,137869956.34342873,-54087769.10845337,-54087769.10845337,66828087.811529055,51232004.76532136,0.003173071492368901,-197999.6611238194,68.7031478881836,2024-05-30,0,0,0,1,0,0,0,0,0,0,0,12.615841828465532,1
69.29381256103515,70.40421676635742,71.82160835266113,72.0802766418457,69.61235732348385,70.26538865957687,71.09840179089403,70.94080079499433,43.31940549248596,34.24930098634887,17.067833506335123,-0.7784048229696054,-0.3527243355153811,-0.4256804874542243,21.124939919337837,-67.15067904086483,-67.76103489174191,38.488782621788225,-3.034383657163231,1.2297075129760908,1.752709373511139,1.8360989811102968,70.86304958706555,69.29381256103515,67.72457553500476,-2.195556640625,-2.0007597550166176,-1.444266686072723,92.85714285714286,7.142857142857143,-85.71428571428572,0.7989431872310625,0.02121052177448246,1.0267515831398266,1.0213548600732774,0.1338841349463952,0.05291433102944264,0.9031769450181961,0.10215844615892648,1.0,0.517963350256175,2.541604916315925,2.5226093402520386,13873927.630536595,17635309.900619406,-3712921.869483032,-16878472.467722867,4760521.705978245,2374559.629389148,-2956084.436586491,2374559.629389148,9700631.955355668,11383918.223247975,94956729.66936605,94956729.66936605,10396135.62476369,9700631.955355668,9700631.955355668,9700631.955355668,9700631.955355668,9700631.955355668,9700631.955355668,9700631.955355668,0.036202769859834553,0.035917708679835854,3845475.318182426,3825521.0355825173,3821245.1178825367,3821245.1178825367,31351028.576256726,31351028.576256726,183327120.7748622,110871695.34869331,72455425.42616887,72130455.68097036,72130455.68097036,119734247.43485281,135006400.15328303,-52964367.243757956,-52964367.243757956,65440069.78640094,50167917.06797073,0.0031071668619858,-193887.21218791394,70.1603775024414,2024-05-31,0,0,0,1,0,0,0,0,0,0,0,10.402181977696754,1
69.23358001708985,70.19923400878906,71.64917068481445,72.13471664428711,69.69140573681476,70.18977300574045,70.97945900733046,70.8980047859152,41.782323370332136,55.467303899046236,32.99924454361633,-0.7724674029988989,-0.4366729490120847,-0.33579445398681423,20.685029639230805,-47.89845260630346,-70.51273127042306,38.375864544384186,-2.8509689474382927,1.2494277958561868,1.7887425822692933,1.5057914732974353,70.68536128144146,69.23358001708985,67.78179875273824,-2.0498275756835938,-2.121502294817796,-1.528524545522842,85.71428571428572,0.0,-85.71428571428572,-0.23225914422551405,-0.00443091884666702,1.0217390653018361,0.9950179822902183,0.1338841349463952,0.05291433102944264,0.9031769450181961,0.10215844615892648,1.0,0.517963350256175,2.541604916315925,2.5226093402520386,13935675.477651559,17713798.303367857,-3729446.745354665,-16953592.460072916,4781709.070819417,2385127.9377201046,-2969240.9020597218,2385127.9377201046,9743805.968861364,11434583.936716972,95379347.81920096,95379347.81920096,10442405.074211545,9743805.968861364,9743805.968861364,9743805.968861364,9743805.968861364,9743805.968861364,9743805.968861364,9743805.968861364,0.036363895328985985,0.03607756544450578,3862590.14163796,3842547.049724346,3838252.1014571427,3838252.1014571427,31490560.695132904,31490560.695132904,184143043.6574868,111365145.26973078,72777898.387756,72451482.31944858,72451482.31944858,120267141.37822035,135607264.9392473,-53200092.536422014,-53200092.536422014,65731319.93069817,50391196.36967121,0.0031209957408342304,-194750.13422805598,69.84950256347656,2024-06-03,0,0,0,1,0,0,0,0,0,0,0,11.509130107388998,1
68.7594970703125,69.6746337890625,71.31449508666992,72.11965759277344,68.76290605029187,69.59270640055966,70.59150164256052,70.74145191890857,30.681253424408368,52.89569538112243,47.53743342217248,-0.9938292967610352,-0.5481042185618749,-0.4457250781991603,21.924480964697505,-144.63791869042194,-94.12604051852227,35.46120497657054,-7.270773953312304,1.398890574636604,2.090832699398049,3.341906698782026,71.11356575198413,68.7594970703125,66.40542838864089,-5.246002197265625,-2.404657280122686,-1.7263716673239742,100.0,0.0,-100.0,-0.7773718664465082,-0.04214197350303883,1.0400233406428863,0.970000038684254,0.1338841349463952,0.05291433102944264,0.9031769450181961,0.10215844615892648,1.0,0.517963350256175,2.541604916315925,2.5226093402520386,14548790.209146688,18493135.530899115,-3893527.685928408,-17699483.63023578,4992085.401535847,2490064.1553768627,-3099875.785265074,2490064.1553768627,10172494.982890112,11937660.509600842,99575662.76081474,99575662.76081474,10901829.692236414,10172494.982890112,10172494.982890112,10172494.982890112,10172494.982890112,10172494.982890112,10172494.982890112,10172494.982890112,0.037963763233236685,0.03766483596368364,4032528.866270574,4011603.9574018605,4007120.0483585647,4007120.0483585647,32876021.10544386,32876021.10544386,192244610.9586064,116264772.21996123,75979838.73864515,75639061.65135469,75639061.65135469,125558421.0303654,141573449.49666977,-55540686.68295571,-55540686.68295571,68623238.63494472,52608210.168640345,0.003258307238128188,-203318.37165919892,66.9059066772461,2024-06-04,0,0,0,1,0,0,0,0,0,0,0,15.436460337321744,1
68.39616088867187,69.12185974121094,70.93221626281738,72.09545654296875,67.96256063753182,69.00528156627821,70.18867956346062,70.56970360099105,29.140260958525616,30.61115930795643,46.324719529374995,-1.199334242128856,-0.6783502232752711,-0.5209840188535849,23.506901425269287,-173.03277299021855,-88.79213398152962,37.796068705696435,-7.689206348700983,1.4002815266363347,2.1100694278250716,1.4183639026328336,71.45270810422699,68.39616088867187,65.33961367311676,-5.527740478515625,-2.6430733358142287,-1.8896564581455237,100.0,7.142857142857143,-92.85714285714286,-0.26400146484375325,-0.008131372733035436,1.0185432418349298,0.9951922809733524,0.1338841349463952,0.05291433102944264,0.9031769450181961,0.10215844615892648,1.0,0.517963350256175,2.541604916315925,2.5226093402520386,14668061.685986603,18644742.88480709,-3925446.9582900247,-17844584.598875422,5033010.6874044845,2510477.7859927756,-3125288.6723583536,2510477.7859927756,10255889.442657162,12035525.85637713,100391987.43001842,100391987.43001842,10991203.262750393,10255889.442657162,10255889.442657162,10255889.442657162,10255889.442657162,10255889.442657162,10255889.442657162,10255889.442657162,0.03827499145511195,0.037973613569638624,4065587.6750351195,4044491.2230519867,4039970.554769887,4039970.554769887,33145539.844356,33145539.844356,193820638.81617576,117217914.77599402,76602724.04018173,76259153.25074214,76259153.25074214,126587753.23535961,142734073.44959286,-55996011.12094331,-55996011.12094331,69185814.27868326,53039494.06445001,0.0032850189516592143,-204985.18258353497,66.36186981201172,2024-06-05,0,0,0,1,0,0,0,0,0,0,0,17.85545325960606,1
68.10471801757812,68.69246520996094,70.62425727844239,71.94672088623047,67.72368493592616,68.68540010563032,69.90841803672294,70.43935967674493,34.86531580914111,19.71855332581674,34.408469338298495,-1.2761511618666077,-0.7979104109935384,-0.4782407508730693,24.196386851433395,-115.51048341195995,-75.13726568569471,42.21956244694191,-6.002170232620141,1.3842256203604337,2.058452530348194,1.17549883877372,71.26474185522403,68.10471801757812,64.94469417993221,-4.2939453125,-2.8676865618413703,-2.0429138770470274,92.85714285714286,0.0,-92.85714285714286,0.5289221806075721,0.013321862738459256,1.0177238431721833,1.0093321576634697,0.1338841349463952,0.05291433102944264,0.9031769450181961,0.10215844615892648,1.0,0.517963350256175,2.541604916315925,2.5226093402520386,14475224.729038006,18399625.5981495,-3873840.190994864,-17609986.772269167,4966843.085574989,2477473.2277149493,-3084201.365114529,2477473.2277149493,10121058.095935142,11877298.121104022,99072161.69077154,99072161.69077154,10846704.948265038,10121058.095935142,10121058.095935142,10121058.095935142,10121058.095935142,10121058.095935142,10121058.095935142,10121058.095935142,0.037771800710660094,0.03747438495703285,4012138.516431533,3991319.413677626,3986858.177373217,3986858.177373217,32709784.583924387,32709784.583924387,191272532.39398557,115676883.2157806,75595649.17820495,75256595.2190699,75256595.2190699,124923538.99605165,140857587.9966313,-55259847.02394209,-55259847.02394209,68276247.48143846,52342198.48085882,0.003241831714536969,-202290.29898710686,67.24593353271484,2024-06-06,0,0,0,1,0,0,0,0,0,0,0,18.006380488263126,1
67.39747772216796,68.34564514160157,70.29589614868163,71.81009002685546,67.35718196574764,68.31063209104128,69.59563308326271,70.28974463159378,32.85482795822602,23.774506751472043,24.701406461748366,-1.371391214531826,-0.912606571701196,-0.45878464283063014,24.836623318585783,-103.89018062724085,-83.83979365569783,42.81408056472395,-4.9480426352117135,1.3408657795840415,2.012581407495433,0.777187849490943,69.9189872404963,67.39747772216796,64.87596820383962,-3.46820068359375,-3.1804549891481493,-2.258632708818496,85.71428571428572,0.0,-85.71428571428572,-0.3249918937992281,-0.009246023880711496,1.0116788766679974,0.996223205684675,0.1338841349463952,0.05291433102944264,0.9031769450181961,0.10215844615892648,1.0,0.517963350256175,2.541604916315925,2.5226093402520386,14610312.022906445,18571336.62003508,-3909992.071057252,-17774328.639332045,5013195.208188568,2500593.7774976515,-3112984.090354219,2500593.7774976515,10215510.954171078,11988140.756826976,99996733.8802212,99996733.8802212,10947929.768347532,10215510.954171078,10215510.954171078,10215510.954171078,10215510.954171078,10215510.954171078,10215510.954171078,10215510.954171078,0.03812429888861966,0.037824107558788005,4049581.0394289694,4028567.646340754,4024064.7763932794,4024064.7763932794,33015042.454884958,33015042.454884958,193057547.0846821,116756415.82472228,76301131.25995985,75958913.14395176,75958913.14395176,126089364.2691883,142172114.76491898,-55775549.08272072,-55775549.08272072,68913422.63280292,52830672.13707223,0.0032720854951649937,-204178.13489829563,66.62417602539062,2024-06-07,0,0,0,1,0,0,0,0,0,0,0,20.3838070926248,1
66.66109313964844,67.94733657836915,69.90536003112793,71.64925552368165,66.9606478607914,67.92098619282994,69.26915180398807,70.12809110293828,31.42186200757699,25.517241620038888,23.003433899109186,-1.4668047419139754,-1.023446205743752,-0.44335853617022347,25.995202199416962,-118.23606152472604,-88.3783846565537,43.13212491095221,-5.677901437205513,1.3373804189235894,2.021201963227357,1.2920707303377128,67.42864769290078,66.66109313964844,65.8935385863961,-3.9830856323242188,-3.453759664193698,-2.443650710277069,100.0,7.142857142857143,-92.85714285714286,-0.2260885141276308,-0.006853313643049197,1.017100394436861,0.9961971314057981,0.1338841349463952,0.05291433102944264,0.9031769450181961,0.10215844615892648,1.0,0.517963350256175,2.541604916315925,2.5226093402520386,14711132.02471613,18699490.090590987,-3936973.38446533,-17896982.272106886,5047789.291406603,2517849.3890668866,-3134465.565981226,2517849.3890668866,10286004.166860282,12070866.188761838,100686771.90781158,100686771.90781158,11023477.11444983,10286004.166860282,10286004.166860282,10286004.166860282,10286004.166860282,10286004.166860282,10286004.166860282,10286004.166860282,0.03838737964123584,0.038085116809415086,4077525.6012619804,4056367.2030345276,4051833.2605572166,4051833.2605572166,33242866.2436466,33242866.2436466,194389761.08640465,117562105.80836432,76827655.27804032,76483075.64976466,76483075.64976466,126959457.24967158,143153188.4644685,-56160434.152296215,-56160434.152296215,69388966.98693155,53195235.77213462,0.003294664866846226,-205587.0876912045,66.1675796508789,2024-06-10,0,0,0,1,0,0,0,0,0,0,0,22.647181961546767,1
66.72521209716797,67.74235458374024,69.58768615722656,71.51327072143555,67.04926572880885,67.794716242287,69.07461367645051,70.0143032739934,38.15835449994005,43.574442986169196,30.95539711922667,-1.4403708110633318,-1.1068311268076678,-0.33353968425566394,26.27739524519152,-75.10923084826881,-71.15377687003225,44.883618640059986,-2.9589041457961374,1.3424707381580574,1.9969367866928274,1.4086448882061404,67.60866971028541,66.72521209716797,65.84175448405053,-2.0498199462890625,-3.4727039128571917,-2.4489446297669986,92.85714285714286,0.0,-92.85714285714286,0.8413766613699334,0.0160036353082893,1.0213895401778945,1.017946359680257,0.1338841349463952,0.05291433102944264,0.9031769450181961,0.10215844615892648,1.0,0.517963350256175,2.541604916315925,2.5226093402520386,14479408.846064104,18404944.07770199,-3874959.9387710076,-17615077.00381047,4968278.769863787,2478189.350476967,-3085092.8648794894,2478189.350476967,10123983.625057766,11880731.297874872,99100798.86403151,99100798.86403151,10849840.228283182,10123983.625057766,10123983.625057766,10123983.625057766,10123983.625057766,10123983.625057766,10123983.625057766,10123983.625057766,0.03778271878878449,0.037485217066038155,4013298.2398480535,3992473.11925581,3988010.593414615,3988010.593414615,32719239.467641875,32719239.467641875,191327820.42400897,115710320.04495937,75617500.37904958,75278348.41511877,75278348.41511877,124959648.6051429,140898303.40127778,-55275820.08626896,-55275820.08626896,68295982.9822623,52357328.186127424,0.0032427687779350467,-202348.7717431469,67.22650146484375,2024-06-11,0,0,0,1,0,0,0,0,0,0,0,20.48270489786543,1
66.87093505859374,67.63354797363282,69.31858520507812,71.34268295288086,67.06300535891944,67.66667412898765,68.88564900432576,69.89964371890115,37.646802572875764,56.12210090522069,41.73792850380955,-1.4140963308681904,-1.1682841676197724,-0.24581216324841804,25.634308455142357,-40.29786824065718,-72.90426925201662,42.98639908139012,-1.595906761848498,1.361769601528046,2.029750730313758,1.6126548253378985,67.70560969432502,66.87093505859374,66.03626042286247,-1.0880661010742188,-3.4917237376005557,-2.453616068913391,85.71428571428572,0.0,-85.71428571428572,-0.5120530933591889,-0.00202326229596006,1.0241805680381388,0.9878414238450925,0.1338841349463952,0.05291433102944264,0.9031769450181961,0.10215844615892648,1.0,0.517963350256175,2.541604916315925,2.5226093402520386,14508763.88098549,18442257.602160823,-3882815.893771029,-17650789.18005241,4978351.280305274,2483213.5428109537,-3091347.471662616,2483213.5428109537,10144508.62687356,11904817.867005454,99301712.27440058,99301712.27440058,10871836.805780148,10144508.62687356,10144508.62687356,10144508.62687356,10144508.62687356,10144508.62687356,10144508.62687356,10144508.62687356,0.03785931811968681,0.037561213252602664,4021434.656965158,4000567.316269268,3996095.7432630057,3996095.7432630057,32785573.28191461,32785573.28191461,191715711.59482193,115944907.00370857,75770804.59111334,75430965.04263742,75430965.04263742,125212987.32135473,141183955.57538798,-55387884.30423472,-55387884.30423472,68434443.81217246,52463475.55813923,0.0032493430512172145,-202759.00639595417,67.09048461914062,2024-06-12,0,0,0,1,0,0,0,0,0,0,0,21.251366321555334,1
66.61835021972657,67.36153411865234,68.99265327453614,71.1889778137207,66.70300668540592,67.36055325796788,68.60920713137844,69.74605021378262,33.68687830774245,56.16331452447948,51.95328613862308,-1.4657414604527759,-1.227775626186373,-0.23796583426640283,25.612933123807714,-85.32998293513846,-88.0355152074918,48.43166265989617,-3.959263342971986,1.3692802460512759,2.075201267388749,1.466918624853264,67.59800114094563,66.61835021972657,65.6386992985075,-2.7201385498046875,-3.4582579701222484,-2.4194265512319646,78.57142857142857,0.0,-78.57142857142857,-0.7412622110300756,-0.016507188568522624,1.0211695076324436,0.9846331525601218,0.1338841349463952,0.05291433102944264,0.9031769450181961,0.10215844615892648,1.0,0.517963350256175,2.541604916315925,2.5226093402520386,14752282.591540176,18751797.05209848,-3947986.043862971,-17947044.42665079,5061909.169482658,2524892.4180712895,-3143233.418415279,2524892.4180712895,10314776.589071548,12104631.298400594,100968416.9728364,100968416.9728364,11054312.425482959,10314776.589071548,10314776.589071548,10314776.589071548,10314776.589071548,10314776.589071548,10314776.589071548,10314776.589071548,0.03849475835474835,0.0381916500212464,4088931.41894138,4067713.8355962434,4063167.210593714,4063167.210593714,33335854.51854507,33335854.51854507,194933515.90011013,117890955.23225059,77042560.66785955,76697017.16766731,76697017.16766731,127314593.32082638,143553622.28819364,-56317528.36466334,-56317528.36466334,69583064.58037642,53344035.613009155,0.0033038808351713153,-206162.16411469007,65.9830093383789,2024-06-13,0,0,0,1,0,0,0,0,0,0,0,24.10108082013985,1
66.46485595703125,66.93116683959961,68.66769180297851,71.0296548461914,66.4209060275753,67.08712624959446,68.3470640438104,69.59352686076816,33.25722838591903,34.81683248692153,49.034082638873855,-1.4995761451677794,-1.2821357299826543,-0.21744041518512502,25.849768640784443,-104.7932362161339,-86.79240716693229,49.98788568093567,-6.134050219980058,1.3346210398610547,2.026553022504343,0.8840513593881809,67.61790839485721,66.46485595703125,65.31180351920528,-4.303672790527344,-3.333677156538574,-2.322590314424957,100.0,35.714285714285715,-64.28571428571429,0.03296555887186184,-0.0019141992420672604,1.0135780917291872,1.0004427210500462,0.1338841349463952,0.05291433102944264,0.9031769450181961,0.10215844615892648,1.0,0.517963350256175,2.541604916315925,2.5226093402520386,14780575.558070753,18787760.56914007,-3955557.7695473917,-17981464.532430023,5071617.255388979,2529734.834574263,-3149261.732837348,2529734.834574263,10334558.994065085,12127846.412811907,101162061.3139295,101162061.3139295,11075513.164387735,10334558.994065085,10334558.994065085,10334558.994065085,10334558.994065085,10334558.994065085,10334558.994065085,10334558.994065085,0.03856858631343714,0.03826489665742583,4096773.459592654,4075515.183671862,4070959.838831692,4070959.838831692,33399788.36812454,33399788.36812454,195307373.12571755,118117054.80904128,77190318.31667626,76844112.10882336,76844112.10882336,127558766.21443309,143828939.53523934,-56425538.08690253,-56425538.08690253,69716515.88223778,53446342.56143151,0.003310217250523345,-206557.55643265674,65.85670471191406,2024-06-14,0,0,0,1,0,0,0,0,0,0,0,22.558361532767144,1
66.73104400634766,66.69606857299804,68.44765129089356,70.91327163696289,66.78011065087051,67.1619250946611,68.26625031558665,69.51136972495219,43.368420000695245,40.02422160765129,43.66812287301739,-1.37802460249155,-1.3013135044844335,-0.0767110980071164,24.82370582424813,-31.358480577308914,-57.80426056528436,55.540580830949416,-3.365782975876086,1.380155660847996,2.0447198885910867,1.9721057336782337,68.0838839693933,66.73104400634766,65.37820404330202,-2.350982666015625,-3.173462061643134,-2.20401910635141,92.85714285714286,28.571428571428573,-64.28571428571429,0.9655211293013987,0.02493011444664428,1.0300740559895833,1.0290285368974237,0.1338841349463952,0.05291433102944264,0.9031769450181961,0.10215844615892648,1.0,0.517963350256175,2.541604916315925,2.5226093402520386,14421056.957674356,18330772.31737259,-3859343.884810119,-17544088.40073759,4948256.650773819,2468202.269517719,-3072659.9681751197,2468202.269517719,10083184.061427128,11832852.056805536,98701423.52929741,98701423.52929741,10806115.46902138,10083184.061427128,10083184.061427128,10083184.061427128,10083184.061427128,10083184.061427128,10083184.061427128,10083184.061427128,0.03763045476935778,0.03733415197589827,3997124.683768791,3976383.488226625,3971938.9463247326,3971938.9463247326,32587381.22467692,32587381.22467692,190556771.01571283,115244008.48814185,75312762.52757098,74974977.34302713,74974977.34302713,124456062.33679803,140330484.49639127,-55053059.02477697,-55053059.02477697,68020750.78053243,52146328.62093918,0.00322970044870866,-201533.3079994204,67.49851989746094,2024-06-17,0,0,0,1,0,0,0,0,0,0,0,20.417035240437446,1
66.62029418945312,66.67275314331054,68.17369346618652,70.7772640991211,66.74432456070404,67.07298460115382,68.11448860747088,69.40005139771371,40.07960288969946,49.03773306290836,41.29292905249368,-1.3329611205331133,-1.3076430276941695,-0.025318092838943818,23.763624115784324,-25.438610990757503,-72.38414145261203,55.492339472620564,-0.3484808867470157,1.3821905980343634,2.073096652960872,1.4086447814571414,67.88023455876834,66.62029418945312,65.3603538201379,-0.233154296875,-3.2003081959442943,-2.2136718554374397,85.71428571428572,21.42857142857143,-64.28571428571429,-0.2827617413998068,-0.012233861103092214,1.021251603061732,0.9940613607086851,0.1338841349463952,0.05291433102944264,0.9031769450181961,0.10215844615892648,1.0,0.517963350256175,2.541604916315925,2.5226093402520386,14599667.25907322,18557805.93759122,-3907143.3336640373,-17761378.640019014,5009542.700360033,2498771.897844256,-3110716.0360918287,2498771.897844256,10208068.149296522,11979406.451429814,99923878.37825932,99923878.37825932,10939953.33864062,10208068.149296522,10208068.149296522,10208068.149296522,10208068.149296522,10208068.149296522,10208068.149296522,10208068.149296522,0.03809652233207929,0.03779654971529126,4046630.6004704693,4025632.5172953075,4021132.928043487,4021132.928043487,32990988.39434709,32990988.39434709,192916889.44563127,116671349.5735348,76245539.87209648,75903571.08895813,75903571.08895813,125997498.22947451,142068531.173893,-55734912.19921521,-55734912.19921521,68863213.77294317,52792180.82852468,0.0032697015229894823,-204029.3750345437,66.6727523803711,2024-06-18,0,0,0,1,0,0,0,0,0,0,0,22.773254531933024,1
66.52314758300781,66.69704132080078,67.90945053100586,70.63989654541015,66.69780023610738,66.9878513258375,67.97070412932261,69.2904317972902,39.81185907323794,60.53458054870072,49.86551173975341,-1.2878890982997575,-1.3036922418152872,0.015803143515529694,22.84087620394252,-36.43900936614176,-73.58477413472734,53.862733182613944,0.36599597870037304,1.350772554655602,2.028042328020619,0.9423379907317013,67.69491117158451,66.52314758300781,65.35138399443112,0.24288177490234375,-3.2158427436200636,-2.215789794921875,78.57142857142857,14.285714285714286,-64.28571428571429,0.20618216139688322,-0.0010199187978483515,1.0142375056481376,1.0029256428680005,0.1338841349463952,0.05291433102944264,0.9031769450181961,0.10215844615892648,1.0,0.517963350256175,2.541604916315925,2.5226093402520386,14614572.936733922,18576752.71689016,-3911132.371090186,-17779512.298829164,5014657.243547494,2501323.044236564,-3113891.953029192,2501323.044236564,10218490.17951624,11991636.94736941,100025896.67054524,100025896.67054524,10951122.594432222,10218490.17951624,10218490.17951624,10218490.17951624,10218490.17951624,10218490.17951624,10218490.17951624,10218490.17951624,0.03813541736110968,0.03783513848425055,4050762.0488296817,4029742.5274495427,4025238.3442966556,4025238.3442966556,33024670.876967262,33024670.876967262,193113849.89126024,116790466.36559054,76323383.52566971,75981065.6060503,75981065.6060503,126126136.64714094,142213577.4748689,-55791815.3204266,-55791815.3204266,68933520.36616649,52846079.53843852,0.0032730397577645314,-204237.68088450676,66.60475158691406,2024-06-20,0,0,0,1,0,0,0,0,0,0,0,24.36588332349372,1
66.67081298828126,66.6445816040039,67.66852340698242,70.52137588500976,66.70564561232028,66.93939406018451,67.85171672317247,69.18968295679826,40.545182639202636,55.87913049040469,55.150481367337875,-1.228599251329186,-1.288673643718067,0.060074392388881126,21.486348697458222,0.5901443396103249,-71.52633499914963,46.668149746524946,-0.780117310310724,1.359763680987799,2.0379742898948656,1.4766483233063639,67.71188608646945,66.67081298828126,65.62973989009306,-0.52459716796875,-2.926528129728169,-2.0099719120905917,71.42857142857143,7.142857142857143,-64.28571428571429,-0.08552469770966861,0.0017503973073136336,1.0222775402063928,0.9981107795664828,0.1338841349463952,0.05291433102944264,0.9031769450181961,0.10215844615892648,1.0,0.517963350256175,2.541604916315925,2.5226093402520386,14589036.326831136,18544292.836642865,-3904298.2978626573,-17748445.467673548,5005894.938526401,2496952.3855044865,-3108450.9288933403,2496952.3855044865,10200635.015452301,11970683.495212685,99851117.54326524,99851117.54326524,10931987.273345372,10200635.015452301,10200635.015452301,10200635.015452301,10200635.015452301,10200635.015452301,10200635.015452301,10200635.015452301,0.03806878186783551,0.03776902767989979,4043683.995252764,4022701.202097264,4018204.8892782284,4018204.8892782284,32966965.589169677,32966965.589169677,192776414.57427585,116586393.85571608,76190020.71855977,75848300.94431305,75848300.94431305,125905751.5586374,141965082.17729318,-55694328.11845541,-55694328.11845541,68813070.15346187,52753739.53480607,0.003267320648499268,-203880.80846635433,66.7213363647461,2024-06-21,0,0,0,1,0,0,0,0,0,0,0,23.76774081709499,1
66.94477233886718,66.70481414794922,67.5252296447754,70.43938293457032,66.87926422982811,66.9915954064862,67.79217241285545,69.11269544730985,43.743583892640416,61.11326566988031,59.175658902995195,-1.1278478902894165,-1.256508493032337,0.12866060274292046,19.95710368825137,80.1764215636572,-47.84659260677529,49.47638750947748,0.9040643733043252,1.3917059730464751,2.070174622688451,1.8069557698092638,67.6521846730463,66.94477233886718,66.23736000468806,0.602325439453125,-2.5336948168509283,-1.7350290249555513,64.28571428571429,0.0,-64.28571428571429,0.3279572097754605,0.0075712677176618115,1.0272447737192099,1.00889343407086,0.1338841349463952,0.05291433102944264,0.9031769450181961,0.10215844615892648,1.0,0.517963350256175,2.541604916315925,2.5226093402520386,14479408.846064104,18404944.07770199,-3874959.9387710076,-17615077.00381047,4968278.769863787,2478189.350476967,-3085092.8648794894,2478189.350476967,10123983.625057766,11880731.297874872,99100798.86403151,99100798.86403151,10849840.228283182,10123983.625057766,10123983.625057766,10123983.625057766,10123983.625057766,10123983.625057766,10123983.625057766,10123983.625057766,0.03778271878878449,0.037485217066038155,4013298.2398480535,3992473.11925581,3988010.593414615,3988010.593414615,32719239.467641875,32719239.467641875,191327820.42400897,115710320.04495937,75617500.37904958,75278348.41511877,75278348.41511877,124959648.6051429,140898303.40127778,-55275820.08626896,-55275820.08626896,68295982.9822623,52357328.186127424,0.0032427687779350467,-202348.7717431469,67.22650146484375,2024-06-24,0,0,0,1,0,0,0,0,0,0,0,21.99455666632469,1
66.76213226318359,66.74658813476563,67.34696235656739,70.37681945800782,66.7812826595664,66.9177270633147,67.67723404201617,69.01358266580918,40.74733596255567,48.6482517040321,55.21354928810566,-1.087207088680671,-1.2226482121620037,0.13544112348133264,18.537090465416433,44.78076338091516,-53.79918246118921,49.64936462691697,0.6313361775784898,1.3852833040461412,2.0804635527054267,1.3017886070418,67.23653567631732,66.76213226318359,66.28772885004986,0.4177398681640625,-2.297420411139727,-1.5681334764529566,57.142857142857146,0.0,-57.142857142857146,-0.25372785916406615,-0.009537636673478955,1.0195849751994495,0.995063932179908,0.1338841349463952,0.05291433102944264,0.9031769450181961,0.10215844615892648,1.0,0.517963350256175,2.541604916315925,2.5226093402520386,14618838.011607258,18582174.102898765,-3912273.7846966204,-17784701.020490356,5016120.706674362,2502053.023149547,-3114800.702288212,2502053.023149547,10221472.314259194,11995136.552158123,100055087.94013752,100055087.94013752,10954318.538509037,10221472.314259194,10221472.314259194,10221472.314259194,10221472.314259194,10221472.314259194,10221472.314259194,10221472.314259194,0.038146546691475686,0.037846180182093986,4051944.2115591103,4030918.555902391,4026413.058261666,4026413.058261666,33034308.70179918,33034308.70179918,193170207.6810109,116824550.15891774,76345657.52209318,76003239.70139803,76003239.70139803,126162944.93559474,142255080.67571923,-55808097.44311955,-55808097.44311955,68953637.72620958,52861501.98608509,0.0032739949522605115,-204297.28502105593,66.58531951904297,2024-06-25,0,0,0,1,0,0,0,0,0,0,0,22.318034628817443,1
66.57560729980469,66.5979507446289,67.17015266418457,70.29443771362304,66.43423096086978,66.70361806334412,67.49274771072668,68.88521187748242,37.1363836869988,36.48209429770492,48.74787055720574,-1.1103989005289066,-1.2001983498353843,0.08979944930647776,18.292424110760518,-157.0217358991346,-76.96789730598908,47.49906879524413,-2.2109939815096458,1.4015247075122146,2.1319166230076863,1.6126629525711706,67.5322139194511,66.57560729980469,65.61900068015828,-1.4863739013671875,-2.065458148445841,-1.4049117748553925,100.0,35.714285714285715,-64.28571428571429,0.4054024331569233,-0.0126933678725486,1.0165968997598132,1.0066943906585886,0.1338841349463952,0.05291433102944264,0.9031769450181961,0.10215844615892648,1.0,0.517963350256175,2.541604916315925,2.5226093402520386,14806785.993229419,18821076.956464723,-3962572.17098445,-18013351.112782285,5080610.7681720015,2534220.8202917827,-3154846.327302015,2534220.8202917827,10352885.295861868,12149352.756104723,101341452.27459732,101341452.27459732,11095153.402246106,10352885.295861868,10352885.295861868,10352885.295861868,10352885.295861868,10352885.295861868,10352885.295861868,10352885.295861868,0.03863698009328408,0.03833275190357318,4104038.2792000175,4082742.305920255,4078178.8830745914,4078178.8830745914,33459016.30440459,33459016.30440459,195653712.22592434,118326512.10615677,77327200.11976756,76980379.98349714,76980379.98349714,127784966.5242686,144083991.78802997,-56525597.6482849,-56525597.6482849,69840144.37098236,53541119.107220985,0.003316087267848791,-206923.84551376457,65.74012756347656,2024-06-26,0,0,0,1,0,0,0,0,0,0,0,23.37031969352501,1
66.97197113037109,66.74755935668945,67.19055366516113,70.27112197875977,67.15167755382855,67.04597309541721,67.59692133253805,68.8735004603163,52.42673153589076,38.64520512532966,41.258517042355514,-0.88884831283832,-1.1379283424359714,0.2490800295976514,18.40791624431093,262.87009412005744,-28.87189847818749,47.61292790706918,2.2299527706476585,1.6095145036133636,2.346690447202437,4.313381852928302,68.84845154164044,66.97197113037109,65.09549071910173,1.4960861206054688,-1.5706621517059216,-1.0662007943177798,92.85714285714286,100.0,7.142857142857143,-0.5343154304435165,0.04329841273157098,1.0291137565921529,0.9847955931069183,0.1338841349463952,0.05291433102944264,0.9031769450181961,0.10215844615892648,1.0,0.517963350256175,2.541604916315925,2.5226093402520386,14192282.680141525,18039974.686808206,-3798119.6200707494,-17265770.64908937,4869757.977365184,2429046.943200717,-3023915.582351913,2429046.943200717,9923225.387409413,11645136.81593285,97135633.52336025,97135633.52336025,10634688.279834243,9923225.387409413,9923225.387409413,9923225.387409413,9923225.387409413,9923225.387409413,9923225.387409413,9923225.387409413,0.03703348880990289,0.03674188653580917,3933714.6775243306,3913302.51833777,3908928.484226364,3908928.484226364,32070418.104827717,32070418.104827717,187533796.503785,113415788.48601283,74118008.01777218,73785581.42530534,73785581.42530534,122481703.18758671,138104295.02215794,-54179702.52661384,-54179702.52661384,66941676.05232564,51319084.21775441,0.0031784647876215866,-198336.202747587,68.5865707397461,2024-06-27,0,0,0,1,0,0,0,0,0,0,0,18.535249865430504,1
67.41107940673828,67.04094619750977,67.20124015808105,70.24528060913086,67.74007761807971,67.38613757744717,67.7226314672089,68.87520153036593,53.83011623594992,57.68828962295987,44.271863015331434,-0.6787901901668931,-1.0461007119821557,0.3673105218152626,18.501560204415735,178.69994253596852,-22.370883459807477,51.78765013654534,4.446399819622426,1.564634229206939,2.270320827592248,0.9811906619234207,69.80394162350096,67.41107940673828,65.0182171899756,2.933868408203125,-1.196731902202572,-0.8110002370981135,85.71428571428572,92.85714285714286,7.142857142857143,0.13861401096825676,0.004815913717122422,1.0144181936164898,1.0019773924239253,0.1338841349463952,0.05291433102944264,0.9031769450181961,0.10215844615892648,1.0,0.517963350256175,2.541604916315925,2.5226093402520386,14124261.455653021,17953512.121511694,-3779915.871376219,-17183018.71356514,4846418.046217495,2417404.9296402233,-3009422.4634296657,2417404.9296402233,9875665.036693493,11589323.633275189,96670078.76500057,96670078.76500057,10583718.007105665,9875665.036693493,9875665.036693493,9875665.036693493,9875665.036693493,9875665.036693493,9875665.036693493,9875665.036693493,0.036855993525127057,0.03656578885170086,3914861.044519401,3894546.717379567,3890193.6472781743,3890193.6472781743,31916709.983413175,31916709.983413175,186634978.55048886,112872205.68238516,73762772.86810368,73431939.54039782,73431939.54039782,121894668.97920564,137442384.35801417,-53920028.32258745,-53920028.32258745,66620835.85508498,51073120.47627646,0.00316323094034555,-197385.61067756233,68.91687774658203,2024-06-28,0,0,0,1,0,0,0,0,0,0,0,18.775415630981836,1
67.55680084228516,67.25078659057617,67.09097671508789,70.19184906005859,67.81175462624584,67.48958686201644,67.74477215057739,68.83911945633503,49.27232411101718,68.46641985178462,54.93330486669134,-0.5832015588757145,-0.9535208813608674,0.370319322485153,19.13822735061586,139.75765957362515,-43.3579585066512,45.12641480119074,3.1863178393808145,1.6173327248881118,2.3800016763931,2.3024131687433567,69.97555458658212,67.55680084228516,65.13804709798819,2.0984039306640625,-0.8887655260064825,-0.6010724581204983,78.57142857142857,100.0,21.42857142857143,-0.37974703918671854,-0.013955494436942995,1.033891073019295,0.9872970847528295,0.1338841349463952,0.05291433102944264,0.9031769450181961,0.10215844615892648,1.0,0.517963350256175,2.541604916315925,2.5226093402520386,14324162.221853973,18207608.297821987,-3833413.045811547,-17426210.09155483,4915009.433017492,2451618.477666809,-3052014.839544395,2451618.477666809,10015435.389556004,11753347.407637937,98038251.03188364,98038251.03188364,10733509.438361596,10015435.389556004,10015435.389556004,10015435.389556004,10015435.389556004,10015435.389556004,10015435.389556004,10015435.389556004,0.03737761664630069,0.03708330470420383,3970268.098886585,3949666.262939805,3945251.5838083522,3945251.5838083522,32368427.391812205,32368427.391812205,189276424.64161944,114469686.7591511,74806737.88246833,74471222.26847792,74471222.26847792,123619845.03894235,139387607.3367814,-54683158.84159581,-54683158.84159581,67563720.98746471,51795958.68962566,0.0032080001688557284,-200179.21053659747,67.95510864257812,2024-07-01,0,0,0,1,0,0,0,0,0,0,0,19.909965317213,1
67.88710327148438,67.32461776733399,67.01034317016601,70.12034790039063,67.95344697251025,67.6254495534751,67.79163496147851,68.8155003272646,50.59198635382596,65.42120604970182,63.85863850814872,-0.47919037805097275,-0.8586547806988885,0.3794644026479157,19.500434544538063,77.8632845252035,-38.00753988443587,46.01220774570035,1.0938191958871357,1.5746697250384005,2.307653633111424,1.020050726992153,70.12962499120049,67.88710327148438,65.64458155176827,0.738311767578125,-0.5060591218220102,-0.3418868138239901,71.42857142857143,92.85714285714286,21.42857142857143,0.3333333333333333,0.004145722493693826,1.0150818066782514,1.005007847720384,0.1338841349463952,0.05291433102944264,0.9031769450181961,0.10215844615892648,1.0,0.517963350256175,2.541604916315925,2.5226093402520386,14265023.393498478,18132436.248999044,-3817586.3920344706,-17354264.12839624,4894717.293433832,2441496.709838552,-3039414.271431667,2441496.709838552,9974085.598536126,11704822.461873058,97633489.67758945,97633489.67758945,10689195.002201492,9974085.598536126,9974085.598536126,9974085.598536126,9974085.598536126,9974085.598536126,9974085.598536126,9974085.598536126,0.03722329917761058,0.03693020233369238,3953876.4244564306,3933359.645382157,3928963.192723384,3928963.192723384,32234790.894122925,32234790.894122925,188494976.77644902,113997086.4735422,74497890.30290684,74163759.9008401,74163759.9008401,123109467.35095882,138812130.76387605,-54457393.60000036,-54457393.60000036,67284776.9740801,51582113.56116288,0.0031947555987083096,-199352.7493593985,68.23683166503906,2024-07-02,0,0,0,1,0,0,0,0,0,0,0,19.228711111369513,1
68.31455688476562,67.44508209228516,67.05891761779785,70.02669692993165,67.92809652496777,67.67125793100377,67.79980264418369,68.77871190775943,48.846039027700286,43.63633114452214,59.174652348669476,-0.42091223772439434,-0.7711062721039896,0.3501940343795953,19.7675266543267,57.269575182032085,-44.833866107958826,45.14595494981592,1.8067999392602951,1.5378303436655627,2.2656001005856767,1.0589183858186715,69.09590759692696,68.31455688476562,67.53320617260428,1.2046432495117188,-0.127554287955314,-0.08606245578863536,64.28571428571429,85.71428571428572,21.42857142857143,-0.4495376883718607,-0.005267478374738288,1.0156767436562895,0.9930358462262799,0.1338841349463952,0.05291433102944264,0.9031769450181961,0.10215844615892648,1.0,0.517963350256175,2.541604916315925,2.5226093402520386,14340561.993681792,18228454.237499982,-3837801.93071102,-17446161.406326257,4920636.640527757,2454425.34225127,-3055509.0995372958,2454425.34225127,10026902.088452669,11766803.846675208,98150495.28899407,98150495.28899407,10745798.262166755,10026902.088452669,10026902.088452669,10026902.088452669,10026902.088452669,10026902.088452669,10026902.088452669,10026902.088452669,0.037420410380061386,0.03712576147943098,3974813.669504158,3954188.24646003,3949768.5129505736,3949768.5129505736,32405486.0913319,32405486.0913319,189493127.72892267,114600743.41118956,74892384.3177331,74556484.57101443,74556484.57101443,123761377.73178884,139547192.58306277,-54745765.737129174,-54745765.737129174,67641074.87321883,51855260.0219449,0.00321167301687141,-200408.396252776,67.87739562988281,2024-07-03,0,0,0,1,0,0,0,0,0,0,0,19.845684292353248,1
68.36896057128907,67.67046585083008,67.18375358581542,69.94625839233399,68.23826074076628,67.88713633852367,67.90063945639126,68.7818443495086,53.55776739316699,41.71061421259858,50.2560504689408,-0.2921841558720786,-0.6753218488576074,0.3831376929855288,20.169812380419845,72.09300508623338,-26.19926480407412,52.520494852832,3.3838990939079494,1.5334601946057844,2.226970103565883,1.4766482568286676,69.25001310382251,68.36896057128907,67.48790803875562,2.2538375854492188,0.06425493383421958,0.043343275021285876,57.142857142857146,78.57142857142857,21.42857142857143,0.6315797398973132,0.014455379929876111,1.021898812316245,1.0137299643823368,0.1338841349463952,0.05291433102944264,0.9031769450181961,0.10215844615892648,1.0,0.517963350256175,2.541604916315925,2.5226093402520386,14136217.59753798,17968709.71176674,-3783115.5580014833,-17197564.08362901,4850520.523502861,2419451.2551364573,-3011969.929863753,2419451.2551364573,9884024.755377388,11599133.95844831,96751909.6756909,96751909.6756909,10592677.090351233,9884024.755377388,9884024.755377388,9884024.755377388,9884024.755377388,9884024.755377388,9884024.755377388,9884024.755377388,0.03688719200508164,0.03659674167433297,3918174.961799617,3897843.4386472097,3893486.6836859793,3893486.6836859793,31943727.375739202,31943727.375739202,186792964.4594337,112967751.6413894,73825212.8180443,73494099.4409908,73494099.4409908,121997852.42436568,137558728.8942259,-53965671.45310369,-53965671.45310369,66677230.178319424,51116353.7084592,0.00316590860516055,-197552.69696201832,68.85858917236328,2024-07-05,0,0,0,1,0,0,0,0,0,0,0,16.80386968691696,1
68.15793914794922,67.78450927734374,67.21454544067383,69.82975692749024,68.11276403713846,67.88252439149807,67.89693766339046,68.74576302717034,48.65465873181537,26.166565103931035,37.17117015368387,-0.26751737540649856,-0.5937609541673856,0.32624357876088705,20.631118389879568,50.18237508743067,-45.13061250178153,48.97669653829133,1.7092497352005909,1.518164160688616,2.237141982293187,1.3193157197654273,68.90877609775721,68.15793914794922,67.40710219814123,1.1404342651367188,0.22924841706158328,0.15461197877540656,50.0,71.42857142857143,21.42857142857143,-0.9185179743086944,-0.014476313767993187,1.0194720674811288,0.9824561706506002,0.1338841349463952,0.05291433102944264,0.9031769450181961,0.10215844615892648,1.0,0.517963350256175,2.541604916315925,2.5226093402520386,14343863.871588476,18232651.292702302,-3838685.5748395296,-17450178.3405949,4921769.604592717,2454990.467440559,-3056212.6227321243,2454990.467440559,10029210.757143123,11769513.123317974,98173094.19077125,98173094.19077125,10748272.454871835,10029210.757143123,10029210.757143123,10029210.757143123,10029210.757143123,10029210.757143123,10029210.757143123,10029210.757143123,0.03742902633432785,0.037134309591537865,3975728.8602368715,3955098.6882415726,3950677.937099723,3950677.937099723,32412947.37204234,32412947.37204234,189536758.03937995,114627129.94073601,74909628.09864394,74573651.01186337,74573651.01186337,123789873.47407658,139579322.96904993,-54758370.81037886,-54758370.81037886,67656649.05858247,51867199.56360912,0.0032124124964108152,-200454.5397760349,67.86177062988281,2024-07-08,0,0,0,1,0,0,0,0,0,0,0,21.09735622406765,1
68.26240844726563,67.90960464477538,67.30720939636231,69.73120376586914,68.23432773781236,67.99069361834572,67.9522250420352,68.73524114920916,51.60182630018303,43.31454719699403,37.06390883784116,-0.1960284854081351,-0.5142144604155355,0.3181859750074004,20.758943080461318,40.59905524900053,-33.43767439870633,46.946989369288154,1.8608043659249507,1.496980300219798,2.186092192207828,1.2215901141251635,69.0166371864298,68.26240844726563,67.50817970810145,1.2509536743164062,0.47357364192822504,0.31935109847631793,42.85714285714286,64.28571428571429,21.42857142857143,0.5359985351562443,0.009072626658023442,1.0181159420289856,1.009654152078015,0.1338841349463952,0.05291433102944264,0.9031769450181961,0.10215844615892648,1.0,0.517963350256175,2.541604916315925,2.5226093402520386,14214897.414365832,18068720.537081204,-3804171.7448554547,-17293282.841680728,4877517.707415439,2432917.5151359644,-3028734.049454976,2432917.5151359644,9939037.579841161,11663692.79315183,97290414.58186568,97290414.58186568,10651634.154886698,9939037.579841161,9939037.579841161,9939037.579841161,9939037.579841161,9939037.579841161,9939037.579841161,9939037.579841161,0.037092499930644354,0.036800433002056605,3939982.8666487588,3919538.181647616,3915157.1777187996,3915157.1777187996,32121520.806080837,32121520.806080837,187832622.77871138,113596511.2049198,74236111.57379156,73903155.27520153,73903155.27520153,122676872.01471297,138324357.71380174,-54266035.3316041,-54266035.3316041,67048344.46124702,51400858.76215827,0.003183529521606484,-198652.2421482446,68.47745513916016,2024-07-09,0,0,0,1,0,0,0,0,0,0,0,17.082924952066612,1
68.55680541992187,68.22195434570312,67.48427124023438,69.653974609375,68.72582400131502,68.30307960197746,68.11951946930044,68.77342057584097,56.926859399240726,55.450302854890175,41.64380505193836,-0.039556469488843504,-0.4192828622301971,0.3797263927413536,21.617023937445005,122.93896542193369,-10.051943088256042,48.78279640972561,4.690969468704043,1.5017410148099637,2.1543057099525678,1.5636303044821176,69.93351759502183,68.55680541992187,67.18009324482192,3.1234970092773438,0.8687364395802354,0.5856755085480501,35.714285714285715,57.142857142857146,21.42857142857143,0.5986879420164793,0.017981996945677592,1.0216678062723301,1.012922517548583,0.1338841349463952,0.05291433102944264,0.9031769450181961,0.10215844615892648,1.0,0.517963350256175,2.541604916315925,2.5226093402520386,13963800.39825437,17749548.21528676,-3736973.498813708,-16987808.127812643,4791359.495599917,2389941.5927154077,-2975233.4113395894,2389941.5927154077,9763470.876363184,11457661.165076809,95571842.01073584,95571842.01073584,10463479.891437706,9763470.876363184,9763470.876363184,9763470.876363184,9763470.876363184,9763470.876363184,9763470.876363184,9763470.876363184,0.036437284786897575,0.03615037703267004,3870385.604529514,3850302.0617335862,3845998.4454201735,3845998.4454201735,31554114.809944846,31554114.809944846,184514680.36004436,111589901.92925939,72924778.43078497,72597703.59096557,72597703.59096557,120509864.00819361,135880946.94093406,-53307460.735476926,-53307460.735476926,65863978.59924521,50492895.666504756,0.0031272945210801856,-195143.17811540357,69.70881652832031,2024-07-10,0,0,0,1,0,0,0,0,0,0,0,13.402494113413404,1
68.89572601318359,68.6051414489746,67.60154609680175,69.56312866210938,69.00788219960715,68.53379214638,68.25785081471862,68.80473736095276,56.1871308716712,76.59249209989405,58.45244738392603,0.07257210075658804,-0.3209118696328401,0.3934839703894281,22.466677168584024,129.31592344229787,-12.650357678306072,55.18180271176146,5.828815937442333,1.4600908065612557,2.09867595587686,0.9186380993280494,70.27089267828036,68.89572601318359,67.52055934808682,3.8318710327148438,1.1746783963552931,0.7918068323379828,28.571428571428573,50.0,21.42857142857143,-0.21276215830140763,-0.001962706282258031,1.0132693745059311,0.9971985299068207,0.1338841349463952,0.05291433102944264,0.9031769450181961,0.10215844615892648,1.0,0.517963350256175,2.541604916315925,2.5226093402520386,13991261.134379528,17784453.87463303,-3744322.504115335,-17021215.774945796,4800782.020631562,2394641.5707701147,-2981084.404428102,2394641.5707701147,9782671.386951622,11480193.412809668,95759790.35284908,95759790.35284908,10484057.016006574,9782671.386951622,9782671.386951622,9782671.386951622,9782671.386951622,9782671.386951622,9782671.386951622,9782671.386951622,0.03650894111498254,0.03622146913769921,3877996.973552082,3857873.9351422493,3853561.8554829997,3853561.8554829997,31616168.061620314,31616168.061620314,184877540.6705669,111809350.84457724,73068189.82598966,72740471.77188668,72740471.77188668,120746854.61831588,136148165.80127013,-53412293.379242174,-53412293.379242174,65993504.46504698,50592193.282092735,0.0031334445523882653,-195526.94006902774,69.5719985961914,2024-07-11,0,0,0,1,0,0,0,0,0,0,0,13.23218343007154,1
69.08922424316407,68.72909240722656,67.738325881958,69.48183319091797,69.28061490715997,68.76875363290465,68.40720600591358,68.84479002610229,57.29689252574045,80.79429896794561,70.94569797424322,0.1798637154134184,-0.22075675262358838,0.4006204680370068,23.465986383683013,141.12488155160472,-13.272132758168008,52.733440354824204,1.8072190651182929,1.426999357671275,2.043648091207898,0.9968105221015264,70.64892328245114,69.08922424316407,67.529525203877,1.2395095825195312,1.4063623242344538,0.9495558616442565,21.42857142857143,100.0,78.57142857142857,-0.38462376860197284,0.0036520688093057974,1.0127629171636117,0.9951252633894274,0.1338841349463952,0.05291433102944264,0.9031769450181961,0.10215844615892648,1.0,0.517963350256175,2.541604916315925,2.5226093402520386,13940350.016892033,17719740.164270096,-3730697.7392648184,-16959279.31991324,4783313.032301149,2385927.9975490165,-2970236.8949079593,2385927.9975490165,9747074.400551384,11438419.517661462,95411341.56825364,95411341.56825364,10445907.84179268,9747074.400551384,9747074.400551384,9747074.400551384,9747074.400551384,9747074.400551384,9747074.400551384,9747074.400551384,0.03637609311989497,0.03608966718981706,3863885.796751048,3843835.9816455944,3839539.5926944255,3839539.5926944255,31501123.789968885,31501123.789968885,184204812.02205712,111402501.24450353,72802310.77755357,72475785.21726476,72475785.21726476,120307483.41062586,135652752.61455005,-53217937.80847626,-53217937.80847626,65753368.63833613,50408099.434411936,0.0031220426378492532,-194815.4606017934,69.82608032226562,2024-07-12,0,0,0,1,0,0,0,0,0,0,0,11.680567082783195,1
69.73617706298828,68.94705810546876,67.99400215148925,69.45528533935547,69.88592151444128,69.19198655946815,68.6633325509698,68.93309373994157,62.42230159345773,78.93670415422217,78.77449840735387,0.3632211585975966,-0.10396117037935136,0.467182328976948,24.996471505833465,168.63641092654154,-11.820453717488887,56.24715013053775,3.1627332138243647,1.4946968101939273,2.102348329480767,2.3747636929884095,71.40248786829758,69.73617706298828,68.06986625767897,2.179656982421875,1.792922310033478,1.213820628630799,14.285714285714286,100.0,85.71428571428572,0.5637888378167933,0.018194554253579742,1.034148293292952,1.0191930904916984,0.1338841349463952,0.05291433102944264,0.9031769450181961,0.10215844615892648,1.0,0.517963350256175,2.541604916315925,2.5226093402520386,13691243.936294133,17403098.543637488,-3664032.3047099053,-16656226.699568022,4697837.96458007,2343292.829039041,-2917160.460640439,2343292.829039041,9572899.756566456,11234021.503922462,93706395.47193217,93706395.47193217,10259245.443961727,9572899.756566456,9572899.756566456,9572899.756566456,9572899.756566456,9572899.756566456,9572899.756566456,9572899.756566456,0.035726073143812515,0.03544476548126281,3794840.367795518,3775148.8314170386,3770929.216478793,3770929.216478793,30938216.727216534,30938216.727216534,180913177.40065342,109411802.2720822,71501375.12857123,71180684.39326456,71180684.39326456,118157657.50075251,133228715.52185296,-52266963.701735154,-52266963.701735154,64578393.553222984,49507335.53212255,0.0030662535217917826,-191334.21975980722,71.0965347290039,2024-07-15,0,0,0,1,0,0,0,0,0,0,0,10.030342003473635,1
70.37140350341797,69.3169059753418,68.28384628295899,69.42841522216797,70.47514345673038,69.63955033798459,68.94811872147825,69.03977976352459,64.43778695142728,83.391567050861,81.04085672434286,0.5471752480158045,0.026266113299679827,0.5209091347161247,26.41763626211603,164.67803359474536,-3.7992871781133783,57.11334549302928,5.442532243136089,1.4675105776826147,2.04806295418595,1.114089555035548,72.05550748254421,70.37140350341797,68.68729952429172,3.6984786987304688,1.9152441944576886,1.299880198943299,7.142857142857143,92.85714285714286,85.71428571428572,0.280701636974472,0.00783515841423199,1.015776354220129,1.0043835574633455,0.1338841349463952,0.05291433102944264,0.9031769450181961,0.10215844615892648,1.0,0.517963350256175,2.541604916315925,2.5226093402520386,13584804.838359164,17267802.574996706,-3635547.2163474034,-16526737.096347773,4661315.816737169,2325075.494216804,-2894481.7376984702,2325075.494216804,9498477.679255443,11146685.457568794,92977898.90498914,92977898.90498914,10179487.546459515,9498477.679255443,9498477.679255443,9498477.679255443,9498477.679255443,9498477.679255443,9498477.679255443,9498477.679255443,0.035448329863809615,0.035169209156220564,3765338.3453763127,3745799.895845079,3741613.085231243,3741613.085231243,30697695.420643948,30697695.420643948,179506713.86113322,108561208.00968592,70945505.85144731,70627308.2447958,70627308.2447958,117239070.80862954,132192962.71771301,-51860627.47004588,-51860627.47004588,64076345.23768074,49122453.32859728,0.0030424157127206678,-189846.74047376966,71.6535873413086,2024-07-16,0,0,0,1,0,0,0,0,0,0,0,9.284620091678052,1
70.98122100830078,69.76901321411133,68.54681549072265,69.41760818481445,71.23606365539838,70.20652374066637,69.31095541969312,69.18558855917988,68.0915266918217,84.99146156349009,82.43991092285768,0.7731568477817916,0.1756442601961022,0.5975125875856895,28.422769211172998,202.0763965090659,-13.351863551470187,60.93025281400271,6.625560239795947,1.500204760948521,2.0619131082461966,1.9252291434053035,73.33786849006754,70.98122100830078,68.62457352653402,4.5210723876953125,2.032200801086531,1.3840531080196996,0.0,100.0,100.0,0.505746168855368,0.015411883094778922,1.023657345908539,1.0119613600253947,0.1338841349463952,0.05291433102944264,0.9031769450181961,0.10215844615892648,1.0,0.517963350256175,2.541604916315925,2.5226093402520386,13378615.185155513,17005712.52166932,-3580367.0184230646,-16275894.906781549,4590566.541855292,2289785.5864463826,-2850549.4035352925,2289785.5864463826,9354310.144870395,10977501.487963539,91566683.8776896,91566683.8776896,10024983.670108732,9354310.144870395,9354310.144870395,9354310.144870395,9354310.144870395,9354310.144870395,9354310.144870395,9354310.144870395,0.03491029645602528,0.034635412231962086,3708188.182612449,3688946.2869280255,3684823.0235670777,3684823.0235670777,30231766.962469764,30231766.962469764,176782167.7583992,106913470.10713758,69868697.65126161,69555329.63582957,69555329.63582957,115459620.63326219,130186542.93744765,-51073488.83094092,-51073488.83094092,63103796.89706648,48376874.59288101,0.0029962380422887836,-186965.2538388201,72.75790405273438,2024-07-17,0,0,0,1,0,0,0,0,0,0,0,7.720423080778699,1
71.57540130615234,70.23556365966797,68.84032287597657,69.39647781372071,71.67167579874867,70.6313194397178,69.61875967357464,69.31724783471985,66.65563004929432,81.95063568218214,83.444554765511,0.9242457408317506,0.3253645563232319,0.5988811845085187,30.316614290327518,153.16890252121595,-18.14968128276736,55.15216949931231,6.873428793594472,1.5110181337681412,2.0829304204660875,1.6515919804232055,73.69764856659803,71.57540130615234,69.45315404570665,4.665504455566406,2.2255083521369143,1.5211644294934388,35.714285714285715,100.0,64.28571428571429,0.2840252446819999,-0.0029550599358844076,1.0229308346185293,1.0065085200940147,0.1338841349463952,0.05291433102944264,0.9031769450181961,0.10215844615892648,1.0,0.517963350256175,2.541604916315925,2.5226093402520386,13418266.968282485,17056114.361881983,-3590978.5753416764,-16324133.70026723,4604172.1465033395,2296572.094633103,-2858997.913726924,2296572.094633103,9382034.619491534,11010036.806623405,91838070.88154055,91838070.88154055,10054695.899127744,9382034.619491534,9382034.619491534,9382034.619491534,9382034.619491534,9382034.619491534,9382034.619491534,9382034.619491534,0.035013764227899646,0.0347380652969713,3719178.578223356,3699879.653058372,3695744.169094447,3695744.169094447,30321368.423499238,30321368.423499238,177306117.96398175,107230342.19526999,70075775.76871175,69761478.98745345,69761478.98745345,115801821.95783219,130572392.1823182,-51224861.36648625,-51224861.36648625,63290825.07856521,48520254.8540792,0.0030051183471189458,-187519.38486022223,72.54290008544922,2024-07-18,0,0,0,1,0,0,0,0,0,0,0,8.581379531638689,1
71.9936737060547,70.54144897460938,69.10595741271973,69.354677734375,71.75359797309156,70.86515996372863,69.83768183054633,69.41921624597701,62.52496693546868,70.38240104574344,79.10816609713847,0.9821934480756198,0.4567303346737095,0.5254631134019103,31.393865546239425,98.49269280907909,-28.163392284371174,50.3888760903013,4.442224544794704,1.5119841186276142,2.1023886136865158,1.5245419218007612,73.19767568020117,71.9936737060547,70.78967173190821,3.0588531494140625,2.403938760501088,1.6474611820318756,28.571428571428573,92.85714285714286,64.28571428571429,-0.4358983137055405,-0.008621901839258483,1.0213464356801758,0.9908442125230761,0.1338841349463952,0.05291433102944264,0.9031769450181961,0.10215844615892648,1.0,0.517963350256175,2.541604916315925,2.5226093402520386,13534964.100151883,17204449.43611868,-3622208.904961542,-16466102.822477767,4644214.104633993,2316545.1192575544,-2883862.291320629,2316545.1192575544,9463629.100640407,11105789.83644063,92636776.0715347,92636776.0715347,10142140.438427843,9463629.100640407,9463629.100640407,9463629.100640407,9463629.100640407,9463629.100640407,9463629.100640407,9463629.100640407,0.035318274927456116,0.03504017827448402,3751523.8485935666,3732057.08288552,3727885.633090939,3727885.633090939,30585069.89387105,30585069.89387105,178848128.9761491,108162912.20696679,70685216.76918234,70368186.58479416,70368186.58479416,116808937.14786923,131707965.33084923,-51670358.12221532,-51670358.12221532,63841258.13953908,48942229.95655907,0.0030312535173958395,-189150.2194855004,71.91744232177734,2024-07-19,0,0,0,1,0,0,0,0,0,0,0,10.714121660708377,1
72.12658386230468,70.93138046264649,69.35794486999512,69.32179718017578,71.75609381881235,71.02805551764231,70.02086313337563,69.51105425634081,61.498950902759574,55.801284772030385,69.3781071666519,1.0039280776400403,0.5661698832669757,0.4377581943730646,31.857062137617984,64.79070831971548,-30.66669788655303,54.37309698367569,5.7459669032774,1.4884494146106457,2.074173493930721,1.1824982623900553,73.00882615043147,72.12658386230468,71.2443415741779,3.8993148803710938,2.6072295704866706,1.7914635095840765,21.42857142857143,85.71428571428572,64.28571428571429,-0.23140412492039214,-0.002174115297702839,1.0166735440204082,0.9962013460483701,0.1338841349463952,0.05291433102944264,0.9031769450181961,0.10215844615892648,1.0,0.517963350256175,2.541604916315925,2.5226093402520386,13564454.78881324,17241935.391615596,-3630101.1634331713,-16501980.02970273,4654333.161561148,2321592.529090082,-2890145.801520306,2321592.529090082,9484248.951372808,11129987.712990686,92838617.93099606,92838617.93099606,10164238.665199356,9484248.951372808,9484248.951372808,9484248.951372808,9484248.951372808,9484248.951372808,9484248.951372808,9484248.951372808,0.0353952282346267,0.03511652565010208,3759697.8652371196,3740188.6843203963,3736008.1455525267,3736008.1455525267,30651710.246017672,30651710.246017672,179237812.64655077,108398583.22500558,70839229.42154521,70521508.47518714,70521508.47518714,117063446.577876,131994937.5437825,-51782940.20467433,-51782940.20467433,63980358.816394314,49048867.85048782,0.0030378581713183545,-189562.34989026532,71.7610855102539,2024-07-22,0,0,0,1,0,0,0,0,0,0,0,11.557698709178279,1
72.24776611328124,71.30958480834961,69.6095947265625,69.3031591796875,71.92389541127203,71.2519542591967,70.23406651078665,69.61883638731534,63.55214481273084,47.80293725296753,57.995541023580365,1.0492753062038673,0.662790967854354,0.38648433834951335,32.54289529838296,74.5744671418947,-22.68699902935891,56.81851008334796,5.523049081402576,1.4707839019366686,2.0354194680423503,1.2411322371749662,72.99259052026716,72.24776611328124,71.50294170629533,3.78204345703125,2.659021159406155,1.8334691952436373,14.285714285714286,78.57142857142857,64.28571428571429,0.4881924294579459,0.006945450760583727,1.017380548082257,1.0084561204195668,0.1338841349463952,0.05291433102944264,0.9031769450181961,0.10215844615892648,1.0,0.517963350256175,2.541604916315925,2.5226093402520386,13470893.362264559,17123008.380038977,-3605062.3801827794,-16388156.892946055,4622229.692825521,2305579.241990215,-2870210.8930898597,2305579.241990215,9418830.924961228,11053218.130717797,92198259.45970716,92198259.45970716,10094130.379676402,9418830.924961228,9418830.924961228,9418830.924961228,9418830.924961228,9418830.924961228,9418830.924961228,9418830.924961228,0.035151088083164146,0.034874307862036866,3733765.183006963,3714390.5675280537,3710238.8642111444,3710238.8642111444,30440288.719577894,30440288.719577894,178001511.91026857,107650899.205243,70350612.70502557,70035083.25294046,70035083.25294046,116255996.28009005,131084496.6269839,-51425765.08544802,-51425765.08544802,63539051.46308328,48710551.116189435,0.003016904410287316,-188254.83520192854,72.2594985961914,2024-07-23,0,0,0,1,0,0,0,0,0,0,0,10.271595026478701,1
72.20476531982422,71.5929931640625,69.90747375488282,69.27445114135742,72.13023030266443,71.4866716821517,70.45395542265928,69.73350555194804,64.7047255120131,48.2757809655204,50.62666766350602,1.0954537344929065,0.7493235211820645,0.34613021331084204,33.07994554819033,69.17531429018297,-18.14968128276736,59.477257032878065,4.065602743345265,1.465549279362486,2.0202518477152096,1.3974991858981127,72.84418521292686,72.20476531982422,71.56534542672158,2.8340835571289062,2.8412128657258617,1.9664019560202632,7.142857142857143,71.42857142857143,64.28571428571429,0.25874312420971524,0.003921996343228873,1.0195944127075725,1.0050095145345852,0.1338841349463952,0.05291433102944264,0.9031769450181961,0.10215844615892648,1.0,0.517963350256175,2.541604916315925,2.5226093402520386,13418266.968282485,17056114.361881983,-3590978.5753416764,-16324133.70026723,4604172.1465033395,2296572.094633103,-2858997.913726924,2296572.094633103,9382034.619491534,11010036.806623405,91838070.88154055,91838070.88154055,10054695.899127744,9382034.619491534,9382034.619491534,9382034.619491534,9382034.619491534,9382034.619491534,9382034.619491534,9382034.619491534,0.035013764227899646,0.0347380652969713,3719178.578223356,3699879.653058372,3695744.169094447,3695744.169094447,30321368.423499238,30321368.423499238,177306117.96398175,107230342.19526999,70075775.76871175,69761478.98745345,69761478.98745345,115801821.95783219,130572392.1823182,-51224861.36648625,-51224861.36648625,63290825.07856521,48520254.8540792,0.0030051183471189458,-187519.38486022223,72.54290008544922,2024-07-24,0,0,0,1,0,0,0,0,0,0,0,8.364696141062645,1
72.31031036376953,71.94285583496094,70.27399864196778,69.26426406860351,72.44369530350154,71.77466324997425,70.70316207813704,69.8643729932511,66.80949085976208,54.76485426136202,50.28119082661656,1.1612473498600338,0.8317082869176583,0.32953906294237545,34.40698647238191,113.59440935482455,-22.446323311932147,51.707287034116455,5.028785689039994,1.5151368416847188,2.0735238481357268,2.1597751518737454,73.2444417732065,72.31031036376953,71.37617895433256,3.498626708984375,3.0750841104221722,2.134854390070984,0.0,100.0,100.0,0.19444326707074275,0.00727466394512688,1.0290792097146804,1.0056489331212495,0.1338841349463952,0.05291433102944264,0.9031769450181961,0.10215844615892648,1.0,0.517963350256175,2.541604916315925,2.5226093402520386,13321358.56145536,16932932.96495656,-3565044.07772665,-16206238.759477539,4570920.237852979,2279985.962953013,-2838349.8722476284,2279985.962953013,9314276.388870472,10930520.940039445,91174804.81623988,91174804.81623988,9982079.624386832,9314276.388870472,9314276.388870472,9314276.388870472,9314276.388870472,9314276.388870472,9314276.388870472,9314276.388870472,0.03476089043157655,0.034487182632902715,3692318.204109981,3673158.658202813,3669053.0412227055,3669053.0412227055,30102383.69814794,30102383.69814794,176025590.94412088,106455911.21619986,69569679.72792102,69257652.83743285,69257652.83743285,114965486.67696927,129629381.99091977,-50854908.99359781,-50854908.99359781,62833730.802558035,48169835.48860753,0.0029834150055447588,-186165.09634599296,73.07062530517578,2024-07-25,0,0,0,1,0,0,0,0,0,0,0,7.797191191491988,1
72.74031066894531,72.3669921875,70.54804229736328,69.29616287231445,72.98494481821977,72.1915324495528,71.0235698657103,70.02919930126698,70.40011603727233,66.30557666877037,56.44873729855084,1.2790797544639503,0.9211825804269167,0.3578971740370336,35.63923875913123,124.64910296939726,-8.736625558746162,53.6482719195009,6.074182462792721,1.5081303379777307,2.036158208834222,1.417045789786883,74.31496576315271,72.74031066894531,71.16565557473791,4.241363525390625,3.1755907587047516,2.2136621230687865,7.142857142857143,92.85714285714286,85.71428571428572,0.6590931422131013,0.013641850446979298,1.0176234935638573,1.0116124234896557,0.1338841349463952,0.05291433102944264,0.9031769450181961,0.10215844615892648,1.0,0.517963350256175,2.541604916315925,2.5226093402520386,13142076.321711779,16705045.236135181,-3517064.805635832,-15988131.066541081,4509403.627955346,2249301.3305909005,-2800150.636041733,2249301.3305909005,9188922.482594037,10783415.202538729,89947751.04839553,89947751.04839553,9847738.251913235,9188922.482594037,9188922.482594037,9188922.482594037,9188922.482594037,9188922.482594037,9188922.482594037,9188922.482594037,0.034293069506007724,0.03402304533666908,3642626.0443783007,3623724.352524596,3619673.989984516,3619673.989984516,29697258.143864013,29697258.143864013,173656593.6642217,105023200.422572,68633393.24164972,68325565.68860365,68325565.68860365,113418251.84731042,127884796.71962826,-50170490.663119964,-50170490.663119964,61988098.43422569,47521553.56190787,0.002943263445791214,-183659.63901737175,74.06744384765625,2024-07-26,0,0,0,1,0,0,0,0,0,0,0,3.534559764519938,1
73.26608581542969,72.69633483886719,70.82169647216797,69.33392913818359,73.45328362637177,72.59124677557516,71.34417856827844,70.2002095734791,71.47533861135959,73.94080391326054,65.00374494779756,1.382550065884928,1.0134560775185188,0.36909398836640905,36.99824353435469,137.85091162937226,-10.494693816461117,54.33604038941006,4.632330571701293,1.4953417970618328,2.010139233953506,1.3290907651551578,74.93454400497637,73.26608581542969,71.597627625883,3.293426513671875,3.307799797052539,2.315727869669601,0.0,100.0,100.0,0.2426482962896522,0.004354374584370602,1.0180228018400732,1.0043541605365924,0.1338841349463952,0.05291433102944264,0.9031769450181961,0.10215844615892648,1.0,0.517963350256175,2.541604916315925,2.5226093402520386,13085098.899629258,16632620.575828314,-3501816.5845011524,-15918814.584899288,4489853.1256176,2239549.493197282,-2788010.5935721267,2239549.493197282,9149083.94399802,10736663.746798735,89557782.91463946,89557782.91463946,9805043.420046335,9149083.94399802,9149083.94399802,9149083.94399802,9149083.94399802,9149083.94399802,9149083.94399802,9149083.94399802,0.034144392033139834,0.03387553855256393,3626833.4529689476,3608013.7093286347,3603980.907119996,3603980.907119996,29568505.793737944,29568505.793737944,172903706.16057265,104567872.73519218,68335833.42538045,68029340.45752393,68029340.45752393,112926527.44629705,127330352.66815111,-49952976.691003,-49952976.691003,61719349.26840745,47315524.04655338,0.0029305029382773557,-182863.383348507,74.38996124267578,2024-07-29,0,0,0,1,0,0,0,0,0,0,0,4.142181876696654,1
73.8387680053711,73.04326705932617,71.18008651733399,69.38926864624024,74.00982559954733,73.05154909745212,71.70405770900415,70.39325663122104,73.804206276243,85.64575806008588,75.29737954737217,1.506329803399069,1.112030822694629,0.39429898070444014,38.3952771726606,143.56808283862364,-5.337455494405297,58.050519156358085,4.8417983429976275,1.4883530552136637,1.9812239225163568,1.397499411187468,75.687971724932,73.8387680053711,71.98956428581019,3.4693222045898438,3.4607563868086255,2.433992874928009,0.0,100.0,100.0,0.7622403738936051,0.009852785120180618,1.018870418688453,1.0143837949966152,0.1338841349463952,0.05291433102944264,0.9031769450181961,0.10215844615892648,1.0,0.517963350256175,2.541604916315925,2.5226093402520386,12957432.105385562,16470341.83685387,-3467650.56857709,-15763500.204641035,4446047.178137228,2217698.9816696476,-2760808.936364255,2217698.9816696476,9059819.489341909,10631909.82388684,88683998.53349055,88683998.53349055,9709378.995156659,9059819.489341909,9059819.489341909,9059819.489341909,9059819.489341909,9059819.489341909,9059819.489341909,9059819.489341909,0.0338112569834388,0.033545026613490465,3591447.6906030662,3572811.5647066827,3568818.109157458,3568818.109157458,29280016.086918104,29280016.086918104,171216744.36932477,103547640.08770621,67669104.28161857,67365601.65987746,67365601.65987746,111824742.2894,126088034.35938215,-49465602.73640102,-49465602.73640102,61117174.87718999,46853882.80720783,0.0029019110324368736,-181079.2484240609,75.12290954589844,2024-07-30,0,0,0,1,0,0,0,0,0,0,0,3.7930292052717154,1
74.38213195800782,73.29344863891602,71.53123092651367,69.45647644042968,74.42645701590915,73.45303468857588,72.04269219849259,70.5840983260215,74.22718288296025,83.0492177170601,80.87859323013542,1.5970557210040681,1.2090358023565169,0.38801991864755125,39.92103148996621,143.233842643397,-13.204734561610845,55.726938928094214,3.438548469022895,1.488146239548584,1.9773475672532923,1.4854576359025486,75.96656915661346,74.38213195800782,72.79769475940218,2.5018157958984375,3.49935969601505,2.4719550303923796,0.0,100.0,100.0,0.06578828489685906,0.0018211528754858985,1.0199005541649573,1.0013002011358683,0.1338841349463952,0.05291433102944264,0.9031769450181961,0.10215844615892648,1.0,0.517963350256175,2.541604916315925,2.5226093402520386,12933877.53711766,16440401.352656338,-3461346.926668533,-15734844.647066707,4437964.9654790405,2213667.5546371504,-2755790.2210789016,2213667.5546371504,9043350.16618274,10612582.688407514,88522785.00902535,88522785.00902535,9691728.875247074,9043350.16618274,9043350.16618274,9043350.16618274,9043350.16618274,9043350.16618274,9043350.16618274,9043350.16618274,0.03374979345005019,0.033484047044931686,3584919.005048638,3566316.756690343,3562330.560613565,3562330.560613565,29226789.63493323,29226789.63493323,170905499.32778764,103359406.8067915,67546092.52099612,67243141.61916102,67243141.61916102,111621462.54192583,125858826.19614977,-49375682.07101831,-49375682.07101831,61006073.4910297,46768709.83680577,0.002896635815791709,-180750.07490540267,75.25971984863281,2024-07-31,0,0,0,1,0,0,0,0,0,0,0,2.821142848221927,1
75.02517700195312,73.66774368286133,71.95165367126465,69.5391552734375,75.04625485224021,73.96809211336252,72.44680251529351,70.8076964514678,77.20072669696513,88.2024414300514,85.63247240239905,1.7317937933485297,1.3135874005549195,0.41820639279361016,41.41809275743441,135.2668486727284,-1.2876100935610242,60.17792612652213,5.159637173374998,1.5088954192619326,1.977949264351948,1.7786347555354638,76.5678011516963,75.02517700195312,73.48255285220995,3.742950439453125,3.4991746143951943,2.484879615979324,7.142857142857143,100.0,92.85714285714286,0.510989264350178,0.013634526920022427,1.0238438314052778,1.0120575695357563,0.1338841349463952,0.05291433102944264,0.9031769450181961,0.10215844615892648,1.0,0.517963350256175,2.541604916315925,2.5226093402520386,12759902.305634627,16219259.423424825,-3414787.9089971446,-15523193.25080391,4378269.334376377,2183891.2308595944,-2718721.7363762297,2183891.2308595944,8921706.91310348,10469831.489120996,87332053.77090509,87332053.77090509,9561364.197701376,8921706.91310348,8921706.91310348,8921706.91310348,8921706.91310348,8921706.91310348,8921706.91310348,8921706.91310348,0.03329582068657485,0.03303364887014512,3536697.803636966,3518345.7764868853,3514413.1992404396,3514413.1992404396,28833656.370940957,28833656.370940957,168606627.72320142,101969106.28217654,66637521.44102489,66338645.570295006,66338645.570295006,110120028.05497663,124165883.12019905,-48711523.49264257,-48711523.49264257,60185473.038689405,46139617.973466985,0.002857672799083983,-178318.78266284053,76.28585052490234,2024-08-01,0,0,0,1,0,0,0,0,0,0,0,0.2662082446947621,1
75.61740417480469,74.178857421875,72.36015319824219,69.64193466186524,75.70702980546483,74.52454440400825,72.883162248305,71.05165265775982,79.08197305075342,86.63926090692458,85.96364001801193,1.8768713202934322,1.4262441845026221,0.45062713579081004,43.150450501258206,144.88275992443516,-6.950332497380627,61.2319082824228,7.106951005387763,1.5721395641545277,2.0409821523833234,2.3943134477582646,77.47585860498708,75.61740417480469,73.7589497446223,5.111137390136719,3.368345633388824,2.40659801776593,0.0,100.0,100.0,0.09387903813456258,0.009736133003711789,1.0318760984749749,1.0029266238408348,0.1338841349463952,0.05291433102944264,0.9031769450181961,0.10215844615892648,1.0,0.517963350256175,2.541604916315925,2.5226093402520386,12636868.077283833,16062869.192544984,-3381861.6541323597,-15373514.667268869,4336052.946181221,2162833.5953107527,-2692507.128856243,2162833.5953107527,8835681.54242796,10368878.706930961,86489975.86242075,86489975.86242075,9469171.088548368,8835681.54242796,8835681.54242796,8835681.54242796,8835681.54242796,8835681.54242796,8835681.54242796,8835681.54242796,0.03297477390209671,0.032715130013103826,3502596.0625140523,3484420.99028455,3480526.331949657,3480526.331949657,28555634.911437765,28555634.911437765,166980879.66966084,100985894.18489365,65994985.484767176,65698991.451315284,65698991.451315284,109058222.69368254,122968644.04647648,-48241834.57487849,-48241834.57487849,59605149.37665222,45694728.02385827,0.0028301183900224735,-176599.38753740236,77.02857971191406,2024-08-02,0,0,0,1,0,0,0,0,0,0,0,-0.10115596917283477,0
75.65062866210937,74.45835723876954,72.694868850708,69.70225875854493,75.32338109670962,74.53027881767933,73.04248809886636,71.18908132526724,61.02893640011291,66.23646783224527,80.35939005640698,1.7719110516685248,1.4953775579358026,0.2765334937327222,43.67159976643221,79.65014743875598,-45.29412706878535,54.39375181233933,3.8948660671331847,1.6971814792917272,2.2763822823558963,3.322726376075323,77.42411828346367,75.65062866210937,73.87713904075507,2.7949981689453125,3.2712923415164004,2.3447666657276756,0.0,100.0,100.0,-0.7294101807492505,-0.032098424272678394,1.0447545277247192,0.9685159853595429,0.1338841349463952,0.05291433102944264,0.9031769450181961,0.10215844615892648,1.0,0.517963350256175,2.541604916315925,2.5226093402520386,13055943.2840968,16595560.535661567,-3494013.997850027,-15883345.014410755,4479849.041389286,2234559.4320223206,-2781798.476599215,2234559.4320223206,9128698.37595673,10712740.806459948,89358234.38186736,89358234.38186736,9783196.273270696,9128698.37595673,9128698.37595673,9128698.37595673,9128698.37595673,9128698.37595673,9128698.37595673,9128698.37595673,0.03406831306924786,0.033800058635631736,3618752.309481525,3599974.499128396,3595950.6826241543,3595950.6826241543,29502622.60910142,29502622.60910142,172518450.07503417,104334879.41065562,68183570.66437855,67877760.61005616,67877760.61005616,112674909.75178094,127046641.03276484,-49841673.76587601,-49841673.76587601,61581829.053085715,47210097.77210182,0.0029239733264157615,-182455.9355683435,74.55608367919922,2024-08-05,0,0,0,1,0,0,0,0,0,0,0,2.091767321942876,1
75.65453491210937,74.74665145874023,73.02811813354492,69.8032600402832,75.2630676631059,74.64158099553735,73.24248359382179,71.34411502999788,63.17586033293458,42.845791019687844,65.2405065862858,1.7162594311245272,1.5395539325735474,0.17670549855097972,44.15552408409378,68.62679994499875,-36.47069283338904,51.203214414621,3.989706897660339,1.7029992384147565,2.2663613536861753,1.7786301070141377,77.42343806245299,75.65453491210937,73.88563176176575,2.8829421997070312,3.3011494634260847,2.374071805905075,21.42857142857143,92.85714285714286,71.42857142857143,0.19205331473986995,0.007864644811846677,1.0197128220144889,1.0037859128107596,0.1338841349463952,0.05291433102944264,0.9031769450181961,0.10215844615892648,1.0,0.517963350256175,2.541604916315925,2.5226093402520386,12954064.170525745,16466060.815894293,-3466749.2463755463,-15759402.90809183,4444891.548136017,2217122.550657067,-2760091.3385730837,2217122.550657067,9057464.633716686,10629146.345797116,88660947.52093345,88660947.52093345,9706855.304064242,9057464.633716686,9057464.633716686,9057464.633716686,9057464.633716686,9057464.633716686,9057464.633716686,9057464.633716686,0.033802468659477496,0.033536307488930425,3590514.190679932,3571882.9087416376,3567890.4911834314,3567890.4911834314,29272405.536766417,29272405.536766417,171172241.19637692,103520725.67257619,67651515.52380073,67348091.78937706,67348091.78937706,111795676.4648845,126055261.17694362,-49452745.48764503,-49452745.48764503,61101289.11663741,46841704.4045783,0.002901156758963029,-181032.18175929302,75.14244079589844,2024-08-06,0,0,0,1,0,0,0,0,0,0,0,1.8965039338739598,1
75.77180786132813,75.07696990966797,73.33498153686523,69.91716842651367,75.45740664031278,74.8605816499354,73.49044559390796,71.52066285606567,65.62331018232425,29.83331927463338,46.30519270885541,1.7092303513327636,1.5734892163253906,0.13574113500737295,44.83475942387198,78.06867359566452,-25.882342138416284,51.101867018325954,4.553422189334144,1.7237589986649249,2.2727066372319693,1.9936358819171147,77.49768631998805,75.77180786132813,74.04592940266821,3.3031845092773438,3.3383947558510654,2.41098932119516,14.285714285714286,85.71428571428572,71.42857142857143,0.3137250502081278,0.009364132857213825,1.0266144928234422,1.0083149198323813,0.1338841349463952,0.05291433102944264,0.9031769450181961,0.10215844615892648,1.0,0.517963350256175,2.541604916315925,2.5226093402520386,12833885.957346817,16313300.89893694,-3434587.314453304,-15613198.839829568,4403655.136381587,2196553.729704109,-2734485.2553459317,2196553.729704109,8973436.185093738,10530536.998287346,87838416.91497429,87838416.91497429,9616802.289761357,8973436.185093738,8973436.185093738,8973436.185093738,8973436.185093738,8973436.185093738,8973436.185093738,8973436.185093738,0.0334888743904468,0.03322518246611257,3557204.059268719,3538745.6245653233,3534790.24570031,3534790.24570031,29000837.83827826,29000837.83827826,169584231.91820624,102560337.05055416,67023894.86765209,66723286.07391107,66723286.07391107,110758518.97810528,124885813.82431148,-48993959.541299336,-48993959.541299336,60534436.60978677,46407141.76358057,0.0028742419752430717,-179352.69925516768,75.84608459472656,2024-08-07,0,0,0,1,0,0,0,0,0,0,0,1.339764686663653,1
75.73467407226562,75.37992553710937,73.66139068603516,70.05364562988281,75.67166495340514,75.08596345532712,73.73899187825862,71.70025182561564,66.4894618095838,43.725500172053906,38.80153682212495,1.7045146739199595,1.5996943078443044,0.10482036607565504,45.46547795366603,69.49171438745692,-22.058720029121194,51.75802302634448,4.146065894141837,1.6753248455600644,2.2014728622006188,1.0456808551968777,77.42227957474663,75.73467407226562,74.04706856978461,3.0295562744140625,3.3487692731513072,2.42860970130333,7.142857142857143,78.57142857142857,71.42857142857143,0.6822463225594826,0.0033501661453061438,1.0138997096409954,1.009463357048348,0.1338841349463952,0.05291433102944264,0.9031769450181961,0.10215844615892648,1.0,0.517963350256175,2.541604916315925,2.5226093402520386,12791033.86871638,16258831.113378648,-3423119.2960762447,-15561066.681049863,4388951.419921174,2189219.4807151724,-2725354.8637474594,2189219.4807151724,8943474.061072906,10495375.745781561,87545126.19700253,87545126.19700253,9584691.979179522,8943474.061072906,8943474.061072906,8943474.061072906,8943474.061072906,8943474.061072906,8943474.061072906,8943474.061072906,0.03337705570838258,0.03311424424611185,3545326.6260321336,3526929.8236731826,3522987.651739122,3522987.651739122,28904004.620534774,28904004.620534774,169017993.55823985,102217890.13557732,66800103.422662534,66500498.3556739,66500498.3556739,110388698.49757428,124468822.58872859,-48830369.68990144,-48830369.68990144,60332313.3361799,46252189.24502559,0.002864644938750946,-178753.84417805902,76.10018157958984,2024-08-08,0,0,0,1,0,0,0,0,0,0,0,1.6597552804858502,1
75.50208435058593,75.55974426269532,73.96336822509765,70.20738723754883,75.73632033677531,75.2277212095432,73.94152894733071,71.8636000325921,64.864809225324,50.980489255961885,41.51310290088296,1.6626848069277145,1.6122924076609864,0.050392399266728116,45.85514574415656,55.642420329001055,-27.23000754875261,53.66369167802313,2.4277701003938112,1.6345389461994597,2.154518353599664,1.104322254511601,76.64488213202291,75.50208435058593,74.35928656914895,1.798187255859375,3.292975647785449,2.3982641268999174,0.0,71.42857142857143,71.42857142857143,-0.25663686939612557,-0.0030821276796680896,1.0147059465990016,0.9962782222492028,0.1338841349463952,0.05291433102944264,0.9031769450181961,0.10215844615892648,1.0,0.517963350256175,2.541604916315925,2.5226093402520386,12830579.35248485,16309097.835247077,-3433702.405303373,-15609176.154933799,4402520.550369776,2195987.795483846,-2733780.7249900945,2195987.795483846,8971124.211322363,10527823.843054911,87815785.66069916,87815785.66069916,9614324.555011837,8971124.211322363,8971124.211322363,8971124.211322363,8971124.211322363,8971124.211322363,8971124.211322363,8971124.211322363,0.033480246101614465,0.03321662211656238,3556287.5583525915,3537833.8793989457,3533879.5196231646,3533879.5196231646,28993365.87602802,28993365.87602802,169540539.14676997,102533912.74615693,67006626.40061304,66706095.057653666,66706095.057653666,110729982.44142617,124853637.44059148,-48981336.422676906,-48981336.422676906,60518840.12848129,46395185.12931598,0.002873501437067698,-179306.48967302436,75.86563110351562,2024-08-09,0,0,0,1,0,0,0,0,0,0,0,1.2359586719845213,1
75.53922271728516,75.59492568969726,74.14563026428223,70.32815979003907,75.40480539541531,75.13936744647995,74.01774290593686,71.97646965926282,57.602007583648884,36.20645657425637,43.637482000757295,1.5213118462623356,1.5940962953812563,-0.07278444911892068,45.58946124188644,3.655976153010673,-45.2267475838835,46.76843995154976,0.4729324550551084,1.6043443042794545,2.146516179572089,1.211813959319386,76.56244876420664,75.53922271728516,74.51599667036368,0.35181427001953125,3.1636705341384754,2.311250246488129,7.142857142857143,64.28571428571429,57.142857142857146,-0.918178098058659,-0.014813764473755708,1.0143997706887031,0.9869661306661596,0.1338841349463952,0.05291433102944264,0.9031769450181961,0.10215844615892648,1.0,0.517963350256175,2.541604916315925,2.5226093402520386,13023506.51055463,16554329.777593223,-3485333.3121013776,-15843883.716662,4468719.102655893,2229007.791923568,-2774887.2511701565,2229007.791923568,9106018.626549704,10686125.590692401,89136228.75962302,89136228.75962302,9758890.459808623,9106018.626549704,9106018.626549704,9106018.626549704,9106018.626549704,9106018.626549704,9106018.626549704,9106018.626549704,0.0339836722178023,0.033716084247583385,3609761.7182531734,3591030.5603378494,3587016.7407845655,3587016.7407845655,29429324.964676354,29429324.964676354,172089837.467338,104075665.1369451,68014172.33039291,67709122.04434335,67709122.04434335,112394975.13105118,126731000.6355296,-49717844.86667455,-49717844.86667455,61428832.38330539,47092806.87882698,0.0029167088753861816,-182002.63382409775,74.74177551269531,2024-08-12,0,0,0,1,0,0,0,0,0,0,0,3.6125457992677834,1
75.62327117919922,75.6389030456543,74.34108505249023,70.43620590209962,75.45743129876645,75.21633392993246,74.16488006779704,72.11710548068265,61.034021717045725,31.057256305910588,39.414734045376186,1.4586981739820715,1.5670166711014193,-0.10831849711934782,45.342754204064185,8.899402350735853,-40.27486213559257,44.70179599999361,0.585405387289506,1.5616475062409951,2.0666914435281254,1.0065891317410234,76.56837782113773,75.62327117919922,74.67816453726071,0.4397735595703125,2.9169755344993393,2.1396645766038205,0.0,57.142857142857146,57.142857142857146,0.6310701905128745,0.010983249824376928,1.0134816591456217,1.0084779123699286,0.1338841349463952,0.05291433102944264,0.9031769450181961,0.10215844615892648,1.0,0.517963350256175,2.541604916315925,2.5226093402520386,12882020.065927906,16374484.721155329,-3447468.8999118754,-15671756.895491911,4420171.257468585,2204792.010461875,-2744741.0742484564,2204792.010461875,9007091.49051832,10570032.285449577,88167859.13624913,88167859.13624913,9652870.570807071,9007091.49051832,9007091.49051832,9007091.49051832,9007091.49051832,9007091.49051832,9007091.49051832,9007091.49051832,0.03361447602985092,0.03334979511623004,3570545.5247455817,3552017.8607921205,3548047.6470878073,3548047.6470878073,29109606.88002365,29109606.88002365,170220265.76328796,102944994.54370248,67275271.21958548,66973534.97805769,66973534.97805769,111173924.14817543,125354204.09541371,-49177713.75075827,-49177713.75075827,60761473.93537579,46581193.9881375,0.0028850219584675195,-180025.3702083732,75.56268310546875,2024-08-13,0,0,0,1,0,0,0,0,0,0,0,-0.3343143360481543,0
75.69168090820312,75.73174438476562,74.51259651184083,70.562978515625,75.70099861242633,75.39302471353494,74.3575708460779,72.27675362809691,63.46088284564574,36.679517068438464,34.64774331620171,1.4429119950269893,1.5421957358865332,-0.09928374085954395,45.80979071329544,107.03444890763988,-31.54350841542908,51.391025256760095,1.2336126057611807,1.5534125812076758,2.038916712028437,1.4463585557745233,76.73573342795191,75.69168090820312,74.64762838845434,0.9284133911132812,2.706017923346008,1.9929477006961207,0.0,50.0,50.0,0.12162217892013212,0.008277235648241232,1.0191461276728295,1.0023142235536227,0.1338841349463952,0.05291433102944264,0.9031769450181961,0.10215844615892648,1.0,0.517963350256175,2.541604916315925,2.5226093402520386,12776267.885930998,16240061.901851678,-3419167.6436049156,-15543102.969508411,4383884.809842771,2186692.243472472,-2722208.7112616487,2186692.243472472,8933149.705326317,10483259.873118028,87444064.01237877,87444064.01237877,9573627.400802173,8933149.705326317,8933149.705326317,8933149.705326317,8933149.705326317,8933149.705326317,8933149.705326317,8933149.705326317,0.03333852520060071,0.03307601712815504,3541233.8972921544,3522858.332220957,3518920.711134272,3518920.711134272,28870637.807575326,28870637.807575326,168822879.01090023,102099889.6970208,66722989.31387942,66423730.11129135,66423730.11129135,110261265.66935684,124325135.65063387,-48773999.8604064,-48773999.8604064,60262665.65099136,46198795.669714324,0.0028613379896578564,-178547.49055465026,76.1881332397461,2024-08-14,0,0,0,1,0,0,0,0,0,0,0,-1.565130679739731,0
75.49036102294922,75.61251754760742,74.64013061523437,70.72673202514649,75.49852645939099,75.33858061167774,74.42766716105338,72.38721749183117,56.794453288057355,41.65115833487499,36.462643903074586,1.3267858479823218,1.499113758305691,-0.17232791032336925,45.22635041197772,-15.073595445914545,-64.70610015296668,49.194334227248085,-1.562895823246846,1.5576331399771473,2.0742560087184168,1.6125004039802775,76.5298831905138,75.49036102294922,74.45083885538463,-1.1922683715820312,2.414700838591037,1.783397381122299,0.0,42.85714285714286,42.85714285714286,-0.8121228655054629,-0.014366424794547528,1.0215601927635896,0.9828600158345554,0.1338841349463952,0.05291433102944264,0.9031769450181961,0.10215844615892648,1.0,0.517963350256175,2.541604916315925,2.5226093402520386,12962492.560450593,16476774.239824861,-3469004.840761639,-15769656.554433525,4447783.557828743,2218565.092018768,-2761887.155370303,2218565.092018768,9063357.75286899,10636062.058795858,88718633.5897205,88718633.5897205,9713170.940637425,9063357.75286899,9063357.75286899,9063357.75286899,9063357.75286899,9063357.75286899,9063357.75286899,9063357.75286899,0.03382446178708086,0.033558127442300696,3592850.3110844158,3574206.906949804,3570211.8917781017,3570211.8917781017,29291451.238922462,29291451.238922462,171283612.14329532,103588080.05879708,67695532.08449824,67391910.93144886,67391910.93144886,111868414.83801238,126137277.35960968,-49484921.260154516,-49484921.260154516,61141043.8594584,46872181.337861106,0.00290304435810379,-181149.9679456765,75.09358215332031,2024-08-15,0,0,0,1,0,0,0,0,0,0,0,1.3740992531901417,1
75.40240631103515,75.45224533081054,74.81555137634277,70.90801177978516,75.47430348757577,75.3544491448173,74.522732911805,72.50637984681603,58.228981436690894,39.19091028382107,39.17386189571141,1.247190056268039,1.4487290178981607,-0.20153896163012175,44.68458441789698,-49.391708132133154,-61.00282690489662,50.606311287352426,-2.0806850833325896,1.5085001680459962,1.999977484070499,0.86977153294103,76.3721117631263,75.40240631103515,74.432700858944,-1.60272216796875,2.122128744723266,1.5720937679975435,0.0,35.714285714285715,35.714285714285715,0.41573370823118116,0.0044248174224341685,1.011621825128862,1.0048171170204736,0.1338841349463952,0.05291433102944264,0.9031769450181961,0.10215844615892648,1.0,0.517963350256175,2.541604916315925,2.5226093402520386,12905388.572252806,16404188.699864801,-3453722.7481732653,-15700186.097454052,4428189.627216393,2208791.592497758,-2749720.1457625153,2208791.592497758,9023430.71941161,10589206.752268663,88327799.20491335,88327799.20491335,9670381.269116258,9023430.71941161,9023430.71941161,9023430.71941161,9023430.71941161,9023430.71941161,9023430.71941161,9023430.71941161,0.033675454051286344,0.03341029299576441,3577022.638990967,3558461.3651044313,3554483.949271602,3554483.949271602,29162412.886302933,29162412.886302933,170529052.22199228,103131740.93470325,67397311.28728904,67095027.68399402,67095027.68399402,111375598.15088035,125581601.70046827,-49266924.1159764,-49266924.1159764,60871697.71089409,46665694.16130617,0.002890255505189143,-180351.94352380253,75.42585754394531,2024-08-16,0,0,0,1,0,0,0,0,0,0,0,0.32838644666747185,1
75.73076782226562,75.63499526977539,75.04667625427246,71.09076477050782,75.77739668133306,75.54156440373191,74.69995673628524,72.65842703199374,62.13174654062856,41.94389654186923,40.92865505352167,1.2470154458713694,1.4083863034928024,-0.161370857621433,44.785075244519724,99.26455771221266,-35.58825202076902,49.941981367791655,2.451174068519779,1.4984774625184851,1.9617794849553547,1.3681822906608403,76.695165747539,75.73076782226562,74.76636989699225,1.8274993896484375,1.7865861476885248,1.3280265025603484,0.0,28.571428571428573,28.571428571428573,0.6071465550596457,0.012697575554170504,1.0181394340547187,1.0109947759715217,0.1338841349463952,0.05291433102944264,0.9031769450181961,0.10215844615892648,1.0,0.517963350256175,2.541604916315925,2.5226093402520386,12743576.052495923,16198506.934203004,-3410418.699070462,-15503331.375966378,4372667.353126811,2181096.9491943917,-2715243.140833834,2181096.9491943917,8910291.618377568,10456435.374078995,87220312.6946151,87220312.6946151,9549130.463578342,8910291.618377568,8910291.618377568,8910291.618377568,8910291.618377568,8910291.618377568,8910291.618377568,8910291.618377568,0.03325321879323982,0.03299138242478911,3532172.610400041,3513844.0646084915,3509916.519081731,3509916.519081731,28796763.802208785,28796763.802208785,168390896.0961766,101838637.14521809,66552258.95095852,66253765.490924716,66253765.490924716,109979129.84035057,124007013.28009722,-48649197.25814141,-48649197.25814141,60108465.92338661,46080582.48363997,0.002854016416112709,-178090.62436543306,76.38358306884766,2024-08-19,0,0,0,1,0,0,0,0,0,0,0,-1.4954729688089463,0
75.88321990966797,75.7532455444336,75.24994850158691,71.2847801208496,75.95991230171553,75.68399697441346,74.85471738449431,72.8022119931893,61.751314027466506,58.92701052088395,46.68727244885799,1.227989843646725,1.372307011523587,-0.144317167876862,44.87838815495513,97.7256731396539,-37.353053564146485,49.174789023022385,1.5736815760269751,1.4347222068186423,1.8797553463241194,0.605903882720682,76.93056448239858,75.88321990966797,74.83587533693736,1.1825027465820312,1.4332967983749385,1.0682975084353785,21.42857142857143,21.42857142857143,0.0,0.19354203583382426,-0.0007676980315827198,1.0079772916552958,1.0015387934344944,0.1338841349463952,0.05291433102944264,0.9031769450181961,0.10215844615892648,1.0,0.517963350256175,2.541604916315925,2.5226093402520386,12753366.787074411,16210952.050182011,-3413038.882302121,-15515242.397014093,4376026.820302911,2182772.659468458,-2717329.229134203,2182772.659468458,8917137.287120244,10464468.926275255,87287323.00066483,87287323.00066483,9556466.944440475,8917137.287120244,8917137.287120244,8917137.287120244,8917137.287120244,8917137.287120244,8917137.287120244,8917137.287120244,0.03327876683703412,0.03301672930288424,3534886.3356818124,3516543.708291321,3512613.145279073,3512613.145279073,28818888.005803242,28818888.005803242,168520268.7747968,101916878.53225234,66603390.24254446,66304667.453613594,66304667.453613594,110063625.46897195,124102286.3610515,-48686573.84504676,-48686573.84504676,60154646.52711603,46115985.63503648,0.0028562091222336366,-178227.4492273789,76.32494354248047,2024-08-20,0,0,0,1,0,0,0,0,0,0,0,-2.3851209253680232,0
76.04544677734376,75.86856384277344,75.4727668762207,71.50141387939453,76.30636406051869,75.92313708417919,75.05896026007818,72.96680240828482,64.44719552608007,75.50355856306585,58.79148854193958,1.252881789548951,1.3484219671286597,-0.09554017757970867,45.408794449291904,158.17563227738975,-17.05875426523711,53.363535361922075,1.5204252000091012,1.423687155372043,1.848961944901023,1.280231486566251,77.42882403433845,76.04544677734376,74.66206952034906,1.1531829833984375,1.4266720489672924,1.0662930806477817,14.285714285714286,14.285714285714286,0.0,0.3435135843452428,0.008834910375914218,1.0168057118572835,1.0057442506851262,0.1338841349463952,0.05291433102944264,0.9031769450181961,0.10215844615892648,1.0,0.517963350256175,2.541604916315925,2.5226093402520386,12641678.688857252,16068984.016563673,-3383149.0635374095,-15379367.067335892,4337703.597779251,2163656.9442815064,-2693532.1143096304,2163656.9442815064,8839045.115714245,10372825.938761339,86522900.92552371,86522900.92552371,9472775.81906788,8839045.115714245,8839045.115714245,8839045.115714245,8839045.115714245,8839045.115714245,8839045.115714245,8839045.115714245,0.03298732676155478,0.03272758403114884,3503929.433176173,3485747.442047757,3481851.3010916677,3481851.3010916677,28566505.490045626,28566505.490045626,167044446.06501812,101024337.56408753,66020108.5009306,65724001.78826782,65724001.78826782,109099739.0524083,123015455.8339067,-48260199.30942424,-48260199.30942424,59627839.905640334,45712123.12414193,0.0028311957614247803,-176666.61551290628,76.999267578125,2024-08-21,0,0,0,1,0,0,0,0,0,0,0,-4.413765619599923,0
76.41094818115235,75.95065460205078,75.66529006958008,71.69530563354492,76.51127243113355,76.10458291839448,75.236305870772,73.12187247746436,63.885001737638056,77.34635213277907,70.59230707224286,1.2518697171945092,1.3291115171418295,-0.07724179994732028,45.90131457974747,148.26327081492946,-19.411593377257525,49.79295536961771,1.0787196242296515,1.393894437866504,1.812109595514297,1.0065891102944988,77.53697224999628,76.41094818115235,75.28492411230842,0.8209075927734375,1.4077318250227946,1.0543912740854182,7.142857142857143,7.142857142857143,0.0,-0.24271873425972354,-0.0010153136285666609,1.013179766592273,0.9968338398822353,0.1338841349463952,0.05291433102944264,0.9031769450181961,0.10215844615892648,1.0,0.517963350256175,2.541604916315925,2.5226093402520386,12654527.002586043,16085315.656769786,-3386587.511992669,-15394997.818432702,4342112.2034762055,2165855.967362682,-2696269.6736555835,2165855.967362682,8848028.63977816,10383368.314121094,86610838.08981788,86610838.08981788,9482403.43250447,8848028.63977816,8848028.63977816,8848028.63977816,8848028.63977816,8848028.63977816,8848028.63977816,8848028.63977816,0.03302085328392084,0.03276084656514981,3507490.636221198,3489290.165907226,3485390.0651256605,3485390.0651256605,28595538.930437908,28595538.930437908,167214220.94243112,101127013.19880451,66087207.74362662,65790800.084227644,65790800.084227644,109210622.08539584,123140482.04355378,-48309248.34765742,-48309248.34765742,59688442.39467156,45758582.43651362,0.0028340732346042296,-176846.16983930394,76.92108917236328,2024-08-22,0,0,0,1,0,0,0,0,0,0,0,-5.529893720627074,0
76.82531127929687,76.11385879516601,75.83680152893066,71.90344940185547,76.84007263231169,76.35787203044421,75.45167417209542,73.29347249931548,66.22511186027181,86.20848847805148,79.68613305796536,1.282805755309269,1.3198503647753175,-0.03704460946604837,46.45484015148791,157.56540899251925,-2.67540171767936,55.28128173744656,2.1512269883123825,1.3494766765349566,1.7413125113205383,0.7720457792248396,77.69110396244675,76.82531127929687,75.95951859614699,1.6320419311523438,1.3336632654846918,1.001455453725967,0.0,100.0,100.0,0.5189913758969291,0.007495783906708464,1.010052181605033,1.0051971563605204,0.1338841349463952,0.05291433102944264,0.9031769450181961,0.10215844615892648,1.0,0.517963350256175,2.541604916315925,2.5226093402520386,12560377.129834043,15965640.664417159,-3361391.249560066,-15280458.801263072,4309806.822852446,2149741.9661293933,-2676209.3864059797,2149741.9661293933,8782199.172555013,10306115.896443857,85966452.14134,85966452.14134,9411854.20720581,8782199.172555013,8782199.172555013,8782199.172555013,8782199.172555013,8782199.172555013,8782199.172555013,8782199.172555013,0.032775177634865905,0.03251710537002444,3481394.852711347,3463329.7941724444,3459458.710199822,3459458.710199822,28382787.68726419,28382787.68726419,165970144.603518,100374626.68743894,65595517.91607906,65301315.534159794,65301315.534159794,108398093.40136003,122224314.99024147,-47949826.80754398,-47949826.80754398,59244359.47833064,45418137.88944922,0.0028129876867719556,-175530.43165457,77.49767303466797,2024-08-23,0,0,0,1,0,0,0,0,0,0,0,-5.408782927363522,0
77.02272033691406,76.37674407958984,75.98583488464355,72.13120178222657,77.01692454051899,76.54200954435137,75.63443171350858,73.45336096432011,65.2222908552922,78.92199405365997,80.82561155483008,1.2822899048356504,1.312338272787384,-0.0300483679517336,47.29547553605982,159.745892034022,-25.067427247104813,55.813344192421155,3.517246982969735,1.3200983637039037,1.706200908197229,0.9381802969002138,77.84461640618248,77.02272033691406,76.20082426764564,2.6288528442382812,1.1920110611234134,0.8975880940755161,28.571428571428573,100.0,71.42857142857143,-0.19791939854881713,-0.0016393353859481818,1.0121303903446608,0.9976058160289195,0.1338841349463952,0.05291433102944264,0.9031769450181961,0.10215844615892648,1.0,0.517963350256175,2.541604916315925,2.5226093402520386,12581001.61096557,15991856.68096127,-3366910.7454864713,-15305549.730537733,4316883.64296538,2153271.9009521925,-2680603.7950629336,2153271.9009521925,8796619.78264143,10323038.819270805,86107611.39570045,86107611.39570045,9427308.727997875,8796619.78264143,8796619.78264143,8796619.78264143,8796619.78264143,8796619.78264143,8796619.78264143,8796619.78264143,0.032828995368658874,0.032570499342134004,3487111.3978205374,3469016.675963796,3465139.235565923,3465139.235565923,28429392.997205537,28429392.997205537,166242672.09854373,100539444.55658412,65703227.541959606,65408542.07172125,65408542.07172125,108576086.02124242,122425010.6423125,-48028561.72832141,-48028561.72832141,59341640.329182476,45492715.708112404,0.002817606689121116,-175818.65740115763,77.3706283569336,2024-08-26,0,0,0,1,0,0,0,0,0,0,0,-4.37736530756998,0
77.24944915771485,76.5663345336914,76.10261878967285,72.36323944091797,77.16414557584078,76.70866010837555,75.80816084998246,73.61042867734616,65.61056253422552,72.7395834361366,79.29002198928258,1.2742894535759035,1.304728508945088,-0.030439055369184453,47.328465436254,112.41488837971063,-22.641415519585465,54.986017167429345,2.5090487302698916,1.305383450716717,1.685266269860737,1.1140895818832917,77.731486087118,77.24944915771485,76.7674122283117,1.895904541015625,1.07416005963087,0.8111997751089177,21.42857142857143,92.85714285714286,71.42857142857143,0.035088541178673896,0.0011368563422413658,1.0144927451890975,1.0005049345482324,0.1338841349463952,0.05291433102944264,0.9031769450181961,0.10215844615892648,1.0,0.517963350256175,2.541604916315925,2.5226093402520386,12566715.06124705,15973696.882351527,-3363087.398248261,-15288169.278332401,4311981.53940468,2150826.71995455,-2677559.7942291335,2150826.71995455,8786630.645864746,10311316.333899753,86009830.57431693,86009830.57431693,9416603.402697148,8786630.645864746,8786630.645864746,8786630.645864746,8786630.645864746,8786630.645864746,8786630.645864746,8786630.645864746,0.032791715898466724,0.03253351341107722,3483151.554884379,3465077.380767114,3461204.343456271,3461204.343456271,28397109.563097406,28397109.563097406,166053892.67749944,100425275.44527282,65628617.23222662,65334266.396602586,65334266.396602586,108452790.77821243,122285989.04010499,-47974022.15696943,-47974022.15696943,59274254.01757097,45441055.755678415,0.0028144071125455693,-175619.00382284352,77.45858764648438,2024-08-27,0,0,0,1,0,0,0,0,0,0,0,-2.1776871698153353,0
77.42731018066407,76.7363784790039,76.23406143188477,72.57104049682617,77.40562128151755,76.92318966919292,76.00629531120994,73.77819903089616,67.51959162495784,66.45148995676114,72.70435581551914,1.2878002780434201,1.3013428627647543,-0.013542584721334183,47.54335967533619,112.18899796318978,-11.968240023887843,54.729145858543134,2.2318954157521054,1.3098690787609795,1.6817217641489377,1.368182243336392,78.04580180042562,77.42731018066407,76.80881856090251,1.700439453125,1.1314705698751455,0.85693002358461,14.285714285714286,100.0,85.71428571428572,0.4642808486057252,0.005551160425867119,1.0177777971540178,1.0082225663680087,0.1338841349463952,0.05291433102944264,0.9031769450181961,0.10215844615892648,1.0,0.517963350256175,2.541604916315925,2.5226093402520386,12497340.320232783,15885513.84654204,-3344521.4232798847,-15203770.708053894,4288177.179944267,2138953.048439266,-2662778.284791739,2138953.048439266,8738123.918173857,10254392.555752952,85535012.00067274,85535012.00067274,9364618.900851414,8738123.918173857,8738123.918173857,8738123.918173857,8738123.918173857,8738123.918173857,8738123.918173857,8738123.918173857,0.0326106887337079,0.03235391165706453,3463922.7639190517,3445948.3685540156,3442096.712404365,3442096.712404365,28240342.889237754,28240342.889237754,165137189.64550042,99870876.18967205,65266313.45582838,64973587.58845495,64973587.58845495,107854075.50251439,121610907.3836829,-47709180.840338014,-47709180.840338014,58947029.599635065,45190197.71846656,0.002798870135412725,-174649.49644975405,77.8885726928711,2024-08-28,0,0,0,1,0,0,0,0,0,0,0,-1.6834735509639474,0
77.48985443115234,76.95040130615234,76.28145942687988,72.78226165771484,77.3483509959466,76.97966617021325,76.12320151250468,73.9137132032063,61.88588703731755,55.5452232563455,64.91209888308099,1.2314781473042018,1.2873699196726438,-0.055891772368442005,47.72662349491275,78.38819457798498,-29.787167592448426,49.844486907059874,2.8500814718288803,1.3105438447088624,1.6968525021626584,1.3193158020313405,77.92783925698468,77.48985443115234,77.05186960532,2.140228271484375,1.0745653045624022,0.8157710050925289,7.142857142857143,92.85714285714286,85.71428571428572,-0.711111236698002,-0.008406397054523729,1.0171450153765151,0.9879985109374846,0.1338841349463952,0.05291433102944264,0.9031769450181961,0.10215844615892648,1.0,0.517963350256175,2.541604916315925,2.5226093402520386,12603288.568129215,16020185.890020834,-3372875.1510146507,-15332663.162501149,4324530.903796135,2157086.3729713657,-2685352.4234949653,2157086.3729713657,8812202.793783382,10341325.846892135,86260149.06368448,86260149.06368448,9444008.990209607,8812202.793783382,8812202.793783382,8812202.793783382,8812202.793783382,8812202.793783382,8812202.793783382,8812202.793783382,0.032887151184557435,0.03262819723822234,3493288.7360604713,3475161.959817014,3471277.650621988,3471277.650621988,28479755.01793407,28479755.01793407,166537167.1972965,100717547.88757299,65819619.30972352,65524411.81090151,65524411.81090151,108768426.07913119,122641883.75403406,-48113643.229061194,-48113643.229061194,59446762.69041675,45573305.01551388,0.002822598015052567,-176130.1161392802,77.23381042480469,2024-08-29,0,0,0,1,0,0,0,0,0,0,0,-1.3206015099983306,0
77.63253631591797,77.22892379760742,76.34058456420898,73.01438827514649,77.63592815012977,77.20356004081013,76.32204731688482,74.08223748772747,66.39311050790829,65.88393972564768,62.62688431291801,1.2512762054263078,1.2801511768233766,-0.02887497139706885,47.9084059318492,105.29649372486325,-3.199861687933628,53.700498933431284,3.6926658910414467,1.2923232549881871,1.652353112072037,1.0554555886194095,78.35812932593488,77.63253631591797,76.90694330590107,2.7852249145507812,1.0335015360237432,0.7866402161427146,0.0,85.71428571428572,85.71428571428572,0.9080441626546653,0.012653422488365873,1.0109793383396823,1.0099697240891592,0.1338841349463952,0.05291433102944264,0.9031769450181961,0.10215844615892648,1.0,0.517963350256175,2.541604916315925,2.5226093402520386,12445806.520022908,15820008.636967685,-3330730.0169159314,-15141076.72181131,4270494.532245378,2130132.901413413,-2651798.1017595553,2130132.901413413,8702091.552832948,10212107.733246658,85182301.41534479,85182301.41534479,9326003.132446934,8702091.552832948,8702091.552832948,8702091.552832948,8702091.552832948,8702091.552832948,8702091.552832948,8702091.552832948,0.032476215903901984,0.03222049766843819,3449638.996406596,3431738.7199241305,3427902.9463921734,3427902.9463921734,28123891.536308188,28123891.536308188,164456233.0002986,99459050.50128847,64997182.49901012,64705663.7105814,64705663.7105814,107409330.44185786,121109434.90683068,-47512448.14917313,-47512448.14917313,58703956.72424613,45003852.259273306,0.002787328766555367,-173929.31503305488,78.2110824584961,2024-08-30,0,0,0,1,0,0,0,0,0,0,0,-2.930452705285768,0
78.02930908203125,77.52601470947266,76.58050498962402,73.26705139160157,78.20878282925318,77.59463861293557,76.61085159027674,74.28899257399306,70.75125483656686,66.3447171583364,62.59129338010976,1.3437401187425024,1.2928689652072018,0.050871153535300584,48.918604964187146,176.47104071107862,-12.710282326248853,54.60169828827457,3.8894602731251116,1.3326438110898444,1.6793552253362714,1.8568110404113867,79.51726059341543,78.02930908203125,76.54135757064707,2.9709091186523438,1.2295592602373662,0.938368039253433,0.0,100.0,100.0,0.6105261889847219,0.014619535915650683,1.0237558616746376,1.014492703891134,0.1338841349463952,0.05291433102944264,0.9031769450181961,0.10215844615892648,1.0,0.517963350256175,2.541604916315925,2.5226093402520386,12266476.32877589,15592059.956435595,-3282737.9121081973,-14922910.692969395,4208961.468883446,2099440.062023899,-2613588.6486419966,2099440.062023899,8576704.118928365,10064962.650291044,83954919.45507574,83954919.45507574,9191625.82852361,8576704.118928365,8576704.118928365,8576704.118928365,8576704.118928365,8576704.118928365,8576704.118928365,8576704.118928365,0.03200826985318549,0.03175623623229427,3399933.5458226167,3382291.1923602307,3378510.6880468624,3378510.6880468624,27718657.625616856,27718657.625616856,162086602.09945974,98025956.50943281,64060645.59002695,63773327.26221096,63773327.26221096,105861681.78294097,119364383.0221883,-46827846.76158948,-46827846.76158948,57858098.17989392,44355396.940646574,0.0027471664677143457,-171423.18758537516,79.3544921875,2024-09-03,0,0,0,1,0,0,0,0,0,0,0,-3.6729873767828796,0
78.57853546142579,77.91399230957032,76.83361892700195,73.52661575317383,78.87409506732114,78.06919878212129,76.95312472867487,74.52098186691322,73.50288324493904,85.11544598839708,72.44803429079361,1.4686944824284751,1.3280340686514565,0.14066041377701866,50.136871898820345,194.8269590957165,-9.918704816074563,54.75597320552791,5.083234681748805,1.358218109155877,1.6934391353615525,1.6906839840142993,80.70756139172431,78.57853546142579,76.44950953112726,3.8797760009765625,1.454071532324366,1.1129619891826934,7.142857142857143,100.0,92.85714285714286,0.4913276443738902,0.010714293955131016,1.0213712590753983,1.0104653836659194,0.1338841349463952,0.05291433102944264,0.9031769450181961,0.10215844615892648,1.0,0.517963350256175,2.541604916315925,2.5226093402520386,12136442.911848675,15426772.975991746,-3247938.5438017054,-14764717.173013356,4164343.4688282902,2077184.4967269255,-2585882.7408233155,2077184.4967269255,8485784.924803995,9958266.851955555,83064937.29948454,83064937.29948454,9094188.024743278,8485784.924803995,8485784.924803995,8485784.924803995,8485784.924803995,8485784.924803995,8485784.924803995,8485784.924803995,0.031668959313843885,0.03141959742948291,3363891.8200295586,3346436.4881242905,3342696.059858876,3342696.059858876,27424820.04202008,27424820.04202008,160368368.26080874,96986811.3033578,63381556.957450934,63097284.40927942,63097284.40927942,104739472.28814052,118099035.24277978,-46331438.11426924,-46331438.11426924,57244760.98332733,43885198.02868807,0.0027180445395346324,-169605.97926696108,80.20471954345703,2024-09-04,0,0,0,1,0,0,0,0,0,0,0,-4.7186169958258635,0
79.23135528564453,78.3293327331543,77.09894828796386,73.81796279907226,79.6336206495357,78.62983024245648,77.35308159394057,74.78104813934661,76.19217737795645,84.70565603912122,78.72193972861812,1.6254760655001235,1.38752246802119,0.23795359747893352,51.51159543123125,206.22160804942877,-6.376846065435671,60.04474763959866,5.394082783483256,1.3596278412039184,1.675395043456785,1.3779543578284574,82.01490697223082,79.23135528564453,76.44780359905823,4.153404235839844,1.665262910237867,1.2784721178886116,0.0,100.0,100.0,0.3385817784239053,0.01181915822290458,1.015448294448416,1.005205184626544,0.1338841349463952,0.05291433102944264,0.9031769450181961,0.10215844615892648,1.0,0.517963350256175,2.541604916315925,2.5226093402520386,11994675.93909208,15246571.337002905,-3209999.057051044,-14592249.072398644,4115699.3668140066,2052920.7021293817,-2555676.7924467814,2052920.7021293817,8386661.643873093,9841943.36609086,82094647.66942598,82094647.66942598,8987957.927892704,8386661.643873093,8386661.643873093,8386661.643873093,8386661.643873093,8386661.643873093,8386661.643873093,8386661.643873093,0.03129903111289694,0.03105258204901586,3324597.8717557457,3307346.43728407,3303649.701325854,3303649.701325854,27104468.045640986,27104468.045640986,158495089.71787962,95853898.90590657,62641190.811973065,62360238.87914863,62360238.87914863,103516000.30196929,116719508.89939806,-45790236.069104336,-45790236.069104336,56576079.34985973,43372570.75243096,0.002686294796303753,-167624.7952893542,81.15267181396484,2024-09-05,0,0,0,1,0,0,0,0,0,0,0,-5.081056475121424,0
79.98385467529297,78.73685455322266,77.34375457763672,74.12308639526367,80.08784955737276,79.06009881165473,77.70005547766499,75.02478379557014,74.84282290388965,86.36863375513953,85.39657859421918,1.7173131787109526,1.4534806101591424,0.26383256855181014,52.81722448684052,158.02963684012389,-10.937557959800367,57.90863407527993,5.297920563178615,1.3274303763600237,1.638877646910793,0.908863333389391,82.17086976120628,79.98385467529297,77.79683958937967,4.075218200683594,1.8795249739929636,1.4471144553942565,0.0,100.0,100.0,-0.21505861506025978,-0.0019267935044260387,1.011252272087189,0.9975926267064433,0.1338841349463952,0.05291433102944264,0.9031769450181961,0.10215844615892648,1.0,0.517963350256175,2.541604916315925,2.5226093402520386,12017831.819378942,15276005.044295834,-3216196.0026178495,-14620419.601919606,4123644.7787883366,2056883.8926531044,-2560610.5602416196,2056883.8926531044,8402852.204920186,9860943.367719295,82253132.47078939,82253132.47078939,9005309.299356049,8402852.204920186,8402852.204920186,8402852.204920186,8402852.204920186,8402852.204920186,8402852.204920186,8402852.204920186,0.03135945430575562,0.03111252946870242,3331016.0518475845,3313731.313253861,3310027.440698063,3310027.440698063,27156793.579110254,27156793.579110254,158801066.58146474,96038946.1234692,62762120.457995534,62480626.14375489,62480626.14375489,103715839.30745299,116944837.45257786,-45878634.72448341,-45878634.72448341,56685300.21811644,43456302.07299158,0.0026914807238798124,-167948.3971701003,80.99630737304688,2024-09-06,0,0,0,1,0,0,0,0,0,0,0,-4.9463431304248875,0
80.61126403808593,79.12190017700195,77.61787948608398,74.37831756591797,80.50794279573549,79.47610434998313,78.04749107716937,75.27275812799724,75.87796316579154,86.34803680686723,85.80744220037589,1.797760377006469,1.5223365635286077,0.27542381347786127,53.48198658789812,125.50286586700675,-9.80389202147614,57.03488334560575,4.968479809800863,1.3387175168650416,1.6456647852112836,1.4854503434302728,82.08885803746462,80.61126403808593,79.13367003870725,3.8504562377929688,2.092047539875025,1.6148165678366695,0.0,100.0,100.0,0.1315772302225103,0.004343678259228101,1.0184644879579847,1.0024084410649952,0.1338841349463952,0.05291433102944264,0.9031769450181961,0.10215844615892648,1.0,0.517963350256175,2.541604916315925,2.5226093402520386,11965855.990858397,15209937.967422534,-3202286.3012313666,-14557187.86149015,4105810.4591603703,2047988.0913057416,-2549536.1952989846,2047988.0913057416,8366510.773965713,9818295.849495173,81897396.52999467,81897396.52999467,8966362.306341631,8366510.773965713,8366510.773965713,8366510.773965713,8366510.773965713,8366510.773965713,8366510.773965713,8366510.773965713,0.03122382804271659,0.030977971128994412,3316609.7661121795,3299399.782151627,3295711.928445794,3295711.928445794,27039343.371165123,27039343.371165123,158114269.0684384,95623588.02310386,62490681.045334555,62210404.163691275,62210404.163691275,103267279.47072637,116439063.62339205,-45680214.569580644,-45680214.569580644,56440142.39863176,43268358.245966084,0.002679840359571739,-167222.0384372765,81.34812927246094,2024-09-09,0,0,0,1,0,0,0,0,0,0,0,-5.816348982064367,0
81.11749114990235,79.57340011596679,77.97507209777832,74.63769256591797,80.96717111268434,79.91419951300111,78.41302790282772,75.53208634833389,77.40743632162386,82.77563079325482,85.16410045175377,1.883178882130764,1.5945050272490389,0.28867385488172514,54.33905592562188,126.04955089797565,-10.839675943380772,58.55577584964616,5.835547009931741,1.3310491763750212,1.625497920702672,1.2313607500047539,82.21012209113097,81.11749114990235,80.02486020867373,4.5149993896484375,2.3802458730366025,1.8417185758933101,0.0,100.0,100.0,0.22950696650573926,0.006607385798889531,1.0146493904729308,1.0033528771660203,0.1338841349463952,0.05291433102944264,0.9031769450181961,0.10215844615892648,1.0,0.517963350256175,2.541604916315925,2.5226093402520386,11887311.93479347,15110099.709184263,-3181266.4464903423,-14461634.264621357,4078859.8584559476,2034545.0671220385,-2532801.001927436,2034545.0671220385,8311592.8732488565,9753848.410026243,81359820.80540483,81359820.80540483,8907506.971276112,8311592.8732488565,8311592.8732488565,8311592.8732488565,8311592.8732488565,8311592.8732488565,8311592.8732488565,8311592.8732488565,0.031018874372688944,0.030774631267392178,3294839.4904533373,3277742.473082564,3274078.8265031124,3274078.8265031124,26861856.72053803,26861856.72053803,157076404.66292796,94995913.37412313,62080491.28880482,61802054.14876651,61802054.14876651,102589431.5177995,115674755.8840736,-45380368.96413863,-45380368.96413863,56069668.467451476,42984344.10117738,0.0026622498477347203,-166124.39049864653,81.88562774658203,2024-09-10,0,0,0,1,0,0,0,0,0,0,0,-6.9984355598522034,0
81.21912689208985,79.89883117675781,78.2325828552246,74.8928483581543,80.8824134932544,80.05941746598172,78.63206317440552,75.73525544268921,67.37046421347765,60.4708319073784,76.5314998358334,1.8350904137530222,1.6426221045498355,0.1924683092031867,53.53811079331627,71.44197286280045,-30.07880710335731,52.063607883471995,4.201355468502221,1.3469645930933052,1.6688343774347958,1.5538650104309966,82.00459350616293,81.21912689208985,80.43366027801676,3.2543106079101562,2.413099630651464,1.8728534502860725,0.0,92.85714285714286,92.85714285714286,-0.7132358716018357,-0.014321554642248602,1.0165450202049022,0.9883915599683575,0.1338841349463952,0.05291433102944264,0.9031769450181961,0.10215844615892648,1.0,0.517963350256175,2.541604916315925,2.5226093402520386,12060030.317979591,15329644.044006726,-3227489.108109393,-14671756.62887963,4138124.2307429453,2064106.2779693855,-2569601.692982296,2064106.2779693855,8432357.339651642,9895568.332617937,82541949.85046603,82541949.85046603,9036929.856007084,8432357.339651642,8432357.339651642,8432357.339651642,8432357.339651642,8432357.339651642,8432357.339651642,8432357.339651642,0.03146956750325473,0.03122177563315037,3342712.3277079244,3325366.8968006186,3321650.018749053,3321650.018749053,27252149.874078393,27252149.874078393,159358668.5421706,96376169.95839289,62982498.58377773,62700015.85185876,62700015.85185876,104080019.19993769,117355468.6407792,-46039729.46539158,-46039729.46539158,56884340.660509236,43608891.219667725,0.002700931384137611,-168538.11837018694,80.71289825439453,2024-09-11,0,0,0,1,0,0,0,0,0,0,0,-4.892524492161553,0
81.24453582763672,80.23794555664062,78.48716201782227,75.1537060546875,81.01484782606934,80.28129001611218,78.8842206331954,75.95268528774842,69.43345388081582,48.79535305671926,64.01393858578406,1.8217178216893188,1.6784412479777322,0.14327657371158664,52.35926574947955,60.858597495928706,-22.504225113444395,54.83820283830704,4.353839955701888,1.3484796176505733,1.6590604345775348,1.368174936895059,82.02797644665857,81.24453582763672,80.46109520861488,3.391143798828125,2.5210178706160478,1.9625617296267848,0.0,85.71428571428572,85.71428571428572,0.5857166212534108,0.007022647551549577,1.017100205808199,1.0099574949607548,0.1338841349463952,0.05291433102944264,0.9031769450181961,0.10215844615892648,1.0,0.517963350256175,2.541604916315925,2.5226093402520386,11975927.599346505,15222740.105477123,-3204981.651561295,-14569440.582644476,4109266.3018098758,2049711.8738967823,-2551682.1287286473,2049711.8738967823,8373552.829376651,9826559.866034573,81966329.20933458,81966329.20933458,8973909.254155561,8373552.829376651,8373552.829376651,8373552.829376651,8373552.829376651,8373552.829376651,8373552.829376651,8373552.829376651,0.03125010900178768,0.0310040451513799,3319401.3420009115,3302176.8724723672,3298485.9147162503,3298485.9147162503,27062102.26784731,27062102.26784731,158247353.1549975,95704073.97760078,62543279.177396715,62262766.387931846,62262766.387931846,103354199.08677857,116537069.87237522,-45718663.40576496,-45718663.40576496,56487647.81886132,43304777.03326467,0.002682095969444769,-167362.78849335358,81.27971649169922,2024-09-12,0,0,0,1,0,0,0,0,0,0,0,-6.329303200498991,0
81.41653594970703,80.7001953125,78.82529830932617,75.43328430175781,81.29533454517905,80.56765691925514,79.16727657130997,76.18419990326412,71.41341871037616,46.08302712867603,51.783070697591135,1.8364763050605575,1.7100482593942972,0.1264280456662603,51.66315738073066,82.61387860263136,-12.671255820027845,55.77471049371378,5.9850699236110305,1.3191725207954372,1.6115709995898948,0.9381802616786672,82.27999485405111,81.41653594970703,80.55307704536294,4.62249755859375,2.6868580558270914,2.097875986343766,0.0,78.57142857142857,78.57142857142857,0.5729203919605282,0.007093916127993705,1.0115648603754661,1.0066098192261663,0.1338841349463952,0.05291433102944264,0.9031769450181961,0.10215844615892648,1.0,0.517963350256175,2.541604916315925,2.5226093402520386,11891569.800551213,15115511.931602646,-3182405.9308029492,-14466814.215957208,4080320.84793929,2035273.8121757058,-2533708.215157511,2035273.8121757058,8314569.967387667,9757342.099548237,81388962.7339555,81388962.7339555,8910697.513353907,8314569.967387667,8314569.967387667,8314569.967387667,8314569.967387667,8314569.967387667,8314569.967387667,8314569.967387667,0.031029984891514362,0.0307856543018174,3296019.6550120376,3278916.51373325,3275251.5548877954,3275251.5548877954,26871478.254872043,26871478.254872043,157132667.19296268,95029939.55673698,62102727.63622569,61824190.76397116,61824190.76397116,102626177.59041557,115716188.93343039,-45396623.565695815,-45396623.565695815,56089751.82378342,42999740.480768606,0.002663203427696902,-166183.8938882867,81.85630798339844,2024-09-13,0,0,0,1,0,0,0,0,0,0,0,-4.024775679532336,0
81.71362762451172,81.16244583129883,79.19568481445313,75.71278427124024,81.80808557894748,80.9796443242059,79.51644905465992,76.44496020691982,74.43598283488694,67.04232270225268,53.97356762921589,1.9050703457250933,1.7490526766604564,0.15601766906463688,51.720353024599795,119.64487141673159,-10.688081836799924,55.8385076737194,5.910294350473011,1.345709065101387,1.624593481142672,1.6906841410787337,83.1261403702292,81.71362762451172,80.30111487879424,4.622505187988281,2.8734199203614508,2.250983409392518,7.142857142857143,100.0,92.85714285714286,0.2015519005458823,0.011938965819031866,1.0153206765116667,1.003076948357757,0.1338841349463952,0.05291433102944264,0.9031769450181961,0.10215844615892648,1.0,0.517963350256175,2.541604916315925,2.5226093402520386,11751271.76857603,14937177.480233328,-3144859.5600103303,-14296133.170688037,4032180.7794374297,2011261.4307014244,-2503815.2504650387,2011261.4307014244,8216473.767919505,9642223.917774476,80428726.91247918,80428726.91247918,8805568.136356788,8216473.767919505,8216473.767919505,8216473.767919505,8216473.767919505,8216473.767919505,8216473.767919505,8216473.767919505,0.030663889759793627,0.03042244180892911,3257132.8571623308,3240231.5006018146,3236609.781338847,3236609.781338847,26554445.63607955,26554445.63607955,155278798.92023367,93908766.00924514,61370032.91098854,61094782.24700299,61094782.24700299,101415382.80162297,114350956.76918945,-44861029.27062721,-44861029.27062721,55427998.840212785,42492424.8726463,0.0026317826644232326,-164223.2382600097,82.83358764648438,2024-09-16,0,0,0,1,0,0,0,0,0,0,0,-2.820718191232996,0
81.85240020751954,81.48494567871094,79.5054801940918,76.007138671875,82.06522060650535,81.27052547646322,79.80816730294194,76.6855300286728,72.29560457861473,74.7831013932567,62.6361504080617,1.9168320671600583,1.7826085547603767,0.13422351239968155,51.77346326533542,106.06541719171379,-14.666687541204045,54.84952784367139,4.064040214007059,1.3096194593283086,1.5858894851926664,0.8404545842782909,83.4317256151729,81.85240020751954,80.27307479986618,3.2249984741210938,3.1022194458706,2.438231394841125,0.0,92.85714285714286,92.85714285714286,-0.26744557406718344,-0.0030675598158045325,1.0101919961880153,0.9972854555904513,0.1338841349463952,0.05291433102944264,0.9031769450181961,0.10215844615892648,1.0,0.517963350256175,2.541604916315925,2.5226093402520386,11787430.416453134,14983139.155822337,-3154536.2887672503,-14340122.353774194,4044587.7944271076,2017450.079495677,-2511519.486719108,2017450.079495677,8241755.846967334,9671893.028170452,80676206.00009663,80676206.00009663,8832662.858006557,8241755.846967334,8241755.846967334,8241755.846967334,8241755.846967334,8241755.846967334,8241755.846967334,8241755.846967334,0.030758242508517525,0.030516051622623688,3267155.050707885,3250201.6886953167,3246568.825406909,3246568.825406909,26636153.63060439,26636153.63060439,155756591.58161613,94197723.15954965,61558868.42206647,61282770.8121475,61282770.8121475,101727437.80198911,114702814.51375152,-44999066.59907525,-44999066.59907525,55598550.7202191,42623174.008456685,0.002639880656242843,-164728.55294955338,82.5794906616211,2024-09-17,0,0,0,1,0,0,0,0,0,0,0,-3.2116918744044987,0
82.1123550415039,81.66574096679688,79.7898666381836,76.27784301757812,82.0477045457757,81.4054612851638,80.01812017164427,76.8944375736,67.62428805045721,69.7053353585868,70.51025315136529,1.8589865813522124,1.7978841600787439,0.06110242127346854,50.73190156975666,72.71048196679575,-23.259280212498606,51.757117232693076,2.254172686034739,1.2984453101162023,1.583225215974329,1.1531813703588227,83.21041727392094,82.1123550415039,81.01429280908687,1.807952880859375,3.1383190553895974,2.475380677443283,7.142857142857143,85.71428571428572,78.57142857142857,-0.27966249636311186,-0.006863910551680341,1.0141266649397849,0.9960830643198256,0.1338841349463952,0.05291433102944264,0.9031769450181961,0.10215844615892648,1.0,0.517963350256175,2.541604916315925,2.5226093402520386,11868897.467013782,15086692.866176445,-3176338.391367465,-14439231.95031613,4072541.353998976,2031393.3819647585,-2528877.4755071485,2031393.3819647585,8298717.501591925,9738738.860595753,81233787.45093407,81233787.45093407,8893708.477468623,8298717.501591925,8298717.501591925,8298717.501591925,8298717.501591925,8298717.501591925,8298717.501591925,8298717.501591925,0.030970823470531133,0.03072695871879467,3289735.500924921,3272664.9683033684,3269006.9970273217,3269006.9970273217,26820245.395976488,26820245.395976488,156833079.81299707,94848756.54038094,61984323.27261615,61706317.455636576,61706317.455636576,102430511.67186765,115495565.7461488,-45310070.87263531,-45310070.87263531,55982811.73238173,42917757.65810058,0.0026581257939274753,-165867.04954107446,82.0126724243164,2024-09-18,0,0,0,1,0,0,0,0,0,0,0,-2.4828446546441647,0
82.14558258056641,81.69505920410157,80.01219596862794,76.51258377075196,81.84708775952105,81.41280544913614,80.1540948397745,77.07292449961615,63.224824555857786,52.13337968159772,65.54060547781363,1.7472647421297012,1.7877602764889353,-0.04049553435923414,48.67093930513657,22.2397898182802,-34.400020419550266,53.299002431676726,0.36127260691918295,1.307614672819075,1.6055018218810724,1.4268163879564213,83.14661881186856,82.14558258056641,81.14454634926426,0.293182373046875,3.0636095768450904,2.4233850332406917,0.0,78.57142857142857,78.57142857142857,-0.43836124683196964,-0.006911349436000469,1.0176883822180574,0.9923790546146707,0.1338841349463952,0.05291433102944264,0.9031769450181961,0.10215844615892648,1.0,0.517963350256175,2.541604916315925,2.5226093402520386,11951498.449079186,15191687.92998323,-3198443.9551932686,-14539721.043147288,4100883.9962938647,2045530.7598280176,-2546477.068357328,2045530.7598280176,8356471.999633546,9806515.113293143,81799129.82068558,81799129.82068558,8955603.784634601,8356471.999633546,8356471.999633546,8356471.999633546,8356471.999633546,8356471.999633546,8356471.999633546,8356471.999633546,0.03118636332510903,0.03094080140916329,3312630.246108038,3295440.911991836,3291757.48325265,3291757.48325265,27006899.51571253,27006899.51571253,157924551.57344484,95508851.58793627,62415699.98550856,62135759.40133042,62135759.40133042,103143371.55468933,116299351.20148239,-45625403.982718565,-45625403.982718565,56372421.23408389,43216441.58729085,0.0026766248838085704,-167021.3927496548,81.44585418701172,2024-09-19,0,0,0,1,0,0,0,0,0,0,0,-2.8294457349138957,0
81.99508209228516,81.7058090209961,80.22133178710938,76.74321990966797,81.59932702034476,81.35662364783724,80.24454347808094,77.23099826598384,60.66016715719444,33.00074590057081,51.613153646918335,1.6125356059039149,1.7527153423719313,-0.1401797364680164,46.75718863084649,-23.20733980966586,-45.37219896344307,56.0615441915674,0.13271983925169373,1.2686619051746013,1.5642446081247579,0.7622759257964447,83.30380957840221,81.99508209228516,80.68635460616811,0.1074981689453125,2.912353876301233,2.3092445471347816,0.0,71.42857142857143,71.42857142857143,-0.31507164282057626,-0.004199706030882044,1.008842095185571,0.9972362009906294,0.1338841349463952,0.05291433102944264,0.9031769450181961,0.10215844615892648,1.0,0.517963350256175,2.541604916315925,2.5226093402520386,12001902.913125498,15255757.62729626,-3211933.130130668,-14601041.123611275,4118179.1380562116,2054157.6179645655,-2557216.6264456837,2054157.6179645655,8391714.734613946,9847873.28612424,82144110.93879668,82144110.93879668,8993373.308757363,8391714.734613946,8391714.734613946,8391714.734613946,8391714.734613946,8391714.734613946,8391714.734613946,8391714.734613946,0.03131788925348137,0.031071291700304354,3326600.992357982,3309339.1636355906,3305640.2003379352,3305640.2003379352,27120798.898408514,27120798.898408514,158590585.41143838,95911652.33266965,62678933.07876872,62397811.86814692,62397811.86814692,103578370.26094316,116789834.17240192,-45817825.38029007,-45817825.38029007,56610167.29508229,43398703.38362352,0.0026879133296295035,-167725.79176888103,81.10380554199219,2024-09-20,0,0,0,1,0,0,0,0,0,0,0,-2.892044523471187,0
81.68821716308594,81.70092239379883,80.41141128540039,76.97268356323242,81.4993056803926,81.34619443922834,80.34499295640545,77.39053805949382,61.618276884662926,22.148806364051328,35.760977315406514,1.5041941641722332,1.7030111067319917,-0.19881694255975857,45.30321545697979,-16.88523123323369,-50.660813938858645,51.24403819475136,-0.060070554061530945,1.2548287510624359,1.543468790184358,1.0749977476042858,82.76569635504252,81.68821716308594,80.61073797112935,-0.04886627197265625,2.618860558874911,2.082780446761703,0.0,64.28571428571429,64.28571428571429,0.2454587700011803,0.002409966550766862,1.0133075057511196,1.003256202103512,0.1338841349463952,0.05291433102944264,0.9031769450181961,0.10215844615892648,1.0,0.517963350256175,2.541604916315925,2.5226093402520386,11973048.267290613,15219080.153193625,-3204211.088585581,-14565937.700971382,4108278.3247124148,2049219.0685541565,-2551068.6363633377,2049219.0685541565,8371539.604189429,9824197.299244927,81946622.32005703,81946622.32005703,8971751.68728921,8371539.604189429,8371539.604189429,8371539.604189429,8371539.604189429,8371539.604189429,8371539.604189429,8371539.604189429,0.031242595643022557,0.030996590952920015,3318603.2694832617,3301382.9411760843,3297692.870824546,3297692.870824546,27055595.817477327,27055595.817477327,158209306.2752949,95681064.16848183,62528242.10681306,62247796.76009616,62247796.76009616,103329349.98376979,116509051.25601336,-45707671.4210519,-45707671.4210519,56474066.68338955,43294365.41114598,0.0026814511221176836,-167322.55002014348,81.29926300048828,2024-09-23,0,0,0,1,0,0,0,0,0,0,0,-2.956328030152241,0
81.5435806274414,81.69799041748047,80.63569526672363,77.18787902832031,81.6183064480612,81.43894235635018,80.48892772088097,77.56566629180381,64.28773343762235,31.84965457982986,28.999735614817226,1.4466060912052399,1.6517301036266414,-0.20512401242140155,43.98773586878698,-4.132694122240346,-47.79015358852297,53.44385840944186,-0.035805750032635864,1.2405872784431389,1.5155671065628158,1.0554481343922788,82.22504328898162,81.5435806274414,80.86211796590118,-0.02931976318359375,2.3905559115495585,1.9071221473889466,0.0,57.142857142857146,57.142857142857146,0.6666713761947595,0.006851783919699317,1.0130544440691074,1.0086705348358023,0.1338841349463952,0.05291433102944264,0.9031769450181961,0.10215844615892648,1.0,0.517963350256175,2.541604916315925,2.5226093402520386,11891569.800551213,15115511.931602646,-3182405.9308029492,-14466814.215957208,4080320.84793929,2035273.8121757058,-2533708.215157511,2035273.8121757058,8314569.967387667,9757342.099548237,81388962.7339555,81388962.7339555,8910697.513353907,8314569.967387667,8314569.967387667,8314569.967387667,8314569.967387667,8314569.967387667,8314569.967387667,8314569.967387667,0.031029984891514362,0.0307856543018174,3296019.6550120376,3278916.51373325,3275251.5548877954,3275251.5548877954,26871478.254872043,26871478.254872043,157132667.19296268,95029939.55673698,62102727.63622569,61824190.76397116,61824190.76397116,102626177.59041557,115716188.93343039,-45396623.565695815,-45396623.565695815,56089751.82378342,42999740.480768606,0.002663203427696902,-166183.8938882867,81.85630798339844,2024-09-24,0,0,0,1,0,0,0,0,0,0,0,-4.98488685412622,0
81.43803558349609,81.7751953125,80.8370132446289,77.38450622558594,81.57385336690409,81.44730687421193,80.58378671932942,77.7193635825013,61.23031196681579,45.431594696081255,33.14335187998737,1.355377469446296,1.5924595767905723,-0.23708210734427637,42.931314978404984,0.5765876304418803,-58.287317561855424,50.40119648531826,0.9565372659050553,1.2161945133210297,1.4925388737964653,0.8990885667336102,81.93456850825929,81.43803558349609,80.94150265873289,0.7720489501953125,2.15360853816634,1.7223173288198552,35.714285714285715,50.0,14.285714285714286,-0.7173967127195586,-0.0045367399038314105,1.0110683125426525,0.992146553368404,0.1338841349463952,0.05291433102944264,0.9031769450181961,0.10215844615892648,1.0,0.517963350256175,2.541604916315925,2.5226093402520386,11945764.62761911,15184399.603198197,-3196909.477598909,-14532745.502390128,4098916.5662880447,2044549.4010287072,-2545255.3767908397,2044549.4010287072,8352462.919208513,9801810.363755273,81759886.07162938,81759886.07162938,8951307.266220022,8352462.919208513,8352462.919208513,8352462.919208513,8352462.919208513,8352462.919208513,8352462.919208513,8352462.919208513,0.0311714014322504,0.03092595732648465,3311040.986779983,3293859.8993763807,3290178.2377898945,3290178.2377898945,26993942.752117313,26993942.752117313,157848786.07954106,95463030.49653126,62385755.5830098,62105949.30243685,62105949.30243685,103093887.74478847,116243555.71118858,-45603514.85127657,-45603514.85127657,56345376.140114665,43195708.17371455,0.0026753407528466878,-166941.2629776333,81.48494720458984,2024-09-25,0,0,0,1,0,0,0,0,0,0,0,-5.673076698006019,0
81.42044372558594,81.78301315307617,81.0104793548584,77.55650604248046,81.50186721042304,81.4310501511663,80.6575113077229,77.86205108504873,60.17587453997933,52.94736071487947,43.409536663596754,1.2583209296710862,1.525631847366675,-0.2673109176955888,41.508169624438686,-42.66819688138728,-61.87867393880263,53.74722405016323,0.09618439770235909,1.186563673126678,1.4584493301137624,0.8013627506001058,81.92083973946691,81.42044372558594,80.92004771170497,0.07817840576171875,1.8520864112982212,1.4847645392784727,28.571428571428573,42.85714285714286,14.285714285714286,0.18292875817601947,-0.0015592119954365158,1.009905770801114,1.0018050725467296,0.1338841349463952,0.05291433102944264,0.9031769450181961,0.10215844615892648,1.0,0.517963350256175,2.541604916315925,2.5226093402520386,11964419.694324939,15208112.274284204,-3201901.9214830967,-14555440.519847536,4105317.6267767916,2047742.265332376,-2549230.1670464273,2047742.265332376,8365506.517318217,9817117.330858154,81887566.14704295,81887566.14704295,8965286.047768222,8365506.517318217,8365506.517318217,8365506.517318217,8365506.517318217,8365506.517318217,8365506.517318217,8365506.517318217,0.0312200801557277,0.030974252752926694,3316211.6637855642,3299003.745589494,3295316.3345474787,3295316.3345474787,27036097.760054585,27036097.760054585,158095290.15236866,95612110.04542308,62483180.106945574,62202936.867752425,62202936.867752425,103254883.99850634,116425087.10357021,-45674731.44042682,-45674731.44042682,56433367.72401283,43263164.61894896,0.0026795186905309598,-167201.9662891319,81.35789489746094,2024-09-26,0,0,0,1,0,0,0,0,0,0,0,-4.777122327228097,0
81.46930847167968,81.73219528198243,81.21619529724121,77.7326106262207,81.45062123110235,81.41597362776533,80.72328444722176,77.9987600335747,60.09021804656831,46.06794899115052,48.14896813403698,1.1671606172583466,1.4539376013450094,-0.28677698408666275,40.70798027903156,-2.8245436769890158,-62.15471646342236,50.59717208007527,-0.6208180205740099,1.1876696957310082,1.4599840295689186,1.2020479895872995,81.87528978864701,81.46930847167968,81.06332715471235,-0.5081787109375,1.70591506654071,1.3704365461300512,21.42857142857143,35.714285714285715,14.285714285714286,-0.2926826242564418,-0.00012003291152395956,1.0148086129675828,0.9956937725248524,0.1338841349463952,0.05291433102944264,0.9031769450181961,0.10215844615892648,1.0,0.517963350256175,2.541604916315925,2.5226093402520386,11965855.990858397,15209937.967422534,-3202286.3012313666,-14557187.86149015,4105810.4591603703,2047988.0913057416,-2549536.1952989846,2047988.0913057416,8366510.773965713,9818295.849495173,81897396.52999467,81897396.52999467,8966362.306341631,8366510.773965713,8366510.773965713,8366510.773965713,8366510.773965713,8366510.773965713,8366510.773965713,8366510.773965713,0.03122382804271659,0.030977971128994412,3316609.7661121795,3299399.782151627,3295711.928445794,3295711.928445794,27039343.371165123,27039343.371165123,158114269.0684384,95623588.02310386,62490681.045334555,62210404.163691275,62210404.163691275,103267279.47072637,116439063.62339205,-45680214.569580644,-45680214.569580644,56440142.39863176,43268358.245966084,0.002679840359571739,-167222.0384372765,81.34812927246094,2024-09-27,0,0,0,1,0,0,0,0,0,0,0,-5.647279211874331,0
81.29535522460938,81.49178619384766,81.32711601257324,77.90285171508789,81.1102464091138,81.23661419819649,80.69530466797556,78.09408304265556,52.51724721582227,32.74599479662451,43.920434834218064,1.0091565187181288,1.3649813848196333,-0.35582486610150443,38.62171878505601,-129.84104492034524,-88.12147604302258,47.33456620656812,-2.9023140849673057,1.1949790515318237,1.4857472688425473,1.2900006769424266,82.23642708120907,81.29535522460938,80.35428336800969,-2.4040908813476562,1.4473167551831982,1.1646461486816406,14.285714285714286,28.571428571428573,14.285714285714286,-0.6538434451917268,-0.011292607654779907,1.0158691782326068,0.9897775290616616,0.1338841349463952,0.05291433102944264,0.9031769450181961,0.10215844615892648,1.0,0.517963350256175,2.541604916315925,2.5226093402520386,12102525.057970196,15383659.599575225,-3238861.493323645,-14723454.051415972,4152705.3311711997,2071379.36578779,-2578655.945164392,2071379.36578779,8462069.605973408,9930436.371276759,82832794.78242145,82832794.78242145,9068772.394907825,8462069.605973408,8462069.605973408,8462069.605973408,8462069.605973408,8462069.605973408,8462069.605973408,8462069.605973408,0.03158045371609235,0.03133178872620186,3354490.7136227232,3337084.164330389,3333354.189482032,3333354.189482032,27348175.5881562,27348175.5881562,159920184.97342312,96715761.16800757,63204423.80541555,62920945.71694039,62920945.71694039,104446755.70370293,117768982.53708598,-46201955.12165323,-46201955.12165323,57084778.40421057,43762551.57082751,0.002710448389806352,-169131.97952391635,80.42949676513672,2024-09-30,0,0,0,1,0,0,0,0,0,0,0,-4.691770247831187,0
81.35985565185547,81.45171813964843,81.46833190917968,78.11120620727539,81.46643431261883,81.40792254754784,80.83659090146635,78.25426841822313,62.26879699017094,43.08548846128619,40.633144083020305,1.0134101390951997,1.2946671356747466,-0.28125699657954684,37.81063048201708,-0.836837244810394,-35.897453020212886,55.368346203935026,-0.48520587712755914,1.3343960808896662,1.6237714794691795,3.1468174625416196,82.47414226758006,81.35985565185547,80.24556903613087,-0.4006805419921875,1.2541666476406448,1.0114775926638941,100.0,21.42857142857143,-78.57142857142857,0.2391293016026448,0.021749649380504943,1.039465637519679,1.0092414383807808,0.1338841349463952,0.05291433102944264,0.9031769450181961,0.10215844615892648,1.0,0.517963350256175,2.541604916315925,2.5226093402520386,11844902.579910895,15056192.68761429,-3169916.9119239654,-14410040.718235547,4064308.055979288,2027286.593192064,-2523764.9425452226,2027286.593192064,8281940.308082346,9719050.432067836,81069560.27109346,81069560.27109346,8875728.413908724,8281940.308082346,8281940.308082346,8281940.308082346,8281940.308082346,8281940.308082346,8281940.308082346,8281940.308082346,0.03090821096463291,0.03066483922475391,3283084.7709677005,3266048.74917617,3262398.173077985,3262398.173077985,26766023.951892342,26766023.951892342,156516016.49228263,94657004.50853798,61859011.98374464,61581568.20028258,61581568.20028258,102223431.90137607,115262072.86539346,-45218469.26951807,-45218469.26951807,55869633.46532247,42830992.50130508,0.002652751964681092,-165531.72259610015,82.1788101196289,2024-10-01,0,0,0,1,0,0,0,0,0,0,0,-6.95963483098344,0
81.09794769287109,81.26799163818359,81.46686630249023,78.26952438354492,81.0360920116352,81.18382888611514,80.7736210451046,78.32960720220136,49.684152125411,38.54849388045949,38.12665904612329,0.845378313364165,1.2048093712126302,-0.3594310578484652,36.709375296303016,-162.46866026393565,-81.56028860393975,49.61456235727409,-2.2402208833566806,1.436630202799099,1.7918589368164066,2.765673787621722,82.53915112734963,81.09794769287109,79.65674425839255,-1.8372650146484375,0.8446132402400444,0.6820864555163269,100.0,14.285714285714286,-85.71428571428572,-0.43362748209113605,-0.02437858016007477,1.0278118932737303,0.988195666500055,0.1338841349463952,0.05291433102944264,0.9031769450181961,0.10215844615892648,1.0,0.517963350256175,2.541604916315925,2.5226093402520386,12140879.996109908,15432413.005123064,-3249125.990329393,-14770115.154503137,4165865.95305189,2077943.9155043259,-2586828.139709467,2077943.9155043259,8488887.32828478,9961907.594917798,83095305.84557575,83095305.84557575,9097512.860434128,8488887.32828478,8488887.32828478,8488887.32828478,8488887.32828478,8488887.32828478,8488887.32828478,8488887.32828478,0.03168053748728084,0.03143108443619989,3365121.6590820355,3347659.9455063688,3343918.149740155,3343918.149740155,27434846.557883043,27434846.557883043,160426998.9459261,97022269.68742527,63404729.258500844,63120352.78026856,63120352.78026856,104777765.04553205,118142212.25719403,-46348376.89084078,-46348376.89084078,57265689.671398625,43901242.45973665,0.002719038256782371,-169667.98722321997,80.17540740966797,2024-10-02,0,0,0,1,0,0,0,0,0,0,0,-5.590493104270907,0
80.63667602539063,81.02855987548828,81.36180953979492,78.3996971130371,80.37457352777633,80.79613937228667,80.60961299890975,78.35791815741145,44.277966098147,37.107728395103,39.58057024561612,0.6144419910890804,1.0867358951879202,-0.47229390409883987,34.81175683322179,-233.7684784981294,-89.84381717895641,44.75074243846541,-2.9397661192863356,1.4505886912853343,1.8349911392086156,1.6320490416063933,82.76321356677732,80.63667602539063,78.51013848400393,-2.394317626953125,0.40439123530302806,0.326823014479416,100.0,7.142857142857143,-92.85714285714286,-0.5343498113031724,-0.014017650622800026,1.0162995833498272,0.9914205542387418,0.1338841349463952,0.05291433102944264,0.9031769450181961,0.10215844615892648,1.0,0.517963350256175,2.541604916315925,2.5226093402520386,12313486.142808488,15651814.674847895,-3295318.6153704654,-14980100.976282937,4225091.81394908,2107485.916778194,-2623604.9168055067,2107485.916778194,8609573.319083067,10103535.424554283,84276666.7152442,84276666.7152442,9226851.643115733,8609573.319083067,8609573.319083067,8609573.319083067,8609573.319083067,8609573.319083067,8609573.319083067,8609573.319083067,0.03213093774679839,0.03187793823698108,3412963.3874355145,3395253.421748303,3391458.4291010434,3391458.4291010434,27824886.089707777,27824886.089707777,162707779.75615945,98401629.34834462,64306150.407814816,64017730.96662308,64017730.96662308,106267384.1085648,119821832.8470272,-47007308.92405623,-47007308.92405623,58079832.471210815,44525383.73274842,0.002757694657008681,-172080.1465973417,79.0515365600586,2024-10-03,0,0,0,1,0,0,0,0,0,0,0,-5.685820015609795,0
80.12262878417968,80.79596862792968,81.25088882446289,78.51384246826171,79.84234670731963,80.42918549849023,80.43516348152846,78.37438776168575,43.0496885326194,16.278313583739084,30.644845286433753,0.4046776765242015,0.9503242514551765,-0.545646574930975,32.59200386913098,-207.06561533299242,-86.05949992761151,47.202999629510956,-2.8678216269169665,1.4188750320187158,1.8011081241061722,1.0065974615526727,82.5359895824908,80.12262878417968,77.70926798586856,-2.3259124755859375,0.02851287711415921,0.02305343823555006,100.0,0.0,-100.0,0.4148918901370085,-0.0034615834879370144,1.0117706290285755,1.0048616228336307,0.1338841349463952,0.05291433102944264,0.9031769450181961,0.10215844615892648,1.0,0.517963350256175,2.541604916315925,2.5226093402520386,12356258.362729594,15706182.93836586,-3306765.259390856,-15032135.96994492,4239768.125284245,2114806.496025016,-2632718.290969918,2114806.496025016,8639479.599007359,10138631.142708166,84569410.79122366,84569410.79122366,9258902.105761461,8639479.599007359,8639479.599007359,8639479.599007359,8639479.599007359,8639479.599007359,8639479.599007359,8639479.599007359,0.03224254801862869,0.03198866968777335,3424818.683238591,3407047.200078717,3403239.025115887,3403239.025115887,27921538.82747074,27921538.82747074,163272962.7480346,98743438.00287752,64529524.74515707,64240103.44798198,64240103.44798198,106636515.30917016,120238046.88474523,-47170593.87292293,-47170593.87292293,58281579.022807054,44680047.447232,0.00276727380632325,-172677.8855145708,78.77789306640625,2024-10-04,0,0,0,1,0,0,0,0,0,0,0,-4.367272101817854,0
79.63316192626954,80.46425857543946,81.08259048461915,78.59213684082032,79.22228529674173,79.98427222159854,80.20154433810536,78.35900637791713,39.60883245021648,10.785835166440767,21.390625715094178,0.17224362024384732,0.7947081252129107,-0.6224645049690634,30.30745342726076,-179.07973001446294,-94.50560580284139,45.74962414414853,-4.080111433337863,1.3947142984342193,1.7885042606645665,1.0806247618357645,82.54107209875347,79.63316192626954,76.7252517537856,-3.3171005249023438,-0.3639525468451686,-0.29437030890048277,100.0,0.0,-100.0,-0.5578987945614837,-0.010100937710399882,1.0120116907526215,0.99336745858588,0.1338841349463952,0.05291433102944264,0.9031769450181961,0.10215844615892648,1.0,0.517963350256175,2.541604916315925,2.5226093402520386,12482341.718912253,15866448.950904183,-3340507.517748759,-15185524.001988793,4283030.752123169,2136385.9979153294,-2659582.568833369,2136385.9979153294,8727636.91585338,10242085.813535254,85432357.71495502,85432357.71495502,9353380.014671355,8727636.91585338,8727636.91585338,8727636.91585338,8727636.91585338,8727636.91585338,8727636.91585338,8727636.91585338,0.03257155122872111,0.03231508232140834,3459765.5596491946,3441812.736137301,3437965.7025276097,3437965.7025276097,28206450.426257852,28206450.426257852,164939001.32644862,99751016.81022666,65187984.51622194,64895609.96188539,64895609.96188539,107724635.13858052,121464956.84786189,-47651922.978711665,-47651922.978711665,58876284.707254805,45135962.99797344,0.0027955110897091343,-174439.89199784998,77.98216247558594,2024-10-07,0,0,0,1,0,0,0,0,0,0,0,-3.847610836922741,0
78.84295196533203,80.10140380859374,80.8996971130371,78.66889282226562,78.89077696947496,79.66490642038815,80.01356490732785,78.35385947348671,41.171713285817965,11.387773927506037,12.817307559228524,0.007766126066869106,0.6373197253837024,-0.6295535993168333,28.186085159809846,-139.1291771562944,-89.76907034274525,49.33540525933772,-4.432825957888243,1.3385979104458527,1.7111545889294522,0.6090848665970867,80.37725233149116,78.84295196533203,77.3086515991729,-3.6285476684570312,-0.6610632914647532,-0.5346822005051877,92.85714285714286,64.28571428571429,-28.571428571428573,0.048384913554411504,0.003149410474893699,1.0078382143937066,1.0003768690938684,0.1338841349463952,0.05291433102944264,0.9031769450181961,0.10215844615892648,1.0,0.517963350256175,2.541604916315925,2.5226093402520386,12443153.122128716,15816635.872210663,-3330019.918136974,-15137848.7027171,4269584.079300381,2129678.765303723,-2651232.7486434104,2129678.765303723,8700236.30051449,10209930.551309025,85164140.87758982,85164140.87758982,9324014.864588756,8700236.30051449,8700236.30051449,8700236.30051449,8700236.30051449,8700236.30051449,8700236.30051449,8700236.30051449,0.03246929210006877,0.03221362838274539,3448903.546692344,3431007.0864797076,3427172.130719857,3427172.130719857,28117895.631224904,28117895.631224904,164421171.56642303,99437846.21575391,64983325.35066912,64691868.71292048,64691868.71292048,107386431.18733767,121083614.84293754,-47502318.67868328,-47502318.67868328,58691441.26734084,44994257.61174096,0.0027867345188248,-173892.2339746675,78.2277603149414,2024-10-08,0,0,0,1,0,0,0,0,0,0,0,-4.1873730734447046,0
78.469140625,79.78354415893554,80.77936973571778,78.73256164550781,78.69596821565257,79.41789629086445,79.85097307882118,78.3519963846444,41.69172394220811,15.885610549154086,12.686406547700193,-0.11491719130373212,0.4868723420462155,-0.6017895333499477,26.50324686487244,-101.53552014480127,-88.25339665213451,50.99532922791098,-3.900838873468626,1.3054357025265693,1.6670879063108632,0.8743269995758851,79.24704849842234,78.469140625,77.69123275157764,-3.1785964965820312,-0.9200414744226716,-0.743778424385269,85.71428571428572,57.142857142857146,-28.571428571428573,-0.12359627616712765,0.0010046356018631464,1.0112331105886612,0.9986218916214967,0.1338841349463952,0.05291433102944264,0.9031769450181961,0.10215844615892648,1.0,0.517963350256175,2.541604916315925,2.5226093402520386,12430664.83368197,15800761.86430522,-3326677.8191639134,-15122655.94416087,4265299.008064289,2127541.3615075164,-2648571.8990195612,2127541.3615075164,8691504.505654356,10199683.58605074,85078667.81893982,85078667.81893982,9314657.02851876,8691504.505654356,8691504.505654356,8691504.505654356,8691504.505654356,8691504.505654356,8691504.505654356,8691504.505654356,0.032436705031387104,0.032181297905155705,3445442.132861512,3427563.6340253144,3423732.5271318434,3423732.5271318434,28089675.74292877,28089675.74292877,164256153.98630327,99338047.67643858,64918106.3098647,64626942.18596091,64626942.18596091,107278655.23097263,120962092.0188196,-47454644.0537931,-47454644.0537931,58632536.93331008,44949100.14546312,0.0027839376759222,-173717.7109775453,78.30635070800781,2024-10-09,0,0,0,1,0,0,0,0,0,0,0,-6.454031997989043,0
78.33385772705078,79.4852668762207,80.63414001464844,78.79486968994141,78.58901950053921,79.22830097803683,79.7104158399156,78.35290327427843,42.17342363976533,31.897443734793672,19.72360940381783,-0.20424096727856522,0.3486496801812593,-0.5528906474598245,24.940611305287707,-80.29698609151215,-86.92709021128749,45.12496545293891,-3.6662364862165675,1.2493812467618366,1.5941043710796163,0.5206733218203112,78.85121483812635,78.33385772705078,77.81650061597522,-2.9827728271484375,-1.1928817792198994,-0.96350811689328,78.57142857142857,50.0,-28.571428571428573,-0.3018900516777353,0.0008782348006628471,1.0066650708131992,0.9979984531245586,0.1338841349463952,0.05291433102944264,0.9031769450181961,0.10215844615892648,1.0,0.517963350256175,2.541604916315925,2.5226093402520386,12419757.37054337,15786897.261735475,-3323758.7785355947,-15109386.35524703,4261556.360963104,2125674.5201690216,-2646247.872047149,2125674.5201690216,8683878.021770924,10190733.729045602,85004014.33535446,85004014.33535446,9306483.750617165,8683878.021770924,8683878.021770924,8683878.021770924,8683878.021770924,8683878.021770924,8683878.021770924,8683878.021770924,0.032408242984569714,0.03215305996894318,3442418.8808019324,3424556.0697080754,3420728.324473677,3420728.324473677,28065028.058606118,28065028.058606118,164112025.0946579,99250882.09778382,64861142.99687407,64570234.359059826,64570234.359059826,107184522.05361272,120855952.11580424,-47413004.30340987,-47413004.30340987,58581088.98230509,44909658.92011357,0.0027814948703292117,-173565.2799085428,78.3751220703125,2024-10-10,0,0,0,1,0,0,0,0,0,0,0,-6.296550185421985,0
78.33189544677734,79.22726211547851,80.47972869873047,78.84451431274414,78.64870688870583,79.14462473930996,79.62066972802259,78.36918477979846,44.97088228644211,54.506090699844584,34.09638166126401,-0.2405492461150942,0.23080989492198858,-0.47135914103708276,23.858942982446354,-54.50738889469032,-79.3485746197336,49.84009308528251,-3.1716127100851588,1.2057509615830615,1.530760856549119,0.6385572542589841,78.84253173102707,78.33189544677734,77.82125916252761,-2.580047607421875,-1.3611823794803641,-1.098198572794601,71.42857142857143,42.85714285714286,-28.571428571428573,0.25397517408415643,0.005013830720085322,1.0078947021218703,1.001999545973778,0.1338841349463952,0.05291433102944264,0.9031769450181961,0.10215844615892648,1.0,0.517963350256175,2.541604916315925,2.5226093402520386,12357797.46597587,15708139.310306083,-3307177.152133464,-15034008.382174464,4240296.233445593,2115069.9176408257,-2633046.2240018444,2115069.9176408257,8640555.737973265,10139894.016925136,84579944.80976416,84579944.80976416,9260055.400381044,8640555.737973265,8640555.737973265,8640555.737973265,8640555.737973265,8640555.737973265,8640555.737973265,8640555.737973265,0.03224656417051439,0.03199265421641585,3425245.2807892845,3407471.584002387,3403662.9346909085,3403662.9346909085,27925016.751757264,27925016.751757264,163293300.1300816,98755737.54708557,64537562.582996026,64248105.23532369,64248105.23532369,106649798.02000913,120253023.81083833,-47176469.47150845,-47176469.47150845,58288838.61263099,44685612.82180179,0.0027676184996740694,-172699.39437966194,78.76808166503906,2024-10-11,0,0,0,1,0,0,0,0,0,0,0,-6.5131258420675895,0
78.66001586914062,79.14658889770507,80.31918754577637,78.8963980102539,78.97339278827134,79.23155925714494,79.62086923843971,78.41834477225352,50.57172598205183,77.7860667479135,54.729867060850474,-0.19807476711056893,0.1450329625154771,-0.343107729626046,23.439600819506193,-18.77239565896894,-62.86538413427899,57.21226572295516,-1.0030302441032646,1.18418286378831,1.4872415821337452,0.9037975924565416,79.69215992796406,78.66001586914062,77.62787181031719,-0.806732177734375,-1.475889368978613,-1.1899641966208492,64.28571428571429,35.714285714285715,-28.571428571428573,0.7717479641086078,0.010850625079303233,1.0114770225413574,1.0088375248472887,0.1338841349463952,0.05291433102944264,0.9031769450181961,0.10215844615892648,1.0,0.517963350256175,2.541604916315925,2.5226093402520386,12225146.979561273,15539525.742563346,-3271677.407207429,-14872631.03882932,4194780.245709334,2092366.4339376495,-2604782.7034734003,2092366.4339376495,8547806.692304708,10031050.845054025,83672050.7573794,83672050.7573794,9160656.550669465,8547806.692304708,8547806.692304708,8547806.692304708,8547806.692304708,8547806.692304708,8547806.692304708,8547806.692304708,0.031900424623059004,0.031649240177208146,3388478.174528078,3370895.263318518,3367127.4966307553,3367127.4966307553,27625265.354677394,27625265.354677394,161540484.8933747,97695678.36923282,63844806.5241419,63558456.25587192,63558456.25587192,105505002.790736,118962209.47719574,-46670070.03908947,-46670070.03908947,57663157.31175228,44205950.62529255,0.0027379104597743554,-170845.61268991977,79.62276458740234,2024-10-14,0,0,0,1,0,0,0,0,0,0,0,-11.4011219477373,0
79.02546691894531,78.93420944213867,80.19296379089356,79.00637664794922,79.3339337135025,79.38127858565765,79.66221650753734,78.48252794055593,53.167822838229284,82.7020798297699,71.66474575917589,-0.12805821970762565,0.09041472607085654,-0.2184729457784822,24.105201362800408,39.20718854826047,-54.52910526666983,51.311737349407274,-2.5843578807875467,1.2041529594741966,1.5041567989104507,1.463764203390724,80.4177481069565,79.02546691894531,77.63318573093413,-2.1237945556640625,-1.5488112092030448,-1.2479885296943962,57.142857142857146,28.571428571428573,-28.571428571428573,0.22793927902253924,0.0054287361008171775,1.0167529022571935,1.0038186444620398,0.1338841349463952,0.05291433102944264,0.9031769450181961,0.10215844615892648,1.0,0.517963350256175,2.541604916315925,2.5226093402520386,12159138.226913998,15455621.253503893,-3254012.233522803,-14792327.397073718,4172130.8483555326,2081068.86028752,-2590718.377092627,2081068.86028752,8501653.459253818,9976888.947848994,83220269.8739947,83220269.8739947,9111194.281352727,8501653.459253818,8501653.459253818,8501653.459253818,8501653.459253818,8501653.459253818,8501653.459253818,8501653.459253818,0.03172818070306303,0.031478352508550723,3370182.343971026,3352694.3703551646,3348946.9474374796,3348946.9474374796,27476104.83246356,27476104.83246356,160668259.31378254,97168177.97361681,63500081.34016572,63215277.19842169,63215277.19842169,104935336.54100445,118319882.06200132,-46418078.5403867,-46418078.5403867,57351809.47321783,43967263.95222097,0.00272312732018415,-169923.14477949095,80.05501556396484,2024-10-15,0,0,0,1,0,0,0,0,0,0,0,-12.06466690892408,0
79.300537109375,78.8848388671875,80.07641525268555,79.09716186523437,79.44985636238708,79.43590096283921,79.66407223635818,78.52955436093241,50.69152070930456,73.13724607009208,77.8751308825917,-0.10152262395833134,0.05202725606501896,-0.1535498800233503,24.143727185096587,14.934307544893251,-61.72873922019609,53.00168846504627,-0.6157820277595261,1.1869090755594371,1.489562911973973,0.9627385846675622,80.55217811079234,79.300537109375,78.04889610795766,-0.49370574951171875,-1.5225512740662501,-1.2255384005033108,50.0,21.42857142857143,-28.571428571428573,0.08163487738418829,-0.004663216928742053,1.0121451939259847,1.0009873112706391,0.1338841349463952,0.05291433102944264,0.9031769450181961,0.10215844615892648,1.0,0.517963350256175,2.541604916315925,2.5226093402520386,12216104.572560044,15528031.834424227,-3269257.490396437,-14861630.403560309,4191677.5500668325,2090818.8019195637,-2602856.059532518,2090818.8019195637,8541484.253220018,10023631.315084968,83610162.19777021,83610162.19777021,9153880.81332511,8541484.253220018,8541484.253220018,8541484.253220018,8541484.253220018,8541484.253220018,8541484.253220018,8541484.253220018,0.031876829272963335,0.031625830617270714,3385971.865293507,3368401.9593950235,3364636.979559634,3364636.979559634,27604832.153074864,27604832.153074864,161421000.45576233,97623417.14508945,63797583.31067288,63511444.84318329,63511444.84318329,105426965.35057315,118874218.32930551,-46635550.22768967,-46635550.22768967,57620506.39407739,44173253.41534502,0.002735885347049609,-170719.24565589562,79.68170166015625,2024-10-16,0,0,0,1,0,0,0,0,0,0,0,-10.846588101922244,0
79.34769134521484,78.84077453613281,79.93466720581054,79.15245803833008,79.17020199142863,79.28589956041603,79.56376947570614,78.53274412126885,44.31571843345249,42.985230715832074,66.27485220523124,-0.16499628826362311,0.008622547199290547,-0.17361883546291365,23.42435571706261,-22.089019043261317,-82.38006913945527,44.923035402408445,-0.5574127078631808,1.1919483402019833,1.5162635748441733,1.2574587805550834,80.46710352834329,79.34769134521484,78.2282791620864,-0.440643310546875,-1.7932971015537134,-1.4420184600047463,42.85714285714286,14.285714285714286,-28.571428571428573,-0.8046932742054688,-0.013438573578806623,1.015999984741211,0.9872917165958198,0.1338841349463952,0.05291433102944264,0.9031769450181961,0.10215844615892648,1.0,0.517963350256175,2.541604916315925,2.5226093402520386,12382507.814921008,15739548.920692176,-3313790.1025137897,-15064070.016878424,4248775.025871807,2119299.159611506,-2638311.1987000383,2119299.159611506,8657833.181462131,10160169.500490455,84749068.79450046,84749068.79450046,9278571.580212016,8657833.181462131,8657833.181462131,8657833.181462131,8657833.181462131,8657833.181462131,8657833.181462131,8657833.181462131,0.032311043609923325,0.032056625943703454,3432094.317306028,3414285.0806706375,3410468.8156773397,3410468.8156773397,27980854.930861156,27980854.930861156,163619817.41099083,98953207.09955572,64666610.31143512,64376574.17194447,64376574.17194447,106863052.34233144,120493478.8100609,-47270802.3836516,-47270802.3836516,58405391.545764156,44774965.07803469,0.0027731525617965685,-173044.7198561059,78.61089324951172,2024-10-17,0,0,0,1,0,0,0,0,0,0,0,-9.770454013209058,0
79.34769134521484,78.8397933959961,79.8178810119629,79.20581604003907,79.0361618826321,79.19175085216567,79.48798968421404,78.54197304455396,45.40133139259468,23.418761236526592,46.51374600748347,-0.2003068207312424,-0.033163326386816044,-0.16714349434442635,22.681559762177166,-30.894782281079486,-79.3485746197336,44.101315845445264,-0.012454511012272018,1.1524202740299445,1.463054894405842,0.6385554137934406,80.46710352834329,79.34769134521484,78.2282791620864,-0.0098114013671875,-1.8211974464661405,-1.4626942659035649,35.714285714285715,7.142857142857143,-28.571428571428573,0.0,0.001999575491763217,1.0081321346602925,1.0,0.1338841349463952,0.05291433102944264,0.9031769450181961,0.10215844615892648,1.0,0.517963350256175,2.541604916315925,2.5226093402520386,12357797.46597587,15708139.310306083,-3307177.152133464,-15034008.382174464,4240296.233445593,2115069.9176408257,-2633046.2240018444,2115069.9176408257,8640555.737973265,10139894.016925136,84579944.80976416,84579944.80976416,9260055.400381044,8640555.737973265,8640555.737973265,8640555.737973265,8640555.737973265,8640555.737973265,8640555.737973265,8640555.737973265,0.03224656417051439,0.03199265421641585,3425245.2807892845,3407471.584002387,3403662.9346909085,3403662.9346909085,27925016.751757264,27925016.751757264,163293300.1300816,98755737.54708557,64537562.582996026,64248105.23532369,64248105.23532369,106649798.02000913,120253023.81083833,-47176469.47150845,-47176469.47150845,58288838.61263099,44685612.82180179,0.0027676184996740694,-172699.39437966194,78.76808166503906,2024-10-18,0,0,0,1,0,0,0,0,0,0,0,-7.642191375871851,0
78.76021881103516,78.71011734008789,79.58718795776367,79.22221145629882,78.25257522725603,78.7360510456817,79.22107656347974,78.46916633365004,35.520239739454,6.453882815875669,24.285958256078004,-0.3918287640493503,-0.10489641391932289,-0.2869323501300274,21.87457058580964,-154.00436490138773,-98.43297437776285,34.50061715291693,-1.6628938181702968,1.2244806326158633,1.5967584468672333,2.1612652942328054,81.10164647231326,78.76021881103516,76.41879114975706,-1.2967605590820312,-1.8235925958613155,-1.4609911502935944,100.0,0.0,-100.0,-0.9342760841455225,-0.026440655967625903,1.0273146596784364,0.9751404694903336,0.1338841349463952,0.05291433102944264,0.9031769450181961,0.10215844615892648,1.0,0.517963350256175,2.541604916315925,2.5226093402520386,12693419.812285146,16134752.757078705,-3396995.95346238,-15442313.274818236,4355457.383709922,2172512.575227764,-2704556.47120191,2172512.575227764,8875222.441176567,10415280.875356633,86877030.48428817,86877030.48428817,9511546.940761646,8875222.441176567,8875222.441176567,8875222.441176567,8875222.441176567,8875222.441176567,8875222.441176567,8875222.441176567,0.033122340582704204,0.032861534751344325,3518270.665044722,3500014.2568495306,3496102.169379133,3496102.169379133,28683425.33295912,28683425.33295912,167728142.2350064,101437820.04911003,66290322.18589638,65993003.53814612,65993003.53814612,109546273.34608856,123518945.76119389,-48457723.46666489,-48457723.46666489,59871890.67612985,45899218.26102451,0.002842783561822644,-177389.694257733,76.6854019165039,2024-10-21,0,0,0,1,0,0,0,0,0,0,0,-5.533329042018308,0
78.2434814453125,78.63447418212891,79.36793899536133,79.27680252075196,77.99215972995454,78.50610153471258,79.05443391318182,78.43003544744225,40.759825643933944,19.73309761410376,16.535247222168564,-0.474721266694786,-0.17886138447441552,-0.29585988222037046,22.1922567518194,-186.2184822292047,-58.78594134456462,46.29144034072615,-0.9669605476936627,1.3327942206541306,1.7203709325898688,2.7408708651516065,80.34157693148654,78.2434814453125,76.14538595913845,-0.7564315795898438,-1.7064613880366002,-1.363630783863556,100.0,0.0,-100.0,0.33333333333333504,0.010248714868879238,1.0365757860536906,1.0119337906009738,0.1338841349463952,0.05291433102944264,0.9031769450181961,0.10215844615892648,1.0,0.517963350256175,2.541604916315925,2.5226093402520386,12564648.314284302,15971069.816379666,-3362534.2982032676,-15285654.955594279,4311272.382341234,2150472.990712723,-2677119.4374178797,2150472.990712723,8785185.579106119,10309620.51429923,85995685.2264484,85995685.2264484,9415054.729365487,8785185.579106119,8785185.579106119,8785185.579106119,8785185.579106119,8785185.579106119,8785185.579106119,8785185.579106119,0.032786322907624954,0.03252816288473027,3482578.708849296,3464507.507246668,3460635.1069032475,3460635.1069032475,28392439.317957416,28392439.317957416,166026583.1239151,100408759.30465865,65617823.81925647,65323521.39315653,65323521.39315653,108434954.41645439,122265877.64303713,-47966132.25383241,-47966132.25383241,59264505.65581828,45433582.42923555,0.0028139442495520627,-175590.1211720487,77.47132873535156,2024-10-22,0,0,0,1,0,0,0,0,0,0,0,-5.292682268693075,0
77.9016098022461,78.60107345581055,79.19230880737305,79.32499572753906,77.98555430157776,78.40905460927834,78.95137767810014,78.41208674145723,43.889988680128525,37.140257843213135,21.10907942439741,-0.49428862081296643,-0.2419468317421257,-0.2523417890708407,22.135383552689174,-90.48785035788273,-50.63905573044976,49.793201380586055,-0.4265391761506754,1.3477626991036935,1.7285137775260206,1.542352918948012,79.4308352698949,77.9016098022461,76.3723843345973,-0.33400726318359375,-1.4890399279452828,-1.1872510665502318,92.85714285714286,57.142857142857146,-35.714285714285715,0.8216567938070783,0.006467098443401653,1.020159216104175,1.0165215277315,0.1338841349463952,0.05291433102944264,0.9031769450181961,0.10215844615892648,1.0,0.517963350256175,2.541604916315925,2.5226093402520386,12483913.615970895,15868447.007438656,-3340928.186727366,-15187436.30987542,4283570.112732976,2136655.0322793825,-2659917.4891641294,2136655.0322793825,8728735.98420977,10243375.595927628,85443116.18278334,85443116.18278334,9354557.882643929,8728735.98420977,8728735.98420977,8728735.98420977,8728735.98420977,8728735.98420977,8728735.98420977,8728735.98420977,0.03257565295311904,0.03231915174876377,3460201.2467525657,3442246.162447697,3438398.644382368,3438398.644382368,28210002.454992376,28210002.454992376,164959772.0389382,99763578.42193794,65196193.61700025,64903782.244035244,64903782.244035244,107738200.86534323,121480252.88867672,-47657923.7692088,-47657923.7692088,58883698.9778171,45141646.95448362,0.0027958631274724215,-174461.8591542791,77.97234344482422,2024-10-23,0,0,0,1,0,0,0,0,0,0,0,-7.181229415955455,0
77.65601196289063,78.50185165405273,78.99355926513672,79.34889114379882,77.78467088529663,78.2224817808158,78.80199923758911,78.37172663601712,41.13609567526061,55.85776862691775,37.57704136141144,-0.5510070563621525,-0.30375887666613105,-0.24724817969602148,22.00657543556694,-69.75666916032195,-60.223794886838625,48.200746548469986,-1.2659859294228304,1.3076302192266624,1.6898179710799526,0.7859079808252574,79.03805228536056,77.65601196289063,76.2739716404207,-0.992218017578125,-1.3570402204491345,-1.0795877407758638,85.71428571428572,50.0,-35.714285714285715,-0.8250092983777898,-0.007559595698274135,1.0101612522323464,0.9916907508551732,0.1338841349463952,0.05291433102944264,0.9031769450181961,0.10215844615892648,1.0,0.517963350256175,2.541604916315925,2.5226093402520386,12579005.814212581,15989319.800621765,-3366376.633041275,-15303121.723022949,4316198.830847546,2152930.315027549,-2680178.5554424585,2152930.315027549,8795224.324176168,10321401.216161484,86093951.64931893,86093951.64931893,9425813.2197124,8795224.324176168,8795224.324176168,8795224.324176168,8795224.324176168,8795224.324176168,8795224.324176168,8795224.324176168,0.03282378751602626,0.03256533249621502,3486558.2172534973,3468466.3658667114,3464589.540569543,3464589.540569543,28424883.078839112,28424883.078839112,166216300.0658994,100523495.40537994,65692804.66051947,65398165.937934674,65398165.937934674,108558861.97131108,122405589.65769775,-48020942.6809266,-48020942.6809266,59332226.6229651,45485498.93657843,0.002817159715942411,-175790.76627480643,77.38290405273438,2024-10-24,0,0,0,1,0,0,0,0,0,0,0,-4.533206635056511,0
77.20018157958984,78.27393646240235,78.75059928894044,79.37679809570312,77.3527571730428,77.90729050221931,78.58170690529826,78.297891463959,37.312224130719926,53.653329853792165,48.88378544130757,-0.6604794839067551,-0.37510299811425585,-0.2853764857924993,22.514201448497996,-118.80405565601804,-74.76050660521273,45.56519221823292,-2.8934967925155153,1.3075552925767269,1.7094699806566034,1.306581246127564,78.28609851825505,77.20018157958984,76.11426464092463,-2.2791519165039062,-1.3109084567420157,-1.0403885474571837,78.57142857142857,42.85714285714286,-35.714285714285715,-0.8421061689019339,-0.011552607325126973,1.0171215477063544,0.9858191605599153,0.1338841349463952,0.05291433102944264,0.9031769450181961,0.10215844615892648,1.0,0.517963350256175,2.541604916315925,2.5226093402520386,12726024.578983491,16176197.053191159,-3405721.5973137454,-15481978.946406668,4366644.965461769,2178092.967802188,-2711503.4905292545,2178092.967802188,8898019.651177486,10442033.933875196,87100185.89490838,87100185.89490838,9535978.636359056,8898019.651177486,8898019.651177486,8898019.651177486,8898019.651177486,8898019.651177486,8898019.651177486,8898019.651177486,0.03320741979722423,0.0329459440507894,3527307.819405944,3509004.5171555057,3505082.380958983,3505082.380958983,28757102.592903316,28757102.592903316,168158974.66843987,101698376.8183653,66460597.85007457,66162515.499138854,66162515.499138854,109827657.77502437,123836220.89027074,-48582193.68759262,-48582193.68759262,60025679.73031324,46017116.61506687,0.0028500856361397178,-177845.34369511838,76.48892974853516,2024-10-25,0,0,0,1,0,0,0,0,0,0,0,-3.2494753159350647,0
77.25323333740235,78.00672607421875,78.57665748596192,79.40729415893554,77.21872501721734,77.73335781191878,78.42636917199047,78.24505888519852,40.39412006143308,54.07901512715345,54.530037869287675,-0.7018884093832867,-0.440460080368062,-0.26142832901522467,22.9855684605054,-83.22265449300409,-67.25240510578024,48.09262867611651,-3.355954664074434,1.2899434750800538,1.6763254054643129,1.0609898476233042,78.2561130379073,77.25323333740235,76.2503536368974,-2.6721038818359375,-1.2617478956140598,-0.9993573213234868,71.42857142857143,35.714285714285715,-35.714285714285715,-0.026311298499217515,0.006036572332090984,1.0097211835925275,0.9997447780031162,0.1338841349463952,0.05291433102944264,0.9031769450181961,0.10215844615892648,1.0,0.517963350256175,2.541604916315925,2.5226093402520386,12649663.967467232,16079134.196576132,-3385286.073068845,-15389081.641950581,4340443.563934719,2165023.645962647,-2695233.5184432957,2165023.645962647,8844628.412017874,10379378.067409161,86577554.22648469,86577554.22648469,9478759.41950473,8844628.412017874,8844628.412017874,8844628.412017874,8844628.412017874,8844628.412017874,8844628.412017874,8844628.412017874,0.03300816362992271,0.0327482568296871,3506142.735178405,3487949.259161912,3484050.657158378,3484050.657158378,28584549.889912598,28584549.889912598,167149961.83352557,101088150.8836389,66061810.94988666,65765517.19761806,65765517.19761806,109168653.30296408,123093160.12558699,-48290683.483776696,-48290683.483776696,59665504.59608825,45740997.77346534,0.00283298412256817,-176778.2092482538,76.9506607055664,2024-10-28,0,0,0,1,0,0,0,0,0,0,0,-1.184662778204053,0
76.98209228515626,77.61278686523437,78.27349815368652,79.40193496704102,76.85102450285193,77.43922429595557,78.20629815314577,78.16155161417588,36.86437371123177,35.098882427056026,47.610409136000435,-0.7929452280413614,-0.5109571099027219,-0.28198811813863944,23.831334955883985,-102.29155564756904,-80.83075456237121,43.992523047595924,-4.920856066408641,1.2876231347727742,1.6916673292580453,1.2574587107781383,78.28936819007319,76.98209228515626,75.67481638023932,-3.93939208984375,-1.292357401613904,-1.0210247528858787,64.28571428571429,28.571428571428573,-35.714285714285715,-0.3749970197649164,-0.010851592745127814,1.016524642324111,0.9938430511393547,0.1338841349463952,0.05291433102944264,0.9031769450181961,0.10215844615892648,1.0,0.517963350256175,2.541604916315925,2.5226093402520386,12788438.898236848,16255532.616384275,-3422424.833563488,-15557909.742441008,4388061.015010384,2188775.344612964,-2724801.95962022,2188775.344612964,8941659.66112595,10493246.505056268,87527365.55150352,87527365.55150352,9582747.492674628,8941659.66112595,8941659.66112595,8941659.66112595,8941659.66112595,8941659.66112595,8941659.66112595,8941659.66112595,0.03337028436564783,0.03310752622103643,3544607.3708077893,3526214.300684991,3522272.92851582,3522272.92851582,28898140.744361795,28898140.744361795,168983704.17176065,102197152.765158,66786551.40660265,66487007.12174565,66487007.12174565,110366303.48112644,124443571.0786822,-48820463.268798165,-48820463.268798165,60320073.46771609,46242805.87016033,0.0028640637762642625,-178717.57963889,76.1156234741211,2024-10-29,0,0,0,1,0,0,0,0,0,0,0,-0.43814407414449796,0
76.70112762451171,77.3013687133789,78.09310379028321,79.40678649902344,76.7565230491018,77.28073263152757,78.05022405680822,78.0990405760357,39.9238388021512,31.02044323122054,40.06611359514322,-0.8192008905181467,-0.5726058660258069,-0.24659502449233983,24.71017159054288,-89.29151707699134,-73.48256619632882,50.54361418428611,-3.9082768737002116,1.2686277000321131,1.6568744784811535,1.0216870484035212,77.56497014016207,76.70112762451171,75.83728510886135,-3.1141815185546875,-1.3606526667554792,-1.0722135397104182,57.142857142857146,21.42857142857143,-35.714285714285715,0.3942339434398222,0.005936976495162227,1.0134558274447945,1.0052883228242595,0.1338841349463952,0.05291433102944264,0.9031769450181961,0.10215844615892648,1.0,0.517963350256175,2.541604916315925,2.5226093402520386,12712962.33964251,16159593.48966476,-3402225.8983736117,-15466087.941858085,4362162.956072116,2175857.3307832773,-2708720.350566937,2175857.3307832773,8888886.550606834,10431316.026990417,87010784.56869358,87010784.56869358,9526190.722268092,8888886.550606834,8888886.550606834,8888886.550606834,8888886.550606834,8888886.550606834,8888886.550606834,8888886.550606834,0.03317333505515921,0.03291212769252016,3523687.3220007694,3505402.806616036,3501484.6961764507,3501484.6961764507,28727585.7430426,28727585.7430426,167986373.02361193,101593991.62483168,66392381.39878026,66094605.005371734,66094605.005371734,109714928.52927971,123709112.98266676,-48532327.97833528,-48532327.97833528,59964068.20423326,45969883.750846215,0.002847160252765633,-177662.7997725755,76.56752014160156,2024-10-30,0,0,0,1,0,0,0,0,0,0,0,-0.7160125222975455,0
76.5969955444336,77.1265037536621,77.98363914489747,79.4040460205078,76.79176325018246,77.20464372622142,77.93708306590685,78.05053873589092,41.9012549989835,28.405721462721313,31.508349040332508,-0.8069252361542141,-0.6194697400514884,-0.18745549610272572,25.010807928996236,-56.8051403949568,-68.69013458821453,41.9252716041625,-2.224436747738945,1.2411646931626181,1.6147911304496136,0.8841456038591815,77.19009026917067,76.5969955444336,76.00390081969653,-1.7486495971679688,-1.4759961579595857,-1.1604815752078395,50.0,14.285714285714286,-35.714285714285715,0.3222254247058367,0.003849197547434402,1.0115576456239932,1.0037203454378567,0.1338841349463952,0.05291433102944264,0.9031769450181961,0.10215844615892648,1.0,0.517963350256175,2.541604916315925,2.5226093402520386,12664215.273272447,16097630.529710295,-3389180.2739752135,-15406784.185955653,4345436.512505648,2167514.140668985,-2698333.930220573,2167514.140668985,8854802.665902227,10391317.792030722,86677147.10663211,86677147.10663211,9489663.134205926,8854802.665902227,8854802.665902227,8854802.665902227,8854802.665902227,8854802.665902227,8854802.665902227,8854802.665902227,0.03304613395737828,0.032785928178186326,3510175.9612994725,3491961.5567560354,3488058.4700681563,3488058.4700681563,28617431.595531207,28617431.595531207,167342239.68503413,101204435.75891897,66137803.926115155,65841169.337836325,65841169.337836325,109294233.43399684,123234758.05420583,-48346233.77386523,-48346233.77386523,59734139.70020114,45793615.07999215,0.0028362429931923093,-176981.5627752001,76.86224365234375,2024-10-31,0,0,0,1,0,0,0,0,0,0,0,-0.003930720846558157,0
76.77186126708985,76.98602142333985,77.91290740966797,79.41288940429688,76.9822616207271,77.23348275087505,77.88243309408871,78.0235865643586,45.20321185844253,57.40092309110673,38.94236259501608,-0.7481448436757745,-0.6452047607763456,-0.10294008289942891,25.079847894324352,-34.35754565359797,-60.54324897409967,37.42527707603335,-1.7834931021891043,1.2149620021301233,1.5704638453152109,0.8743270187076888,77.60242352238369,76.77186126708985,75.941299011796,-1.4048233032226562,-1.5293050299276958,-1.2000453166472624,42.85714285714286,7.142857142857143,-35.714285714285715,0.30336722272704225,0.006518346143248088,1.0114014785739696,1.0034403240509362,0.1338841349463952,0.05291433102944264,0.9031769450181961,0.10215844615892648,1.0,0.517963350256175,2.541604916315925,2.5226093402520386,12582200.137532387,15993380.141944548,-3367231.4935557703,-15307007.810628572,4317294.890010086,2153477.0319631146,-2680859.1622397956,2153477.0319631146,8797457.79084091,10324022.241470225,86115814.41983591,86115814.41983591,9428206.818651821,8797457.79084091,8797457.79084091,8797457.79084091,8797457.79084091,8797457.79084091,8797457.79084091,8797457.79084091,0.03283212281624436,0.03257360216414795,3487443.596780602,3469347.1511338535,3465469.341352407,3465469.341352407,28432101.317563426,28432101.317563426,166258509.1729842,100549022.42637861,65709486.7466056,65414773.20321569,65414773.20321569,108586429.50005606,122436673.43612136,-48033137.15951341,-48033137.15951341,59347293.498512894,45497049.5624476,0.002817875107850894,-175835.4067298958,77.3632583618164,2024-11-01,0,0,0,1,0,0,0,0,0,0,0,-1.3540224278578725,0
76.74238891601563,76.99781112670898,77.85396423339844,79.39900192260743,76.92260739721651,77.15526751438783,77.77965841371791,77.9757321481169,42.30901346765135,64.87675681225932,50.22780045536234,-0.738235089314287,-0.6638108264839339,-0.0744242628303532,25.05877220183883,-39.73466709464261,-64.74953546581426,37.475917722149525,0.15374116943376315,1.1962441880707264,1.5575427155107695,0.9529126052985646,77.55576118809311,76.74238891601563,75.92901664393814,0.11789703369140625,-1.501851148506106,-1.1758770086826331,35.714285714285715,0.0,-35.714285714285715,-0.3917523340595753,-0.00723805361199048,1.0124278482175761,0.9951629676014876,0.1338841349463952,0.05291433102944264,0.9031769450181961,0.10215844615892648,1.0,0.517963350256175,2.541604916315925,2.5226093402520386,12673934.756776806,16109985.077624762,-3391781.389090156,-15418608.52576032,4348771.53150139,2169177.656132131,-2700404.8372257138,2169177.656132131,8861598.515987564,10399292.880868744,86743669.75200169,86743669.75200169,9496946.22457549,8861598.515987564,8861598.515987564,8861598.515987564,8861598.515987564,8861598.515987564,8861598.515987564,8861598.515987564,0.03307149607788482,0.032811090596956596,3512869.937721782,3494641.554056806,3490735.4718428827,3490735.4718428827,28639394.792486403,28639394.792486403,167470670.86715668,101282107.7522246,66188563.11493209,65891700.86667391,65891700.86667391,109378114.15428318,123329337.79501294,-48383338.35646457,-48383338.35646457,59779984.22928842,45828760.58855867,0.002838419742117674,-177117.39190814286,76.80329895019531,2024-11-04,0,0,0,1,0,0,0,0,0,0,0,0.3944763966804818,1
77.00763549804688,76.99486389160157,77.81466903686524,79.40042648315429,77.09569039290345,77.20737458164047,77.74748679186642,77.9547958436526,46.51456210082256,76.13838464117362,66.1386881815131,-0.6711190466904497,-0.6652724705252371,-0.005846576165212669,25.34888086430298,-27.954636018184488,-48.99992598115428,46.816889450616735,-0.03804291414040151,1.1985116251289687,1.5476277055934533,1.2279883068861182,77.68386571910094,77.00763549804688,76.33140527699283,-0.02947235107421875,-1.4984427357573797,-1.1714865366617886,28.571428571428573,0.0,-28.571428571428573,0.5040039062499968,0.008314192786121222,1.0161020229837114,1.0080563287391107,0.1338841349463952,0.05291433102944264,0.9031769450181961,0.10215844615892648,1.0,0.517963350256175,2.541604916315925,2.5226093402520386,12569430.091782056,15977147.989071233,-3363813.9910717336,-15291472.27726352,4312913.140184104,2151291.404654706,-2678138.2792640217,2151291.404654706,8788528.991644613,10313544.08702109,86028412.94172017,86028412.94172017,9418637.853677357,8788528.991644613,8788528.991644613,8788528.991644613,8788528.991644613,8788528.991644613,8788528.991644613,8788528.991644613,0.03279880052714858,0.03254054225528127,3483904.087490034,3465826.0084593217,3461952.1343813124,3461952.1343813124,28403244.739966933,28403244.739966933,166089768.5119461,100446972.26007219,65642796.25187393,65348381.8219452,65348381.8219452,108476221.9324269,122312408.84771812,-47984386.9129465,-47984386.9129465,59287060.18121939,45450873.26592817,0.0028150151633536966,-175656.94619327068,77.44185638427734,2024-11-05,0,0,0,1,0,0,0,0,0,0,0,-1.9007514832580477,0
76.75614471435547,76.7286361694336,77.66485481262207,79.3574560546875,76.50048233631715,76.8624094255503,77.51535149960719,77.85108095657385,36.8553023700225,51.17391037935255,64.06301727759505,-0.7809445070990222,-0.6884068778399941,-0.09253762925902809,26.460407499447136,-160.29361407321264,-91.16269153784461,40.09999899845701,-3.414386568442185,1.317100810075086,1.748904065722771,2.8587602143746125,78.29065727136886,76.75614471435547,75.22163215734209,-2.6622772216796875,-1.3115589528213054,-1.0219153868846291,100.0,0.0,-100.0,-0.8041214409312573,-0.027527622149894904,1.0381489736323801,0.9703797931912579,0.1338841349463952,0.05291433102944264,0.9031769450181961,0.10215844615892648,1.0,0.517963350256175,2.541604916315925,2.5226093402520386,12925230.966014627,16429410.596106328,-3459032.942928714,-15724325.570119707,4434998.091893246,2212187.670986272,-2753947.9169420935,2212187.670986272,9037304.495037556,10605487.952081244,88463605.65212929,88463605.65212929,9685249.749200717,9037304.495037556,9037304.495037556,9037304.495037556,9037304.495037556,9037304.495037556,9037304.495037556,9037304.495037556,0.03372723099823008,0.033461662250212514,3582522.4107568795,3563932.5983956503,3559949.067175387,3559949.067175387,29207250.90697121,29207250.90697121,170791245.38131288,103290308.85394965,67500936.52736323,67198188.15462321,67198188.15462321,111546841.22981557,125774686.90485634,-49342673.381662585,-49342673.381662585,60965289.63865108,46737443.96361032,0.0028946993533914,-180629.23965162336,75.31006622314453,2024-11-06,0,0,0,1,0,0,0,0,0,0,0,0.7711648649823256,1
76.3828338623047,76.48991470336914,77.49588317871094,79.29959838867188,75.99888468824138,76.52300578310295,77.27538367984363,77.73910481679016,35.678634502755195,36.10872240910397,54.473672476543264,-0.8831689368810345,-0.7273592896482022,-0.1558096472328323,27.564111965047974,-231.65329038389038,-95.20214961555033,41.06676704988878,-3.084938062052711,1.3030167953228509,1.7374555869610904,1.1199246035437938,78.44866095677222,76.3828338623047,74.31700676783717,-2.3872146606445312,-1.3240353202144663,-1.0289987417367854,100.0,0.0,-100.0,-0.4035148773273041,-0.004174433071446049,1.0149704447380874,0.994010329484529,0.1338841349463952,0.05291433102944264,0.9031769450181961,0.10215844615892648,1.0,0.517963350256175,2.541604916315925,2.5226093402520386,12979412.65545149,16498281.568307098,-3473532.9738495103,-15790240.87382952,4453589.302363671,2221461.0112987654,-2765492.2793719326,2221461.0112987654,9075188.261044057,10649945.436520552,88834439.0724768,88834439.0724768,9725849.657659564,9075188.261044057,9075188.261044057,9075188.261044057,9075188.261044057,9075188.261044057,9075188.261044057,9075188.261044057,0.03386861325749618,0.03360193126334267,3597540.101130894,3578872.361540148,3574872.131627845,3574872.131627845,29329685.717003386,29329685.717003386,171507190.67003667,103723294.80606745,67783895.86396924,67479878.39063422,67479878.39063422,112014438.00430018,126301925.84107465,-49549514.51372276,-49549514.51372276,61220851.98785127,46933364.1510768,0.0029068337362732947,-181386.42514345358,74.99568939208984,2024-11-07,0,0,0,1,0,0,0,0,0,0,0,1.865575566629552,1
76.13527069091796,76.45356597900391,77.36375122070312,79.27743103027343,76.04107062712185,76.45072155069928,77.1658654727045,77.6758239418134,42.752084547779255,22.80335798783737,36.695330258764514,-0.8630719433891016,-0.754501820396382,-0.10857012299271962,27.69327877323801,-126.10300830653838,-55.434838093328445,46.31300681435163,-0.47521549176768874,1.359408216558909,1.785747539624107,2.0924966926276625,77.95365073321992,76.13527069091796,74.31689064861601,-0.36348724365234375,-1.3792596014223726,-1.0703650743533473,100.0,0.0,-100.0,0.6854440082526216,0.015064240651038396,1.0280818052163736,1.0192029344720996,0.1338841349463952,0.05291433102944264,0.9031769450181961,0.10215844615892648,1.0,0.517963350256175,2.541604916315925,2.5226093402520386,12786789.383031363,16253435.898525484,-3421983.392520721,-15555903.007382104,4387495.021504495,2188493.0256965533,-2724450.501377342,2188493.0256965533,8940506.32226335,10491893.034957007,87516075.84511152,87516075.84511152,9581511.463177575,8940506.32226335,8940506.32226335,8940506.32226335,8940506.32226335,8940506.32226335,8940506.32226335,8940506.32226335,0.03336598010365694,0.03310325585087224,3544150.170065607,3525759.472370678,3521818.6085789073,3521818.6085789073,28894413.32126134,28894413.32126134,168961907.82963252,102183970.87808134,66777936.9515512,66478431.30337664,66478431.30337664,110352067.89715767,124427519.74009798,-48814166.16739731,-48814166.16739731,60312293.09051972,46236841.2475794,0.0028636943553532333,-178694.52777404175,76.12544250488281,2024-11-08,0,0,0,1,0,0,0,0,0,0,0,1.7038130414834203,1
75.90932006835938,76.3258544921875,77.16629028320312,79.22668029785156,75.91856236388202,76.30941687555439,77.0237397931519,77.5973032318365,40.81845670441473,30.226950416847245,29.713010271262746,-0.8735395949720441,-0.7783093753115145,-0.09523021966052969,27.813219380843044,-96.9719983069468,-67.93474445506995,43.7544136072516,-1.659654194589233,1.344407286076256,1.7765882002740385,1.1493951898017656,77.61690131416513,75.90932006835938,74.20173882255362,-1.2771148681640625,-1.4111307758459821,-1.0934136219513704,92.85714285714286,14.285714285714286,-78.57142857142857,-0.2222243958422986,-0.0059362107149850685,1.0152661557706555,0.9966360184609827,0.1338841349463952,0.05291433102944264,0.9031769450181961,0.10215844615892648,1.0,0.517963350256175,2.541604916315925,2.5226093402520386,12863147.738464875,16350495.887407633,-3442418.3129957877,-15648797.567177013,4413695.648908227,2201561.9614015287,-2740719.9927651687,2201561.9614015287,8993895.983972872,10554547.050248506,88038692.07232451,88038692.07232451,9638728.989483785,8993895.983972872,8993895.983972872,8993895.983972872,8993895.983972872,8993895.983972872,8993895.983972872,8993895.983972872,0.03356523038391286,0.03330093723128363,3565314.6289683823,3546814.1082843356,3542849.7109948974,3542849.7109948974,29066960.926163282,29066960.926163282,169970890.85315058,102794178.78361472,67176712.06953585,66875417.87553851,66875417.87553851,111011052.89885764,125170558.55096892,-49105667.75851189,-49105667.75851189,60672457.58333037,46512951.93121909,0.0028807953636586633,-179761.6306923006,75.67354583740234,2024-11-11,0,0,0,1,0,0,0,0,0,0,0,0.11737445384634229,1
75.46920623779297,76.23842086791993,76.92560386657715,79.14441619873047,75.69280398640312,76.11521148571637,76.8539824063227,77.50491044750744,39.00133401563685,35.5288492690246,29.519719224569624,-0.9062680473145406,-0.8039011097121197,-0.10236693760242088,28.381167827464036,-125.5093552168884,-79.89144271674353,40.76793244237817,-1.148694844459952,1.3536343226187177,1.7990579008236296,1.4735857976707223,76.25604372093126,75.46920623779297,74.68236875465469,-0.8743362426757812,-1.41118184997581,-1.091965553088059,85.71428571428572,7.142857142857143,-78.57142857142857,-0.480000813802088,-0.005712149485975093,1.0197446357232811,0.9906868290849777,0.1338841349463952,0.05291433102944264,0.9031769450181961,0.10215844615892648,1.0,0.517963350256175,2.541604916315925,2.5226093402520386,12937046.079578375,16444428.923630904,-3462194.8877441613,-15738699.370697258,4439052.178528023,2214209.8591100853,-2756465.3348105145,2214209.8591100853,9045565.606904708,10615182.559851293,88544471.32871075,88544471.32871075,9694103.15584242,9045565.606904708,9045565.606904708,9045565.606904708,9045565.606904708,9045565.606904708,9045565.606904708,9045565.606904708,0.03375806147742867,0.033492249969732386,3585797.2388229356,3567190.433284195,3563203.260668751,3563203.260668751,29233949.61643784,29233949.61643784,170947367.77209875,103384727.80339456,67562639.9687042,67259614.84993044,67259614.84993044,111648807.57767217,125889659.10250084,-49387778.12997045,-49387778.12997045,61021018.764298536,46780167.23946986,0.0028973454338895475,-180794.35507470777,75.24128723144531,2024-11-12,0,0,0,1,0,0,0,0,0,0,0,1.3885990566238622,1
75.30809326171875,76.03211898803711,76.666743850708,79.0304118347168,75.29670310519323,75.82235509609039,76.63022230503229,77.387247345361,36.05504060931067,23.018351808485818,29.591383831452436,-0.980357098846568,-0.8391923075390093,-0.14116479130755866,29.166799658162393,-152.75417469940982,-92.28653951203424,41.19240076943434,-2.6943784975833607,1.3355375993842524,1.7925596109150965,1.100280197336204,76.4214430058725,75.30809326171875,74.194743517565,-2.063018798828125,-1.4923162211046554,-1.1526098984938358,100.0,0.0,-100.0,-0.5892875389132198,-0.009792308395861093,1.0148226943193523,0.9913725011488971,0.1338841349463952,0.05291433102944264,0.9031769450181961,0.10215844615892648,1.0,0.517963350256175,2.541604916315925,2.5226093402520386,13064982.416588107,16607050.28153325,-3496433.0383410747,-15894341.666040309,4482950.613458422,2236106.5035993205,-2783724.422848134,2236106.5035993205,9135018.525508389,10720157.649608508,89420100.52988832,89420100.52988832,9789969.55692997,9135018.525508389,9135018.525508389,9135018.525508389,9135018.525508389,9135018.525508389,9135018.525508389,9135018.525508389,0.034091899874803565,0.03382345971830905,3621257.7111110245,3602466.9001564085,3598440.297808991,3598440.297808991,29523048.4112669,29523048.4112669,172637891.24397084,104407114.46697716,68230776.77699368,67924754.99858993,67924754.99858993,112752918.93239167,127134600.31658538,-49876181.07668112,-49876181.07668112,61624464.52566363,47242783.14146992,0.0029259977057902275,-182582.25684131018,74.50450134277344,2024-11-13,0,0,0,1,0,0,0,0,0,0,0,1.9403091755897883,1
75.02909545898437,75.70596466064453,76.41623420715332,78.87937240600586,74.73136886293481,75.41841787469541,76.3416964072595,77.23875530744166,32.78339233811155,12.499713395003234,23.682304824171098,-1.0993299984986322,-0.8912198457309339,-0.2081101527676983,30.3336904609659,-172.10859078598085,-97.26662620267624,35.43214531794147,-4.2433620448006915,1.3313637176887794,1.808900881164953,1.2771032556476314,76.81298558487062,75.02909545898437,73.24520533309813,-3.2615432739257812,-1.5329250538961197,-1.181200271997696,100.0,57.142857142857146,-42.85714285714286,-0.630771217127467,-0.012130823615573827,1.0173796172369638,0.9891734919731696,0.1338841349463952,0.05291433102944264,0.9031769450181961,0.10215844615892648,1.0,0.517963350256175,2.541604916315925,2.5226093402520386,13225417.625039766,16810981.33086265,-3539368.493243126,-16089520.804984683,4538000.294599632,2263565.41640808,-2817907.9673651606,2263565.41640808,9247194.612288952,10851798.90807403,90518160.36731039,90518160.36731039,9910188.30323362,9247194.612288952,9247194.612288952,9247194.612288952,9247194.612288952,9247194.612288952,9247194.612288952,9247194.612288952,0.03451054116252415,0.034238804617937345,3665725.98647599,3646704.428354914,3642628.380186112,3642628.380186112,29885585.17365674,29885585.17365674,174757847.87194267,105689211.65159167,69068636.22035098,68758856.55952203,68758856.55952203,114137500.82279542,128695786.19903345,-50488649.984228246,-50488649.984228246,62381199.85806973,47822914.48183169,0.002961928335996167,-184824.32816616082,73.60070037841797,2024-11-14,0,0,0,1,0,0,0,0,0,0,0,4.064811504436979,1
74.33749389648438,75.23638229370117,76.1112018585205,78.71279495239258,74.04339080608415,74.91823911427494,75.9917667201284,77.05948783234132,29.778552158757225,14.296937270318573,16.605000824602424,-1.2544629518299928,-0.9638684669507457,-0.2905944848792471,32.378163498031576,-217.81240015784718,-78.14372173574195,42.762822653722694,-6.069836985758704,1.4053773863281844,1.933985136915119,2.36755507864045,76.52138603699565,74.33749389648438,72.1536017559731,-4.695823669433594,-1.6745854142309033,-1.286680955153244,100.0,50.0,-50.0,-0.32735297136405717,-0.012680119635231302,1.0307543188779582,0.9902276337702549,0.1338841349463952,0.05291433102944264,0.9031769450181961,0.10215844615892648,1.0,0.517963350256175,2.541604916315925,2.5226093402520386,13395271.267254936,17026884.260298472,-3584824.496733009,-16296158.038507598,4596281.696387044,2292636.3192158127,-2854098.2749421345,2292636.3192158127,9365956.055571923,10991168.236240515,91680682.38823283,91680682.38823283,10037464.554620603,9365956.055571923,9365956.055571923,9365956.055571923,9365956.055571923,9365956.055571923,9365956.055571923,9365956.055571923,0.03495375900845237,0.03467853255956692,3712804.795464744,3693538.9440427623,3689410.5473094806,3689410.5473094806,30269404.84842198,30269404.84842198,177002257.6749673,107046575.02950759,69955682.6454597,69641924.49373028,69641924.49373028,115603365.32535629,130348622.32439436,-51137074.202916935,-51137074.202916935,63182359.738388725,48437102.73935065,0.0029999682928514237,-187198.02147392885,72.66743469238281,2024-11-15,0,0,0,1,0,0,0,0,0,0,0,4.653391520500561,1
73.86398315429688,74.88665161132812,75.94223136901856,78.55195220947266,73.79759124621104,74.62510329830947,75.73597866358901,76.91229192230695,34.22111274845589,24.62035210849651,17.139000924605984,-1.3107709353186152,-1.0332489606243196,-0.2775219746942956,34.2634314605086,-136.8277228474399,-68.41312689277484,48.16375061221856,-4.553589326935514,1.3730590100430464,1.8730515340059717,0.9529201183362517,75.67939056854232,73.86398315429688,72.04857574005143,-3.4973068237304688,-1.7917678859677149,-1.372954882108246,92.85714285714286,42.85714285714286,-50.0,0.5257747365109228,0.008787394749590227,1.013147211124315,1.006881691162194,0.1338841349463952,0.05291433102944264,0.9031769450181961,0.10215844615892648,1.0,0.517963350256175,2.541604916315925,2.5226093402520386,13278587.080858624,16878565.641202357,-3553597.6315632537,-16154204.665248388,4556244.180200103,2272665.5102435243,-2829236.6556092855,2272665.5102435243,9284370.625880808,10895425.828520425,90882065.80038661,90882065.80038661,9950029.71573826,9284370.625880808,9284370.625880808,9284370.625880808,9284370.625880808,9284370.625880808,9284370.625880808,9284370.625880808,0.03464928208894689,0.034376453096120536,3680463.113227508,3661365.0837296634,3657272.648837268,3657272.648837268,30005732.631042354,30005732.631042354,175460417.7215203,106114108.4698819,69346309.2516384,69035284.19981635,69035284.19981635,114596361.85685325,129213175.14752513,-50691626.86713647,-50691626.86713647,62631987.73818183,48015174.447509944,0.0029738360218072527,-185567.36776077255,73.30599212646484,2024-11-18,0,0,0,1,0,0,0,0,0,0,0,2.339847068642182,1
73.61249237060547,74.54084930419921,75.76785659790039,78.39391632080078,73.85967193513679,74.50850875552379,75.56910767781751,76.79745040821602,38.65757882662816,45.744593467263876,28.220627615359533,-1.2858765150777032,-1.0837744715149964,-0.20210204356270678,34.93737299994207,-89.27264622082373,-58.08391044035414,48.933163133209234,-4.4653153123420335,1.3921684018172862,1.881719748053232,1.640590494882403,74.85210184711829,73.61249237060547,72.37288289409264,-3.4580230712890625,-1.8815779306638882,-1.4376916640844115,85.71428571428572,35.714285714285715,-50.0,0.41916030883091804,0.00924673641077045,1.02259196713085,1.0093820793796517,0.1338841349463952,0.05291433102944264,0.9031769450181961,0.10215844615892648,1.0,0.517963350256175,2.541604916315925,2.5226093402520386,13156928.431675548,16723923.92491489,-3521039.5073469076,-16006199.557006557,4514499.790609855,2251843.308729347,-2803315.1394385747,2251843.308729347,9199307.0583505,10795601.744790692,90049402.70958376,90049402.70958376,9858867.367878737,9199307.0583505,9199307.0583505,9199307.0583505,9199307.0583505,9199307.0583505,9199307.0583505,9199307.0583505,0.03433182475493722,0.03406149542615819,3646742.645229158,3627819.592214626,3623764.65228294,3623764.65228294,29730819.579118073,29730819.579118073,173852846.27772796,105141889.13531718,68710957.14241077,68402781.70760266,68402781.70760266,113546427.96705733,128029321.75639403,-50227189.28714437,-50227189.28714437,62058152.361158766,47575258.571822055,0.0029465896836914623,-183867.19626234725,73.98383331298828,2024-11-19,0,0,0,1,0,0,0,0,0,0,0,5.061889457059243,1
73.86594848632812,74.58702087402344,75.65782852172852,78.29509399414063,74.49704193055344,74.73819478568069,75.58840998672886,76.75722811461488,48.52033156020711,68.98321605962019,46.44938721179341,-1.1090900972380666,-1.0888375966596104,-0.02025250057845618,33.82927339436899,0.4861661699182947,-30.838430895694934,56.27608467998114,0.6130862996111652,1.4379812430377659,1.8977793666376652,2.033548178903999,75.95715692405469,73.86594848632812,71.77474004860156,0.4617156982421875,-1.78231738873577,-1.3589116610013576,78.57142857142857,28.571428571428573,-50.0,0.7149738868269395,0.024166747359987806,1.027530251730439,1.0195637236971207,0.1338841349463952,0.05291433102944264,0.9031769450181961,0.10215844615892648,1.0,0.517963350256175,2.541604916315925,2.5226093402520386,12846471.012254974,16329297.907810848,-3437955.309936738,-15628509.320641402,4407973.410821,2198707.6953376606,-2737166.7227672916,2198707.6953376606,8982235.638936445,10540863.362942314,87924552.26817864,87924552.26817864,9626232.635742284,8982235.638936445,8982235.638936445,8982235.638936445,8982235.638936445,8982235.638936445,8982235.638936445,8982235.638936445,0.03352171396253096,0.033257763458888985,3560692.294130257,3542215.7588753183,3538256.501320689,3538256.501320689,29029276.390544526,29029276.390544526,169750528.14970943,102660908.88651016,67089619.26319926,66788715.68904741,66788715.68904741,110867130.0447392,125008278.27735807,-49042003.57667915,-49042003.57667915,60593797.36857023,46452649.13595136,0.002877060489697539,-179528.57455712644,75.77178192138672,2024-11-20,0,0,0,1,0,0,0,0,0,0,0,3.3000559126719176,1
74.46127624511719,74.74518585205078,75.61755027770997,78.20104644775391,75.19047434449006,75.07258467416844,75.68259371869405,76.75017364629129,52.24575209645693,86.2845496885783,67.00411973848735,-0.8936820393400637,-1.0498064851957012,0.15612444585563745,31.954818111409335,74.83136514378309,-18.56302571881255,58.90037399436887,2.108987587278932,1.4271918115267272,1.863726040825665,1.2869292018832255,77.42447021165637,74.46127624511719,71.49808227857801,1.5816497802734375,-1.7229051342395711,-1.3115562047713922,71.42857142857143,21.42857142857143,-50.0,0.6183198993616994,0.010631362105385511,1.017021798001269,1.0105003573373434,0.1338841349463952,0.05291433102944264,0.9031769450181961,0.10215844615892648,1.0,0.517963350256175,2.541604916315925,2.5226093402520386,12711332.236407863,16157521.446586654,-3401789.6523363963,-15464104.822636317,4361603.623341099,2175578.3342773267,-2708373.02838606,2175578.3342773267,8887746.78456872,10429978.484917773,86999627.72282358,86999627.72282358,9524969.238722764,8887746.78456872,8887746.78456872,8887746.78456872,8887746.78456872,8887746.78456872,8887746.78456872,8887746.78456872,0.033169081446965246,0.03290790757730411,3523235.501728828,3504953.330852548,3501035.722807631,3501035.722807631,28723902.18533258,28723902.18533258,167964833.18712643,101580964.86600523,66383868.32112119,66086130.10970749,66086130.10970749,109700860.47377019,123693250.54086596,-48526104.9830405,-48526104.9830405,59956379.38876045,45963989.321664676,0.002846795179306466,-177640.0191887235,76.57733917236328,2024-11-21,0,0,0,1,0,0,0,0,0,0,0,3.4134806262139286,1
75.17056121826172,74.75402755737305,75.60379676818847,78.08819747924805,75.53160274902852,75.28008919852063,75.73319046530466,76.7291417212644,50.47095221001112,89.18526238813406,81.48434271211073,-0.7437261564907942,-0.9885904194547198,0.2448642629639256,29.813917778942862,88.26100745355019,-24.101874178239278,57.54671100599259,0.11614652120672808,1.4319093829521812,1.8788044474515728,1.493237811483084,77.74953822338095,75.17056121826172,72.5915842131425,0.08841705322265625,-1.5046809370409526,-1.1440464900090177,64.28571428571429,14.285714285714286,-50.0,-0.546052301360234,-0.0047465688699326325,1.0196713386630816,0.9894145926247958,0.1338841349463952,0.05291433102944264,0.9031769450181961,0.10215844615892648,1.0,0.517963350256175,2.541604916315925,2.5226093402520386,12771955.201374883,16234579.998624556,-3418013.4887591503,-15537856.327787278,4382405.010539563,2185954.1160356025,-2721289.8179218727,2185954.1160356025,8930134.28195577,10479721.203347154,87414546.8898703,87414546.8898703,9570395.781411748,8930134.28195577,8930134.28195577,8930134.28195577,8930134.28195577,8930134.28195577,8930134.28195577,8930134.28195577,0.0333272716370374,0.033064852175328445,3540038.538453815,3521669.176134188,3517732.884208554,3517732.884208554,28860892.39875097,28860892.39875097,168765892.11695516,102065425.4370813,66700466.67987386,66401308.493525654,66401308.493525654,110224046.50161274,124283169.16267006,-48757535.985524006,-48757535.985524006,60242323.72721646,46183201.066159144,0.0028603721326276193,-178487.22107596343,76.21385955810547,2024-11-22,0,0,0,1,0,0,0,0,0,0,0,5.306970727172313,1
75.69319152832031,74.7785873413086,75.55222091674804,77.94990859985352,75.66078305827162,75.39628092183648,75.75090029496687,76.69737709206807,49.01698970398222,79.76220275750923,85.07733827807374,-0.6412739407307413,-0.9191271237099241,0.2778531829791828,27.87096316294018,80.78317384797498,-28.592873236616235,55.845870962715,0.3245491362109165,1.4173435869417665,1.8669119780597285,1.2279882388063754,77.48917562297102,75.69319152832031,73.8972074336696,0.24559783935546875,-1.2611704025692314,-0.9575174282758638,57.142857142857146,7.142857142857143,-50.0,-0.1840026855468682,-0.0038669591470166242,1.0161896129364336,0.9970325977216549,0.1338841349463952,0.05291433102944264,0.9031769450181961,0.10215844615892648,1.0,0.517963350256175,2.541604916315925,2.5226093402520386,12821535.555570295,16297602.160373049,-3431282.116525644,-15598173.828751123,4399417.3778102305,2194439.9255783963,-2731853.784903718,2194439.9255783963,8964800.800412105,10520403.172625842,87753887.58816563,87753887.58816563,9607547.77616519,8964800.800412105,8964800.800412105,8964800.800412105,8964800.800412105,8964800.800412105,8964800.800412105,8964800.800412105,0.033456647124664625,0.03319320895832869,3553780.863871857,3535340.192228341,3531388.619733302,3531388.619733302,28972929.533626895,28972929.533626895,169421036.34313932,102461640.41470127,66959395.928438045,66659076.41881507,66659076.41881507,110651933.0060857,124765632.76753378,-48946811.30521801,-48946811.30521801,60476182.65491051,46362482.89346243,0.0028714760130617674,-179180.1032150543,75.91914367675781,2024-11-25,0,0,0,1,0,0,0,0,0,0,0,7.7722921624773855,1
76.18438720703125,74.89843978881837,75.56843032836915,77.82711502075195,75.92045927436207,75.58601379178312,75.81651090559316,76.68727648871415,51.66613217265247,72.54000238820818,80.49582251128369,-0.5121623739759826,-0.8377341737631359,0.3255717997871532,26.208391115778817,78.35027865242978,-15.60506011184953,58.821024687116896,1.5929079886830566,1.3911874495235008,1.8199775986685485,1.0511576630860446,76.79175450518451,76.18438720703125,75.57701990887799,1.1985244750976562,-1.2143749125865022,-0.9218742174979866,50.0,0.0,-50.0,0.18691308905003132,0.00685819155181755,1.013890688196555,1.0025769481596358,0.1338841349463952,0.05291433102944264,0.9031769450181961,0.10215844615892648,1.0,0.517963350256175,2.541604916315925,2.5226093402520386,12734201.959274065,16186591.415871995,-3407910.0168388058,-15491927.224339785,4369450.8469257625,2179492.548197102,-2713245.8253065962,2179492.548197102,8903737.264723575,10448743.68694493,87156153.98918808,87156153.98918808,9542106.18414653,8903737.264723575,8903737.264723575,8903737.264723575,8903737.264723575,8903737.264723575,8903737.264723575,8903737.264723575,0.033228757937698916,0.032967114174409944,3529574.3667681757,3511259.3033379484,3507334.6468886137,3507334.6468886137,28775581.08652068,28775581.08652068,168267028.82758453,101763725.29361114,66503303.533973396,66205029.643823974,66205029.643823974,109898229.89426516,123915794.5124716,-48613411.21909022,-48613411.21909022,60064250.5194319,46046685.90122545,0.0028519170198497493,-177959.62203862437,76.43981170654297,2024-11-26,0,0,0,1,0,0,0,0,0,0,0,3.625388619498381,1
76.3140640258789,75.09000625610352,75.56106262207031,77.71526489257812,76.08702818811638,75.73767783248164,75.87400186845333,76.67680156820084,51.55727404359774,62.13187163289331,71.47802559287011,-0.4067371574296601,-0.7515347704964407,0.3447976130667806,24.61045717021486,92.44181518116262,-16.323284579001015,53.89856027041438,2.571206622856459,1.3739165751529814,1.7978455776608337,1.1493952083362302,76.77222289063248,76.3140640258789,75.85590516112534,1.9156646728515625,-1.0797332667444355,-0.8192265339386751,42.85714285714286,100.0,57.142857142857146,-0.5213688589798732,-0.0002570086252094983,1.0150675871983774,0.9922193801214378,0.1338841349463952,0.05291433102944264,0.9031769450181961,0.10215844615892648,1.0,0.517963350256175,2.541604916315925,2.5226093402520386,12737475.600366753,16190752.578933412,-3408786.104269097,-15495909.806815604,4370574.122172278,2180052.8405805435,-2713943.332151289,2180052.8405805435,8906026.190270815,10451429.7945479,87178559.63094656,87178559.63094656,9544559.218189428,8906026.190270815,8906026.190270815,8906026.190270815,8906026.190270815,8906026.190270815,8906026.190270815,8906026.190270815,0.033237300210531694,0.03297558918525192,3530481.7310241936,3512161.959254609,3508236.2938754125,3508236.2938754125,28782978.56026989,28782978.56026989,168310286.02280387,101789886.17231652,66520399.85048735,66222049.28166841,66222049.28166841,109926481.9482648,123947650.12762885,-48625908.49698259,-48625908.49698259,60079691.51835204,46058523.33898798,0.002852650175549571,-178005.3709542932,76.420166015625,2024-11-27,0,0,0,1,0,0,0,0,0,0,0,5.565762003341672,1
76.40444793701172,75.43286209106445,75.5694133758545,77.62693298339843,76.40110503475337,75.97251072258085,75.9840263312699,76.6906234176058,54.74117102813858,64.83245883774715,66.50144428628276,-0.27091527957432504,-0.6554108723120176,0.3844955927376925,23.064587531908224,91.10015828111848,-6.497436495344755,52.4366148875749,4.658322994185449,1.3543705906474501,1.7582547372413673,1.1002727920755433,77.13313460984135,76.40444793701172,75.6757612641821,3.428558349609375,-0.8359485491617673,-0.6339564201159362,35.714285714285715,92.85714285714286,57.142857142857146,0.33036103542234496,0.007970313912662785,1.014436647212596,1.004741193519238,0.1338841349463952,0.05291433102944264,0.9031769450181961,0.10215844615892648,1.0,0.517963350256175,2.541604916315925,2.5226093402520386,12636756.682767158,16062727.59768626,-3381831.8428814923,-15373379.1490989,4336014.723694505,2162814.529842828,-2692483.3942941325,2162814.529842828,8835603.655528383,10368787.304834733,86489213.4496932,86489213.4496932,9469087.617412144,8835603.655528383,8835603.655528383,8835603.655528383,8835603.655528383,8835603.655528383,8835603.655528383,8835603.655528383,0.03297448322809594,0.032714841627874705,3502565.1869843635,3484390.2749688774,3480495.650965559,3480495.650965559,28555383.192330636,28555383.192330636,166979407.72627494,100985003.99004436,65994403.73623058,65698412.311978385,65698412.311978385,109057261.34092233,122967560.0727746,-48241409.32110413,-48241409.32110413,59604623.95478617,45694325.22293389,0.0028300934424113832,-176597.83080647033,77.02925872802734,2024-11-29,0,0,0,1,0,0,0,0,0,0,0,5.975369981653818,1
76.55966644287109,75.8651138305664,75.55074806213379,77.54465591430665,76.59738738563637,76.1575000616393,76.07982878423489,76.70236179681352,54.49226666174476,65.52663699482268,64.16365582182092,-0.16455034626659426,-0.5572387671029329,0.3926884208363386,21.417558015558466,74.71905939268501,-7.13152892757369,50.44297309373634,5.948355564384089,1.3348175580199175,1.7337555380013414,1.0806281338619925,77.38416997402165,76.55966644287109,75.73516291172054,4.322517395019531,-0.5430136715633898,-0.4117219876020357,28.571428571428573,85.71428571428572,57.142857142857146,-0.018178791640938653,-0.0005102819535597325,1.014221053598199,0.9997449082380139,0.14830349082154679,0.06032761298516484,0.8479724646403852,0.1172717402620581,1.0,0.514425835673244,2.4702891702891705,2.9247032640949553,8403694.02055865,11974289.826202502,-3493962.428949423,-7573715.584834233,2163918.7385240663,2417198.5428531137,906611.8124188466,2417198.5428531137,10241596.190433532,11667756.319424784,87332175.40344697,87332175.40344697,10339693.40695636,10241596.190433532,10241596.190433532,10241596.190433532,10241596.190433532,10241596.190433532,10241596.190433532,10241596.190433532,0.03818680126807176,0.03792702710978556,3501755.653698009,3487468.074992268,3480973.721035113,3480973.721035113,29058337.34589461,29058337.34589461,169766309.0524076,100707946.81360354,69058362.23880406,68723253.57461487,68723253.57461487,115399474.33547972,125118924.46775798,-44609717.33169812,-44609717.33169812,58559589.63166719,48840139.499388926,0.002662685122433575,-25295.508663118966,76.98995208740234,2024-12-02,0,0,0,1,0,0,0,0,0,0,0,8.750491887656477,1
76.69916534423828,76.1961784362793,75.54141502380371,77.45100341796875,76.60380431828882,76.24097972017647,76.13095348893573,76.69900008649118,52.07065556749636,68.52900533683251,66.29603372313399,-0.1091208057023465,-0.46761517482281556,0.35849436912046906,19.983099769845584,63.93364279360444,-13.153807033434333,47.56454277661502,4.516201146855092,1.3103460589319915,1.710263057734347,0.9922165707889548,77.22485288566642,76.69916534423828,76.17347780281014,3.3106460571289062,-0.21800497222365056,-0.16530570005760126,21.42857142857143,78.57142857142857,57.142857142857146,-0.37624166244910295,-0.0048488652569207424,1.0130255626038847,0.9951511436838749,0.14830349082154679,0.06032761298516484,0.8479724646403852,0.1172717402620581,1.0,0.514425835673244,2.4702891702891705,2.9247032640949553,8444640.94665204,12032634.449333102,-3510986.7305245735,-7610618.448211445,2174462.4137746985,2428976.3217495284,911029.2705970826,2428976.3217495284,10291498.27887965,11724607.360707153,87757700.66924934,87757700.66924934,10390073.473237595,10291498.27887965,10291498.27887965,10291498.27887965,10291498.27887965,10291498.27887965,10291498.27887965,10291498.27887965,0.038372866125435855,0.03811182621982064,3518817.9276930294,3504460.732884193,3497934.7352438127,3497934.7352438127,29199923.84211738,29199923.84211738,170593493.9181239,101198645.4093765,69394848.5087474,69058107.03050378,69058107.03050378,115961757.2714447,125728565.34003778,-44827077.79177192,-44827077.79177192,58844920.72330869,49078112.65471561,0.0026756590325559015,-25418.760809281066,76.61663818359375,2024-12-03,0,0,0,1,0,0,0,0,0,0,0,6.223666380676292,1
76.64218597412109,76.41328659057618,75.4770679473877,77.33697555541993,76.45417449751156,76.22533156304566,76.13323552389014,76.67766341078396,49.160740739191056,52.86624686076389,62.3072963974729,-0.10128219116060677,-0.3943485780903738,0.29306638692976705,19.015160547614297,29.502151747765957,-20.602300804021084,51.63873428622534,2.934535081176448,1.2890256016407966,1.6926361273975816,1.0118596568552647,77.31040466918049,76.64218597412109,75.9739672790617,2.17108154296875,0.20571444796010094,0.15592325650729322,14.285714285714286,71.42857142857143,57.142857142857146,0.1999942779759258,-0.00602641069333143,1.0103950501724892,1.002068201027049,0.14830349082154679,0.06032761298516484,0.8479724646403852,0.1172717402620581,1.0,0.514425835673244,2.4702891702891705,2.9247032640949553,8495840.369906079,12105587.692451956,-3532273.6622948,-7656761.236000364,2187646.0674286755,2443703.080122908,916552.7941567919,2443703.080122908,10353895.103046281,11795693.051447652,88289771.08985704,88289771.08985704,10453067.953732086,10353895.103046281,10353895.103046281,10353895.103046281,10353895.103046281,10353895.103046281,10353895.103046281,10353895.103046281,0.03860551883697662,0.038342896259854334,3540152.3396084686,3525708.0978667424,3519142.5334386854,3519142.5334386854,29376961.476899352,29376961.476899352,171627793.48807332,101812207.58588375,69815585.90218955,69476802.77770181,69476802.77770181,116664827.43503487,126490851.15806535,-45098862.05632524,-45098862.05632524,59201694.44779221,49375670.72476173,0.0026918814155034716,-25572.873447282986,76.15491485595703,2024-12-04,0,0,0,1,0,0,0,0,0,0,0,7.347809914006294,1
76.71095275878906,76.51250839233398,75.54976463317871,77.24255661010743,76.55744964466265,76.32327126775823,76.19330832532582,76.68104915698713,52.9000270503855,50.518067134023774,57.3044397772066,-0.04539862965678765,-0.3245585884036566,0.27915995874686894,17.76793612876102,45.80172580951638,-10.776575797312073,60.85275625169923,1.3094822273119533,1.286770826759723,1.676268599581622,1.2574587533057695,77.34343783037575,76.71095275878906,76.07846768720238,0.992218017578125,0.5528198542599646,0.4191530178754732,7.142857142857143,64.28571428571429,57.142857142857146,0.781250745058774,0.00799797470931285,1.016612572726792,1.012963443193055,0.14830349082154679,0.06032761298516484,0.8479724646403852,0.1172717402620581,1.0,0.514425835673244,2.4702891702891705,2.9247032640949553,8428429.999927446,12009535.729417486,-3504246.7851321227,-7596008.551712047,2170288.1576320133,2424313.482204788,909280.3925733166,2424313.482204788,10271741.970545273,11702099.95198582,87589234.60666488,87589234.60666488,10370127.932793267,10271741.970545273,10271741.970545273,10271741.970545273,10271741.970545273,10271741.970545273,10271741.970545273,10271741.970545273,0.03829920278174141,0.0380386639873078,3512062.948965131,3497733.315271282,3491219.8454104415,3491219.8454104415,29143869.54534418,29143869.54534418,170266010.24428394,101004377.13205172,69261633.11223222,68925538.06741287,68925538.06741287,115739148.65124482,125487207.64497852,-44741024.47411255,-44741024.47411255,58731957.73519767,48983898.74146397,0.002670522642944554,-25369.965107973265,76.76399993896484,2024-12-05,0,0,0,1,0,0,0,0,0,0,0,5.363246501976671,1
76.53215637207032,76.46830215454102,75.6067440032959,77.13810424804687,76.41672536125297,76.28909045442647,76.18778151285989,76.65964631923993,48.90168880644753,42.266817924248954,48.55037730634542,-0.051252402063326485,-0.26989735113559055,0.21864494907226406,17.075244963977973,43.8930528443446,-26.336642241341686,53.52708897566606,-0.5772757093775227,1.3022198050851006,1.7104026673484276,1.50305652331501,77.20760590746613,76.53215637207032,75.8567068366745,-0.4420623779296875,0.8113852076930262,0.6150647187844243,0.0,100.0,100.0,-0.5163408796250186,-0.008190338505434158,1.019792997657095,0.9899092999579889,0.14830349082154679,0.06032761298516484,0.8479724646403852,0.1172717402620581,1.0,0.514425835673244,2.4702891702891705,2.9247032640949553,8498031.756644294,12108710.16452917,-3533184.764354428,-7658736.193661959,2188210.3410462737,2444333.4001723384,916789.2065127846,2444333.4001723384,10356565.749789838,11798735.59040737,88312544.2382523,88312544.2382523,10455764.18076674,10356565.749789838,10356565.749789838,10356565.749789838,10356565.749789838,10356565.749789838,10356565.749789838,10356565.749789838,0.03861547660669895,0.03835278628964658,3541065.473865999,3526617.5064281183,3520050.2485018093,3520050.2485018093,29384538.865478534,29384538.865478534,171672062.5484821,101838468.66327903,69833593.88520306,69494723.37620549,69494723.37620549,116694919.54417603,126523477.75669059,-45110494.69581889,-45110494.69581889,59216964.72153137,49388406.509016804,0.0026925757497868316,-25579.469622974902,76.1352767944336,2024-12-06,0,0,0,1,0,0,0,0,0,0,0,7.232731912558547,1
76.84652099609374,76.70309371948242,75.72856063842774,77.08237716674805,77.13174197667516,76.70230586407976,76.41387615044651,76.73423960897638,61.11665999425044,65.4539656450337,52.74628356776869,0.1383122069476741,-0.1882554395189376,0.32656764646661174,17.35693959012403,202.3958341834853,-0.1650516597508095,65.14883163848258,3.0806938042863496,1.383227277394329,1.7606874001262813,2.4363244174142977,78.63222874589847,76.84652099609374,75.06081324628902,2.3479156494140625,1.0309756153135958,0.7821975610195153,0.0,100.0,100.0,0.8255025653104416,0.03187088187303133,1.0189833804779838,1.0156210742990068,0.14830349082154679,0.06032761298516484,0.8479724646403852,0.1172717402620581,1.0,0.514425835673244,2.4702891702891705,2.9247032640949553,8235557.283309357,11734714.465970473,-3424057.0466927625,-7422184.624262267,2120624.1783606475,2368836.4921543607,888472.7950154454,2368836.4921543607,10036687.66288938,11434313.922097057,85584878.67973281,85584878.67973281,10132822.201347176,10036687.66288938,10036687.66288938,10036687.66288938,10036687.66288938,10036687.66288938,10036687.66288938,10036687.66288938,0.03742277961812907,0.03716820288603296,3431694.3486556457,3417692.628390359,3411328.2100879564,3411328.2100879564,28476953.25227155,28476953.25227155,166369713.07579336,98693034.61536182,67676678.46043152,67348274.47602753,67348274.47602753,113090621.69905768,122615610.13043387,-43717189.319205545,-43717189.319205545,57387959.83276699,47862971.4013908,0.0026094115039851907,-24789.40928785931,78.56177520751953,2024-12-09,0,0,0,1,0,0,0,0,0,0,0,5.895458097594805,1
77.62261047363282,77.16088790893555,75.96973762512206,77.08372894287109,78.25352317487979,77.39226581084509,76.8027532381458,76.88180219573374,67.74036070993846,74.5281110852446,60.74963155150897,0.4396390127476053,-0.06267654906562901,0.5023155618132343,18.89632125719611,317.74422917362176,-3.7089117480729605,68.42698787614869,6.030023091439007,1.4654654697361824,1.820519909926864,2.5345619701802775,80.99877888579313,77.62261047363282,74.24644206147251,4.57794189453125,1.3005776438790162,0.9883112785143737,0.0,100.0,100.0,0.7519406207029126,0.024634249400009578,1.0324038446704389,1.0242500305175781,0.14830349082154679,0.06032761298516484,0.8479724646403852,0.1172717402620581,1.0,0.514425835673244,2.4702891702891705,2.9247032640949553,8037558.073167879,11452588.54351386,-3341735.8913170933,-7243740.513855008,2069640.1468157165,2311884.9419111935,867112.1383417589,2311884.9419111935,9795385.6888607,11159410.227398308,83527247.62992097,83527247.62992097,9889208.961422678,9795385.6888607,9795385.6888607,9795385.6888607,9795385.6888607,9795385.6888607,9795385.6888607,9795385.6888607,0.036523061414395,0.036274605214297075,3349189.5773200314,3335524.4863146455,3329313.0813121973,3329313.0813121973,27792310.54295391,27792310.54295391,162369853.60699555,96320257.37296315,66049596.23403242,65729087.7359061,65729087.7359061,110371697.7695013,119667686.49616517,-42666140.9618162,-42666140.9618162,56008238.90707478,46712250.18041091,0.002546676051003733,-24193.422484535462,80.49708557128906,2024-12-10,0,0,0,1,0,0,0,0,0,0,0,2.1096655702055767,1
78.37708587646485,77.50963592529297,76.20403785705567,77.03869857788087,78.81144607329226,77.85317963980366,77.10032834595259,77.00123316335662,64.26907096497763,92.79877814052345,77.59361829026714,0.6252575082210541,0.07491026239170762,0.5503472458293465,20.3257470909059,205.90767343062464,-16.030567268819443,63.664413903131575,4.562387171965909,1.4470990876589656,1.8105193530271475,1.2083361206551473,81.78993239277386,78.37708587646485,74.96423936015583,3.4874801635742188,1.5472411679568634,1.1776103973388672,0.0,92.85714285714286,92.85714285714286,-0.41463732337579695,-0.007078438891644834,1.015203902402222,0.9937705860617947,0.14830349082154679,0.06032761298516484,0.8479724646403852,0.1172717402620581,1.0,0.514425835673244,2.4702891702891705,2.9247032640949553,8094857.023948501,11534232.906303126,-3365558.7935736426,-7295380.418337513,2084394.4052392894,2328366.139345929,873293.6943919711,2328366.139345929,9865216.017594116,11238964.551179193,84122705.05706729,84122705.05706729,9959708.146919264,9865216.017594116,9865216.017594116,9865216.017594116,9865216.017594116,9865216.017594116,9865216.017594116,9865216.017594116,0.03678343068069334,0.03653320326109679,3373065.616161539,3359303.1080837287,3353047.422593815,3353047.422593815,27990439.156070456,27990439.156070456,163527372.11764157,97006914.89209382,66520457.22554774,66197663.854268186,66197663.854268186,111158526.60737689,120520785.51158193,-42970303.630218126,-42970303.630218126,56407516.06255303,47045257.158347994,0.0025648310508646715,-24365.89498321438,79.92729187011719,2024-12-11,0,0,0,1,0,0,0,0,0,0,0,0.8223759883087713,1
79.01957092285156,77.86526184082031,76.47763404846191,77.03471893310547,79.19977243916098,78.2392242818209,77.37424232928076,77.11790735973081,64.43829766409016,87.53509497635514,84.95399473404096,0.7674791282899776,0.2134240355713616,0.554055092718616,21.42369551405682,140.9870212843379,-15.076112724067404,64.05083234454685,4.653561148436025,1.4265363848820314,1.7836961102396396,1.1592212487818898,82.17568327099981,79.01957092285156,75.8634585747033,3.5562591552734375,1.8610082926873912,1.4182337736472164,0.0,85.71428571428572,85.71428571428572,-0.22033427084343005,0.0006147249535377597,1.0146220613357966,0.9968165236602785,0.14830349082154679,0.06032761298516484,0.8479724646403852,0.1172717402620581,1.0,0.514425835673244,2.4702891702891705,2.9247032640949553,8089883.970400671,11527146.881471992,-3363491.171619444,-7290898.521082892,2083113.8631665406,2326935.713897318,872757.1887696551,2326935.713897318,9859155.348780416,11232059.923664486,84071024.5004374,84071024.5004374,9953589.427121144,9859155.348780416,9859155.348780416,9859155.348780416,9859155.348780416,9859155.348780416,9859155.348780416,9859155.348780416,0.03676083287940954,0.03651075918635233,3370993.3824111605,3357239.329293014,3350987.486966584,3350987.486966584,27973243.30537926,27973243.30537926,163426909.51828113,96947318.95595302,66479590.56232811,66156995.49828431,66156995.49828431,111090236.6668034,120446743.89253883,-42943904.940249,-42943904.940249,56372862.25742106,47016355.03168563,0.0025632553538363794,-24350.925861445605,79.97642517089844,2024-12-12,0,0,0,1,0,0,0,0,0,0,0,-0.25272187333952134,0
79.62079315185547,78.07647476196288,76.75466842651367,77.03651596069336,79.18031093925836,78.40325403775402,77.54254191120194,77.19725953932776,59.29809874685642,74.45411163152802,84.92932824946877,0.8035474659689612,0.3314487216508815,0.4720987443180797,21.80103412191758,86.24270161828436,-31.29759938269358,62.98348050136538,2.741983041642948,1.414459951752441,1.787256944286306,1.257466321067767,80.98890202639174,79.62079315185547,78.25268427731919,2.1121292114257812,1.9592733694594344,1.4960065988393865,50.0,78.57142857142857,28.571428571428573,-0.6640639435427645,-0.010441042215389773,1.0159741227076706,0.9895589477302622,0.14830349082154679,0.06032761298516484,0.8479724646403852,0.1172717402620581,1.0,0.514425835673244,2.4702891702891705,2.9247032640949553,8175242.0174256405,11648772.203809425,-3398980.0659775846,-7367826.306585612,2105093.230453032,2351487.6962023363,881965.8312462283,2351487.6962023363,9963181.345811618,11350571.722184625,84958075.351723,84958075.351723,10058611.81773837,9963181.345811618,9963181.345811618,9963181.345811618,9963181.345811618,9963181.345811618,9963181.345811618,9963181.345811618,0.03714870406681821,0.03689599179425482,3406561.4341544863,3392662.2591635,3386344.452349415,3386344.452349415,28268394.808940716,28268394.808940716,165151260.8042633,97970230.26601191,67181030.53825139,66855031.70664461,66855031.70664461,112262372.84083438,121717602.51879358,-43397015.00594801,-43397015.00594801,56967664.04260201,47512434.3646428,0.002590300793774739,-24607.857540860023,79.14138793945312,2024-12-13,0,0,0,1,0,0,0,0,0,0,0,0.3002828437071613,1
79.66008758544922,78.25330429077148,77.05920906066895,77.036123046875,79.03962308466834,78.46779828097843,77.65832338399112,77.25847474858895,57.04943662151085,53.663555826003794,71.88425414462888,0.7920849793787283,0.4235759731964509,0.36850900618227744,22.151419972074002,62.22052463556479,-38.74051248008552,58.78731606814787,2.296787100319908,1.3751771675130546,1.746073856820038,0.8645009724010322,80.91049497924483,79.66008758544922,78.4096801916536,1.7682952880859375,2.021091768822428,1.5461329435690914,42.85714285714286,71.42857142857143,28.571428571428573,-0.443182507824483,-0.004841216131538761,1.0109793791224548,0.9951588952151498,0.14830349082154679,0.06032761298516484,0.8479724646403852,0.1172717402620581,1.0,0.514425835673244,2.4702891702891705,2.9247032640949553,8215012.669280958,11705440.772504043,-3415515.3138123304,-7403669.068713643,2115334.0196324694,2362927.1371764857,886256.3899780693,2362927.1371764857,10011649.90684395,11405789.614861026,85371376.63747199,85371376.63747199,10107544.62583119,10011649.90684395,10011649.90684395,10011649.90684395,10011649.90684395,10011649.90684395,10011649.90684395,10011649.90684395,0.0373294238758671,0.0370754822168476,3423133.5635829153,3409166.772336843,3402818.230861355,3402818.230861355,28405913.97792173,28405913.97792173,165954683.29413122,98446832.66038626,67507850.63374497,67180265.8936098,67180265.8936098,112808503.18623431,122309730.35844906,-43608131.395124346,-43608131.395124346,57244798.484471716,47743571.31225697,0.002602902004949917,-24727.56904702421,78.75824737548828,2024-12-16,0,0,0,1,0,0,0,0,0,0,0,2.7078850423437917,1
79.33982849121094,78.48121948242188,77.33869895935058,77.05439559936524,78.99167875647811,78.54561497536375,77.77617735695364,77.32268319374616,57.67001370815264,36.568527442123234,54.895398299884924,0.7850498584648733,0.4958707502501354,0.2891791082147379,21.6760571052941,46.38100355920743,-36.06859871597668,61.747835781472446,2.9747480058345266,1.395538982992529,1.768838338803583,1.6602425842256991,80.36945129347458,79.33982849121094,78.31020568894729,2.2791519165039062,2.082234069814964,1.5951253939897612,35.714285714285715,64.28571428571429,28.571428571428573,0.30177146159124396,0.0017463913836683886,1.0212766263995106,1.0063909083625617,0.14830349082154679,0.06032761298516484,0.8479724646403852,0.1172717402620581,1.0,0.514425835673244,2.4702891702891705,2.9247032640949553,8200691.053085723,11685034.12958227,-3409560.8860588246,-7390761.905802605,2111646.258800744,2358807.7356711794,884711.33772084,2358807.7356711794,9994196.128837856,11385905.367831383,85222544.71967925,85222544.71967925,10089923.670071905,9994196.128837856,9994196.128837856,9994196.128837856,9994196.128837856,9994196.128837856,9994196.128837856,9994196.128837856,0.037264345743542544,0.0370108467929062,3417165.854577915,3403223.412292916,3396885.938527007,3396885.938527007,28356392.618181422,28356392.618181422,165665366.72511023,98275205.68794459,67390161.03716564,67063147.39084476,67063147.39084476,112611838.84118302,122096502.07924183,-43532107.298026145,-43532107.298026145,57145000.94719781,47660337.709139004,0.002598364244022524,-24684.46031821398,78.89579010009766,2024-12-17,0,0,0,1,0,0,0,0,0,0,0,1.8274293593026383,1
78.90954284667968,78.64331436157227,77.52830047607422,77.04535766601562,78.58640705347239,78.40566018847232,77.77614747985909,77.34045497624477,51.18506303616688,18.335036399715175,36.18903988928064,0.6812527121429355,0.5329471426286954,0.14830556951424012,20.929750719172507,4.484888724204245,-57.82436160411185,52.41134700614916,2.1284887450400802,1.377957410782526,1.7717031302004846,1.149396972052486,80.3238407007857,78.90954284667968,77.49524499257367,1.6209487915039062,2.0600016945198916,1.5797596466847068,28.571428571428573,57.142857142857146,28.571428571428573,-0.17592788821543603,-0.014195009026664596,1.0136467252891583,0.9976058160289193,0.14830349082154679,0.06032761298516484,0.8479724646403852,0.1172717402620581,1.0,0.514425835673244,2.4702891702891705,2.9247032640949553,8318776.155706783,11853291.712435985,-3458656.546963098,-7497184.507562017,2142052.7164462907,2392773.1724529094,897450.6579108709,2392773.1724529094,10138106.644165067,11549855.673371565,86449698.97701034,86449698.97701034,10235212.605395323,10138106.644165067,10138106.644165067,10138106.644165067,10138106.644165067,10138106.644165067,10138106.644165067,10138106.644165067,0.03780093029022866,0.03754378110458084,3466371.0225325325,3452227.8173219026,3445799.0876807077,3445799.0876807077,28764707.906564474,28764707.906564474,168050850.05863115,99690310.54601629,68360539.51261488,68028817.06312919,68028817.06312919,114233382.74032842,123854619.52134137,-44158943.905370854,-44158943.905370854,57967855.17465847,48346618.39364551,0.0026357791528900934,-25039.901952455886,77.77586364746094,2024-12-18,0,0,0,1,0,0,0,0,0,0,0,3.344497156138595,1
78.28670654296874,78.65313873291015,77.58282356262207,77.01647552490235,78.01168591976284,78.12503900008531,77.68910902009573,77.32170159099375,46.58307435582108,13.93447187613606,22.946011905991398,0.519285230802808,0.5302147602635179,-0.010929529460709908,19.740112515089045,-50.83602360736341,-75.57240205518983,42.062173554064046,0.12798149322210683,1.3658421541322068,1.7770001098459456,1.208343817678056,79.98702858692526,78.28670654296874,76.58638449901223,0.09824371337890625,2.0037647519025037,1.537882291353668,21.42857142857143,50.0,28.571428571428573,-0.14634131212823145,-0.01174683188679726,1.0157773649484119,0.9977046632315905,0.14830349082154679,0.06032761298516484,0.8479724646403852,0.1172717402620581,1.0,0.514425835673244,2.4702891702891705,2.9247032640949553,8417656.956859743,11994185.391853165,-3499767.7301317942,-7586299.492341447,2167514.140668985,2421214.775381141,908118.1693799228,2421214.775381141,10258612.844642825,11687142.572406657,87477279.87764739,87477279.87764739,10356873.052010186,10258612.844642825,10258612.844642825,10258612.844642825,10258612.844642825,10258612.844642825,10258612.844642825,10258612.844642825,0.038250249541217377,0.03799004376202542,3507573.903507553,3493262.5856519956,3486757.4411721965,3486757.4411721965,29106618.46041208,29106618.46041208,170048379.78863046,100875275.44824114,69173104.34038931,68837438.88523169,68837438.88523169,115591213.29044215,125326812.51890916,-44683837.431738466,-44683837.431738466,58656887.77434645,48921288.54587945,0.0026671092367175383,-25337.537748816616,76.86224365234375,2024-12-19,0,0,0,1,0,0,0,0,0,0,0,3.7501062088713586,1
77.95269470214843,78.78674392700195,77.62752304077148,76.99839965820313,77.83156685829242,78.00618258831554,77.66836804059628,77.32756932214504,49.82208213367438,12.563932618054066,14.944480297968342,0.4350578348839207,0.5111833751875985,-0.0761255403036778,18.551148307226402,-40.22272713489129,-63.7402762817338,43.80219102349114,1.7548395397908978,1.350381663379807,1.7430728056734666,1.1493952835986079,79.49940991758262,77.95269470214843,76.40597948671424,1.3360519409179688,1.995055757170082,1.5334747021014863,14.285714285714286,42.85714285714286,28.571428571428573,0.3760710512930916,0.007924372930912194,1.0149788523851355,1.0056108448314207,0.14830349082154679,0.06032761298516484,0.8479724646403852,0.1172717402620581,1.0,0.514425835673244,2.4702891702891705,2.9247032640949553,8351476.740643049,11899886.255330488,-3472252.3079335084,-7526655.467494531,2150472.990712723,2402179.013035041,900978.4799024494,2402179.013035041,10177958.902622942,11595257.42831476,86789527.29684956,86789527.29684956,10275446.581268547,10177958.902622942,10177958.902622942,10177958.902622942,10177958.902622942,10177958.902622942,10177958.902622942,10177958.902622942,0.03794952336551864,0.037691363342623956,3479997.108620349,3465798.3073611413,3459344.306788774,3459344.306788774,28877780.160999425,28877780.160999425,168711447.36201984,100082186.87569687,68629260.48632297,68296234.05678882,68296234.05678882,114682426.97050576,124341484.22711039,-44332529.93158972,-44332529.93158972,58195723.161034286,48536665.90442966,0.0026461402346705173,-25138.332229369917,77.47132873535156,2024-12-20,0,0,0,1,0,0,0,0,0,0,0,2.258388103115107,1
77.5518798828125,78.60598373413086,77.65453872680663,76.95812149047852,77.47243566513114,77.77854453204155,77.58130187280697,77.30508320279851,46.264910234631074,19.577425195887088,15.358609896692315,0.30690080354365534,0.47032686085880987,-0.16342605731515453,18.146585338753997,-73.74490906713996,-77.6717840425762,43.36613977786024,-2.3008669597093356,1.37812836763525,1.795509362897071,1.738835522956009,79.09452328755779,77.5518798828125,76.00923647806721,-1.8076019287109375,1.8333021739181155,1.4113683945093385,7.142857142857143,35.714285714285715,28.571428571428573,-0.06779799825860583,-0.009257043454009017,1.0229037823553269,0.9984664185740315,0.14830349082154679,0.06032761298516484,0.8479724646403852,0.1172717402620581,1.0,0.514425835673244,2.4702891702891705,2.9247032640949553,8429509.072422426,12011073.282637147,-3504695.425783049,-7596981.051204817,2170566.014629948,2424623.861480392,909396.8056492818,2424623.861480392,10273057.038029494,11703598.144910457,87600448.4547862,87600448.4547862,10371455.5964058,10273057.038029494,10273057.038029494,10273057.038029494,10273057.038029494,10273057.038029494,10273057.038029494,10273057.038029494,0.03830410614052849,0.03804353398991265,3512512.590301524,3498181.1220176527,3491666.818252257,3491666.818252257,29147600.76788787,29147600.76788787,170287809.00971073,101017308.48999579,69270500.51971492,68934362.44542049,68934362.44542049,115753966.46807463,125503273.4833663,-44746752.56450514,-44746752.56450514,58739477.052575745,48990170.03728409,0.0026708645438123604,-25373.213166217425,76.7541732788086,2024-12-23,0,0,0,1,0,0,0,0,0,0,0,3.432712846297281,1
77.10390777587891,78.22186813354492,77.69137802124024,76.89878479003906,77.20026696523065,77.5744327199303,77.49317117686628,77.2796261974115,45.78267351636108,25.375438676361764,19.17226549676755,0.19515832261102162,0.4152931532092522,-0.22013483059823058,17.77091972517248,-91.61449030394279,-80.97106274751017,45.85876419703937,-4.771795125995714,1.3337224044266507,1.7398815877488663,0.7564448827148595,77.98387282013773,77.10390777587891,76.22394273162008,-3.841156005859375,1.6870349347446272,1.3013524764623412,0.0,28.571428571428573,28.571428571428573,-0.012989715236909335,-0.0012799787839813392,1.009940669785204,0.9998718332122869,0.14830349082154679,0.06032761298516484,0.8479724646403852,0.1172717402620581,1.0,0.514425835673244,2.4702891702891705,2.9247032640949553,8440312.49334408,12026466.905121958,-3509187.1108339373,-7606717.488205461,2173347.8537729885,2427731.306045337,910562.3060825607,2427731.306045337,10286223.185474198,11718597.701346193,87712718.87403028,87712718.87403028,10384747.853335066,10286223.185474198,10286223.185474198,10286223.185474198,10286223.185474198,10286223.185474198,10286223.185474198,10286223.185474198,0.03835319741952333,0.038092291314628615,3517014.2939807787,3502664.4582115696,3496141.8055892014,3496141.8055892014,29184956.89352299,29184956.89352299,170506053.14027068,101146774.21505924,69359278.92521144,69022710.04989725,69022710.04989725,115902318.97737992,125664120.89201574,-44804100.86304519,-44804100.86304519,58814758.69589147,49052956.781255655,0.002674287575170844,-25405.73196412302,76.65592956542969,2024-12-24,0,0,0,1,0,0,0,0,0,0,0,3.4234670183845726,1
76.84062805175782,77.87508544921874,77.69236068725586,76.82687377929688,76.95333298577226,77.37171132118942,77.39472297210335,77.24746301425245,44.777519370537114,25.048514485299076,23.333792785849223,0.08971438350275207,0.35017739926795216,-0.2604630157652001,17.083926693283363,-86.92295683301606,-88.82097835856115,45.84548308835079,-4.338726812985206,1.2988034146015242,1.6986823202926347,0.8448565468748797,77.52480568754329,76.84062805175782,76.15645041597234,-3.4678268432617188,1.300642055846965,1.004872542161209,0.0,21.42857142857143,21.42857142857143,0.10465570163765806,-0.002562939875466852,1.011071068575862,1.0011577562356366,0.14830349082154679,0.06032761298516484,0.8479724646403852,0.1172717402620581,1.0,0.514425835673244,2.4702891702891705,2.9247032640949553,8462000.090803003,12057369.217482671,-3518204.0562998573,-7626263.1421131855,2178932.326318053,2433969.4233360724,912902.0190696284,2433969.4233360724,10312653.897369657,11748708.935963428,87938098.9343619,87938098.9343619,10411431.726868559,10312653.897369657,10312653.897369657,10312653.897369657,10312653.897369657,10312653.897369657,10312653.897369657,10312653.897369657,0.03845174693502446,0.03819017042526239,3526051.3515927196,3511664.6435558056,3505125.230811754,3505125.230811754,29259948.381985284,29259948.381985284,170944172.77715996,101406673.42201094,69537499.355149,69200065.65755594,69200065.65755594,116200132.93160488,125987018.04435277,-44919226.138891675,-44919226.138891675,58965884.713114895,49178999.600367,0.0026811592250612294,-25471.01263808168,76.45946502685547,2024-12-26,0,0,0,1,0,0,0,0,0,0,0,4.516361753176484,1
76.60682067871093,77.44676361083984,77.65601272583008,76.74710388183594,76.5332909195513,77.06652867862941,77.23267381162773,77.1865117896586,40.996937857995675,22.192117670026374,24.20535694389565,-0.05504678886669012,0.2691325616410237,-0.32417935050771385,17.265638597482074,-123.33763573062703,-93.63623947554336,43.379809308549696,-5.355601197023274,1.2993589875530758,1.7166124183476368,1.306581435923249,77.74801397787506,76.60682067871093,75.4656273795468,-4.2832183837890625,0.6968003426634488,0.5388041765261988,100.0,14.285714285714286,-85.71428571428572,-0.27067677799065637,-0.010021757796460529,1.017340311394695,0.9953494303924472,0.14830349082154679,0.06032761298516484,0.8479724646403852,0.1172717402620581,1.0,0.514425835673244,2.4702891702891705,2.9247032640949553,8547662.696068846,12179428.500009071,-3553819.5753361974,-7703465.4066116605,2200990.1161747603,2458609.0073236665,922143.518061214,2458609.0073236665,10417051.060046809,11867643.58559296,88828314.79066166,88828314.79066166,10516828.838272559,10417051.060046809,10417051.060046809,10417051.060046809,10417051.060046809,10417051.060046809,10417051.060046809,10417051.060046809,0.03884100205014283,0.038576777546400355,3561746.3104484715,3547213.9627426355,3540608.3501490736,3540608.3501490736,29556152.988632493,29556152.988632493,172674676.5632591,102433234.48836136,70241442.07489775,69900592.46506996,69900592.46506996,117376451.29751664,127262411.10504109,-45373952.90517535,-45373952.90517535,59562808.756145895,49676848.948621444,0.002708301163360299,-25728.86105192284,75.69320678710938,2024-12-27,0,0,0,1,0,0,0,0,0,0,0,6.566555054499126,1
76.02391662597657,76.9883056640625,77.53239021301269,76.66602218627929,75.87446343692743,76.61021591372946,76.97782949353744,77.0833861693457,36.12554563774504,15.591616048042292,20.944082734455826,-0.25848920504378725,0.16360820830406153,-0.4220974133478488,18.12609864341157,-141.60272822515645,-97.05886390790752,41.10752071078601,-5.792897480242399,1.3011293413077054,1.7451516071827804,1.3241439401178923,77.66932061966926,76.02391662597657,74.37851263228387,-4.5845794677734375,0.17856609923960304,0.13799364138873216,100.0,7.142857142857143,-92.85714285714286,-0.8046932742054645,-0.015013214047409296,1.0170076899144902,0.9865323435737269,0.14830349082154679,0.06032761298516484,0.8479724646403852,0.1172717402620581,1.0,0.514425835673244,2.4702891702891705,2.9247032640949553,8677946.565346371,12365067.911271747,-3607987.057307842,-7820881.98184462,2234537.709098463,2496083.2392750536,936198.872119284,2496083.2392750536,10575828.233038044,12048530.756801616,90182240.06401762,90182240.06401762,10677126.828764131,10575828.233038044,10575828.233038044,10575828.233038044,10575828.233038044,10575828.233038044,10575828.233038044,10575828.233038044,0.039433018395855224,0.03916476657003308,3616034.6120825065,3601280.7616622886,3594574.466016735,3594574.466016735,30006649.236465074,30006649.236465074,175306591.9521587,103994526.57559983,71312065.37655887,70966020.5212483,70966020.5212483,119165508.5849712,129202150.64810674,-46065544.78930775,-46065544.78930775,60470667.8359569,50434025.77282137,0.00274958121467698,-26121.021539431313,74.55680847167969,2024-12-30,0,0,0,1,0,0,0,0,0,0,0,7.9655475522164165,1
75.74057159423828,76.64622573852539,77.44976501464843,76.59740951538086,75.69545833132402,76.37880358761814,76.82160269606885,77.01491801055242,41.28665661380469,19.031849883781124,18.938527867283174,-0.3526624172155124,0.06035408320014674,-0.4130165004156591,19.015900449904883,-116.25942855536938,-82.84932095541163,45.51489588391276,-4.343417190408094,1.2992436408788544,1.7245655026798292,1.2747295353037913,77.26916181363976,75.74057159423828,74.2119813748368,-3.4207992553710938,-0.2601280740060214,-0.20089966211563137,100.0,0.0,-100.0,0.6124033758568269,0.010470400550125714,1.0171725355213201,1.0104705228294346,0.14830349082154679,0.06032761298516484,0.8479724646403852,0.1172717402620581,1.0,0.514425835673244,2.4702891702891705,2.9247032640949553,8588026.488081072,12236942.224670697,-3570601.430129534,-7739842.728284502,2211383.636652715,2470219.056308945,926498.0662566597,2470219.056308945,10466242.481996793,11923684.998830335,89247780.0585946,89247780.0585946,10566491.431071341,10466242.481996793,10466242.481996793,10466242.481996793,10466242.481996793,10466242.481996793,10466242.481996793,10466242.481996793,0.03902441711740085,0.038758944892112415,3578565.5968881873,3563964.624497323,3557327.818865112,3557327.818865112,29695723.12076503,29695723.12076503,173490081.30937564,102916944.93869644,70573136.3706792,70230677.20005712,70230677.20005712,117930726.63988423,127863369.94905126,-45588217.88765756,-45588217.88765756,59844076.38564686,49911433.07647983,0.002721090309206522,-25850.357937461962,75.33744812011719,2024-12-31,0,0,0,1,0,0,0,0,0,0,0,7.9617059069555,1
75.40572814941406,76.25481796264648,77.36801872253417,76.56333572387695,75.45754300131888,76.12478699738004,76.64637504323454,76.9351844548958,39.71195285526863,23.064561053385138,19.229342328402762,-0.4508036864035603,-0.041877470720594674,-0.4089262156829656,19.138338687163355,-91.76399924511492,-87.90158805823707,39.404837137027876,-4.961073022810403,1.2861991011914307,1.71535039815681,1.1166200852549224,76.70129646059802,75.40572814941406,74.1101598382301,-3.9140777587890625,-0.6479985163380092,-0.500149017725235,92.85714285714286,0.0,-92.85714285714286,-0.5575278000958744,-0.0047218984407516595,1.0148938607158398,0.991765718661323,0.14830349082154679,0.06032761298516484,0.8479724646403852,0.1172717402620581,1.0,0.514425835673244,2.4702891702891705,2.9247032640949553,8628770.66683842,12294997.956349831,-3587541.436444413,-7776562.868367053,2221875.1052477295,2481938.517926785,930893.6515383644,2481938.517926785,10515897.481919775,11980254.544081844,89671198.35026506,89671198.35026506,10616622.042138163,10515897.481919775,10515897.481919775,10515897.481919775,10515897.481919775,10515897.481919775,10515897.481919775,10515897.481919775,0.03920956068084228,0.03894282897553043,3595543.3876037686,3580873.1438116166,3574204.8511788202,3574204.8511788202,29836608.556183793,29836608.556183793,174313170.39687514,103405213.85677233,70907956.54010281,70563872.64025052,70563872.64025052,118490225.45068413,128469992.20492709,-45804502.09467783,-45804502.09467783,60127994.6699243,50148227.91568135,0.0027339999794464857,-25972.999804741616,74.9817123413086,2025-01-02,0,0,0,1,0,0,0,0,0,0,0,8.394838707314193,1
75.1042495727539,75.97243881225586,77.30787658691406,76.51295059204102,75.28905271539749,75.91156611486635,76.48501286231266,76.85741534464714,39.576507272643646,31.07639975901448,24.390936898726824,-0.5249220904440222,-0.13848639466528018,-0.386435695778742,19.61682864992855,-97.5127289293158,-87.4452450450416,37.66812381042675,-3.6306784283435367,1.280438528335786,1.708343067398296,1.2055510812124055,75.87320588622278,75.1042495727539,74.33529325928502,-2.82379150390625,-1.0112390202005075,-0.7801352280836795,85.71428571428572,0.0,-85.71428571428572,0.12295271626632805,-0.00039529902463397715,1.0161867261092001,1.0019815261813216,0.14830349082154679,0.06032761298516484,0.8479724646403852,0.1172717402620581,1.0,0.514425835673244,2.4702891702891705,2.9247032640949553,8632182.960343106,12299860.07904221,-3588960.1488907197,-7779638.151740441,2222753.757640126,2482920.0137864794,931261.7784110492,2482920.0137864794,10520056.049815362,11984992.199808676,89706659.30519158,89706659.30519158,10620820.442099739,10520056.049815362,10520056.049815362,10520056.049815362,10520056.049815362,10520056.049815362,10520056.049815362,10520056.049815362,0.03922506631129634,0.03895822912550521,3596965.264464454,3582289.2192459414,3575618.289601163,3575618.289601163,29848407.602595977,29848407.602595977,174382103.47229135,103446106.00157693,70935997.47071442,70591777.50104386,70591777.50104386,118537083.04399438,128520796.35036957,-45822615.72998207,-45822615.72998207,60151772.60696584,50168059.30059065,0.0027350811543590987,-25983.270966411437,74.95207214355469,2025-01-03,0,0,0,1,0,0,0,0,0,0,0,7.172053511572235,1
74.61609497070313,75.61145782470703,77.13229827880859,76.41855239868164,74.61017973588348,75.42808750795528,76.17714818750721,76.71604351845923,32.6910526686691,19.69983878820012,24.61359986686649,-0.7125937343669051,-0.25330786260560517,-0.4592858717612999,20.896951758250008,-141.18894390063292,-98.33992383984159,31.200478307743175,-4.696466956931211,1.3223809759898226,1.8052382805711455,1.8676327954922982,76.06661041815067,74.61609497070313,73.16557952325559,-3.6098098754882812,-1.4642516764777531,-1.1278234628530583,100.0,0.0,-100.0,-0.5608472229510695,-0.022676335931632763,1.0255337355411784,0.9859023120950912,0.14830349082154679,0.06032761298516484,0.8479724646403852,0.1172717402620581,1.0,0.514425835673244,2.4702891702891705,2.9247032640949553,8832471.040770026,12585247.376330582,-3672232.9365798095,-7960145.07553787,2274327.1644393913,2540529.9237825377,952869.3642129023,2540529.9237825377,10764147.473952342,12263073.780407595,91788076.56387237,91788076.56387237,10867249.850359475,10764147.473952342,10764147.473952342,10764147.473952342,10764147.473952342,10764147.473952342,10764147.473952342,10764147.473952342,0.04013518525481279,0.039862156783691614,3680423.790713445,3665407.22480178,3658581.513023751,3658581.513023751,30540964.779614687,30540964.779614687,178428201.30475497,105846312.5419017,72581888.76285328,72229682.03510696,72229682.03510696,121287437.72615977,131502797.97315855,-46885814.203283854,-46885814.203283854,61547443.10249098,51332082.8554922,0.002798541828992048,-26586.147375424458,73.25243377685547,2025-01-06,0,0,0,1,0,0,0,0,0,0,0,9.051660793703547,1
74.3927719116211,75.20834426879883,76.99754409790039,76.33969818115234,74.22018421601216,75.06665217492151,75.91648580548458,76.58757879915767,34.05595194467904,15.37962014804594,22.051952898420094,-0.8365312385199957,-0.3699525377884833,-0.46657870073151236,22.135604872412358,-129.1973115615277,-94.19317846274184,32.48874424822406,-5.203390241120975,1.3175653572825254,1.7940657564994882,1.2549623140876633,76.12709783870662,74.3927719116211,72.65844598453558,-4.031135559082031,-1.787190364002799,-1.374514995477142,100.0,7.142857142857143,-92.85714285714286,0.16535404689386776,0.0025631830880326056,1.0171783665335317,1.002833613314575,0.14830349082154679,0.06032761298516484,0.8479724646403852,0.1172717402620581,1.0,0.514425835673244,2.4702891702891705,2.9247032640949553,8809889.68053345,12553071.555616364,-3662844.3957704757,-7939793.930013995,2268512.55143257,2534034.728821136,950433.229831893,2534034.728821136,10736627.531840224,12231721.638366612,91553408.41576932,91553408.41576932,10839466.313621104,10736627.531840224,10736627.531840224,10736627.531840224,10736627.531840224,10736627.531840224,10736627.531840224,10736627.531840224,0.04003257443704535,0.039760243998698104,3671014.3089208934,3656036.134811795,3649227.8738531135,3649227.8738531135,30462882.83352308,30462882.83352308,177972026.4165013,105575702.68626909,72396323.73023222,72045017.46476427,72045017.46476427,120977350.62699766,131166593.97775991,-46765944.52518104,-46765944.52518104,61390089.06442822,51200845.71366596,0.0027913869930592844,-26518.176434063203,73.44019317626953,2025-01-07,0,0,0,1,0,0,0,0,0,0,0,2.8794343791206956,1
74.05284576416015,74.89670867919922,76.75134620666503,76.2826759338379,74.02606193827894,74.80686403090169,75.6994697652301,76.47190188086962,35.537641205588336,13.125414064466193,16.06829100023733,-0.9083352581918263,-0.4776290818691519,-0.4307061763226744,23.372729064974745,-119.24459336237346,-87.60781558964032,35.68777320884671,-4.060177789520281,1.293330554315878,1.7563401527674132,0.9782781157494611,75.56536744658048,74.05284576416015,72.54032408173983,-3.1163558959960938,-1.970305105894963,-1.5127771328657076,100.0,0.0,-100.0,-0.02020637942063386,0.0026909543397937163,1.0134182418019684,0.9997316303700665,0.14830349082154679,0.06032761298516484,0.8479724646403852,0.1172717402620581,1.0,0.514425835673244,2.4702891702891705,2.9247032640949553,8786246.292940963,12519382.469029792,-3653014.3010836467,-7918485.646698417,2262424.470485262,2527234.0573667902,947882.5212477269,2527234.0573667902,10707813.295183849,12198894.96900907,91307703.5546324,91307703.5546324,10810376.085179886,10707813.295183849,10707813.295183849,10707813.295183849,10707813.295183849,10707813.295183849,10707813.295183849,10707813.295183849,0.0399251377144458,0.03965353813815706,3661162.288372309,3646224.3116764277,3639434.322269209,3639434.322269209,30381128.603659235,30381128.603659235,177494397.09834045,105292365.73773998,72202031.36060049,71851667.90718801,71851667.90718801,120652679.77475005,130814577.92159353,-46640437.23818507,-46640437.23818507,61225334.48489078,51063436.33804731,0.002783895656959656,-26447.008741116733,73.6378173828125,2025-01-08,0,0,0,1,0,0,0,0,0,0,0,-0.21789591556276847,0
73.165478515625,74.28560333251953,76.25373573303223,76.15456024169922,72.8656666583969,74.03195713412553,75.20855608269703,76.2394694972525,25.77615599077999,13.655766667028198,14.053600293180024,-1.2009709286591175,-0.622297451227145,-0.5786734774319725,25.71050358318046,-195.80686578014988,-96.24204004146226,31.574640725616142,-7.97205578412663,1.4423433100382195,2.0445755805447825,3.379509134428659,76.04514616130787,73.165478515625,70.28581086994213,-6.111053466796875,-2.4069925358744153,-1.8420939812293398,100.0,0.0,-100.0,-0.8269895828383458,-0.042002077113458824,1.0406469683779296,0.9676064051342993,0.14830349082154679,0.06032761298516484,0.8479724646403852,0.1172717402620581,1.0,0.514425835673244,2.4702891702891705,2.9247032640949553,9171466.955238428,13068277.258167397,-3813175.5965365334,-8265660.5588864405,2361617.302538983,2638037.0948529695,989441.1027444239,2638037.0948529695,11177282.371260433,12733738.43259765,95310961.92725906,95310961.92725906,11284341.883129735,11177282.371260433,11177282.371260433,11177282.371260433,11177282.371260433,11177282.371260433,11177282.371260433,11177282.371260433,0.04167559945657029,0.04139209197727389,3821680.820915425,3806087.9095541234,3799000.2225717134,3799000.2225717134,31713146.634094916,31713146.634094916,185276390.3323846,109908762.03623052,75367628.29615405,75001903.6478617,75001903.6478617,125942527.52783823,136549959.8657129,-48685321.882173695,-48685321.882173695,63909673.52039018,53302241.18251551,0.0029059516627880644,-27606.54079648661,70.54487609863281,2025-01-10,0,0,0,1,0,0,0,0,0,0,0,1.7474366941373658,1
72.2543930053711,73.6793212890625,75.77720336914062,76.0401806640625,72.04265930302633,73.37099121742729,74.7502787978959,76.01033910882241,25.415838557217008,16.19025250872014,14.323811080071422,-1.428382347011265,-0.783514430383969,-0.6448679166272961,28.207231845053695,-190.983268517345,-86.42639841495246,32.79713767113097,-7.929457042945332,1.4480161121178194,2.056939106266024,1.5217625391526184,75.17873876546005,72.2543930053711,69.33004724528215,-6.0628204345703125,-2.7953988286692435,-2.132657515696991,100.0,7.142857142857143,-92.85714285714286,-0.10389893485260975,-0.002101237035846637,1.0219842001290844,0.9977590523993003,0.14830349082154679,0.06032761298516484,0.8479724646403852,0.1172717402620581,1.0,0.514425835673244,2.4702891702891705,2.9247032640949553,9190778.960378254,13095794.626851179,-3821204.8536966774,-8283065.242343987,2366590.069241139,2643591.9080778873,991524.5308105133,2643591.9080778873,11200817.944757733,12760551.37574619,95511654.55316116,95511654.55316116,11308102.887722582,11200817.944757733,11200817.944757733,11200817.944757733,11200817.944757733,11200817.944757733,11200817.944757733,11200817.944757733,0.04176335416307893,0.041479249712989955,3829727.9871993465,3814102.2424444533,3806999.6311922288,3806999.6311922288,31779923.786952443,31779923.786952443,185666519.69989473,110140192.68824233,75526327.0116524,75159832.27103762,75159832.27103762,126207719.86302416,136837487.86310306,-48787836.69152877,-48787836.69152877,64044245.66130658,53414477.66122768,0.002912070613411966,-27664.670827413676,70.39664459228516,2025-01-13,0,0,0,1,0,0,0,0,0,0,0,7.172026878857755,1
71.81169738769532,73.21389617919922,75.33032989501953,75.929609375,71.70809143150974,72.94698475761807,74.39681945414168,75.81538289625982,29.983136687969985,20.43919248830799,16.76173722135202,-1.5390373326677746,-0.9346190108407301,-0.6044183218270446,30.078787192901864,-130.3551684348701,-78.4500823877078,37.365603223973935,-6.148835934145458,1.4066997658212597,1.9801808066970845,0.8695872639659825,74.66701566710248,71.81169738769532,68.95637910828816,-4.6542510986328125,-3.159173259996088,-2.403971011822037,92.85714285714286,0.0,-92.85714285714286,0.46590199750311,0.009124172038475153,1.0123787442417334,1.0057358144020718,0.14830349082154679,0.06032761298516484,0.8479724646403852,0.1172717402620581,1.0,0.514425835673244,2.4702891702891705,2.9247032640949553,9107678.930941151,12977386.717827894,-3786654.7641780055,-8208172.464655,2345192.1327585713,2619689.4112027017,982559.4889948877,2619689.4112027017,11099543.79759984,12645174.626992945,94648069.2858872,94648069.2858872,11205858.70505878,11099543.79759984,11099543.79759984,11099543.79759984,11099543.79759984,11099543.79759984,11099543.79759984,11099543.79759984,0.04138574351926891,0.0411042078490698,3795100.8342839787,3779616.3724230276,3772577.9806680502,3772577.9806680502,31492580.068472244,31492580.068472244,183987783.5101702,109144340.94443928,74843442.56573093,74480261.55117407,74480261.55117407,125066590.77254984,135600247.87304947,-48346712.96494186,-48346712.96494186,63465178.454633966,52931521.354134336,0.002885740619540859,-27414.53588563816,71.03895568847656,2025-01-14,0,0,0,1,0,0,0,0,0,0,0,5.699286602461676,1
71.30970916748046,72.85124053955079,74.91977310180664,75.81096954345703,71.4488116460716,72.58030608808666,74.0666701799563,75.62380913857102,29.652193976219195,30.895893639479322,22.508446212169062,-1.6168654605787225,-1.0710683007883286,-0.5457971597903939,31.417853051277774,-110.07238254211391,-78.45934245138848,39.487485601344446,-4.8641518740195515,1.4078603433292318,1.9848517411678115,1.4229478509328715,73.68559460836511,71.30970916748046,68.93382372659582,-3.626556396484375,-3.480089835139605,-2.6403638399564358,85.71428571428572,0.0,-85.71428571428572,-0.04861107431798111,-0.0015301972309100798,1.0203188197573643,0.9990257523130022,0.14830349082154679,0.06032761298516484,0.8479724646403852,0.1172717402620581,1.0,0.514425835673244,2.4702891702891705,2.9247032640949553,9121636.834366465,12997275.112213979,-3792457.9728664286,-8220751.836350983,2348786.2389574237,2623704.1960982988,984065.3029965677,2623704.1960982988,11116554.318234866,12664553.892289639,94793121.45785132,94793121.45785132,11223032.157789042,11116554.318234866,11116554.318234866,11116554.318234866,11116554.318234866,11116554.318234866,11116554.318234866,11116554.318234866,0.041449168922778064,0.04116720178724896,3800916.9869323014,3785408.794478201,3778359.6160899736,3778359.6160899736,31540843.780285403,31540843.780285403,184269752.5753014,109311609.26624481,74958143.30905661,74594405.70422406,74594405.70422406,125258260.6160932,135808060.99191457,-48420806.348735124,-48420806.348735124,63562441.52664793,53012641.15082656,0.0028901631391733003,-27456.549822146357,70.93025207519531,2025-01-15,0,0,0,1,0,0,0,0,0,0,0,6.477884730186287,1
71.13184051513672,72.59234313964843,74.61928443908691,75.71867385864257,71.88203247107899,72.61088209408794,73.94112769815987,75.51105090259152,41.319199617242155,54.32990426387826,35.22166346388844,-1.5143727427668807,-1.159729189184039,-0.3546435535828416,31.14726326283551,-53.01311395316119,-55.54892590641086,50.32531839148632,-3.4365034436733333,1.468933991454166,2.01919560403294,2.2628914170783077,72.81655057381667,71.13184051513672,69.44713045645676,-2.5889739990234375,-3.6380849361578123,-2.755496587508773,78.57142857142857,7.142857142857143,-71.42857142857143,0.9126651230197761,0.025633943101892376,1.0320414282414199,1.0292185656780701,0.14830349082154679,0.06032761298516484,0.8479724646403852,0.1172717402620581,1.0,0.514425835673244,2.4702891702891705,2.9247032640949553,8893657.328441469,12672430.743570618,-3697672.0577291427,-8015288.389821052,2290082.397091729,2558129.2562951427,959470.2960204243,2558129.2562951427,10838715.306763677,12348025.31397059,92423931.652615,92423931.652615,10942531.917232076,10838715.306763677,10838715.306763677,10838715.306763677,10838715.306763677,10838715.306763677,10838715.306763677,10838715.306763677,0.04041321877220699,0.04013829891661374,3705919.65339694,3690799.0613393113,3683926.0649494804,3683926.0649494804,30752535.046660364,30752535.046660364,179664249.42801937,106579555.01711118,73084694.41090819,72730047.79719292,72730047.79719292,122127647.45018713,132413773.8472084,-47210612.201749966,-47210612.201749966,61973808.44710721,51687682.050085954,0.002817928519830759,-26770.32093839221,72.74847412109375,2025-01-16,0,0,0,1,0,0,0,0,0,0,0,6.030169198874749,1
71.51129455566407,72.33838653564453,74.29660224914551,75.63145080566406,72.0687370811425,72.58020285903005,73.7983675651227,75.39070170253967,40.11219351340947,70.64560069722093,51.95713286685941,-1.4412507786237256,-1.2160335070719763,-0.2252172715517493,30.76296138739442,-26.58531539688392,-56.673586084234735,50.88870051109281,-3.3869139030584305,1.4268289553321938,1.969611653136772,0.8794634857465553,73.34438094966448,71.51129455566407,69.67820816166365,-2.5395660400390625,-3.571088622618014,-2.6963480924948726,71.42857142857143,0.0,-71.42857142857143,-0.4606785879609701,-0.004210779999513359,1.0121901022271957,0.9944383660428614,0.14830349082154679,0.06032761298516484,0.8479724646403852,0.1172717402620581,1.0,0.514425835673244,2.4702891702891705,2.9247032640949553,8931264.92013754,12726017.202279441,-3713307.980706334,-8049181.723233693,2299766.206638198,2568946.524942189,963527.4983394131,2568946.524942189,10884547.742702397,12400239.996537175,92814754.16310476,92814754.16310476,10988803.350599365,10884547.742702397,10884547.742702397,10884547.742702397,10884547.742702397,10884547.742702397,10884547.742702397,10884547.742702397,0.040584109528909375,0.04030802715116169,3721590.4520387645,3706405.921262642,3699503.86181895,3699503.86181895,30882574.774855804,30882574.774855804,180423975.09377694,107030235.79333295,73393739.300444,73037593.0331495,73037593.0331495,122644074.66685314,132973696.8302827,-47410246.31872083,-47410246.31872083,62235870.0037714,51906247.84034185,0.002829844371913749,-26883.521533180618,72.44214630126953,2025-01-17,0,0,0,1,0,0,0,0,0,0,0,3.281427113689882,1
72.10616912841797,72.18028106689454,74.0763599395752,75.55003402709961,72.50283053944656,72.72398733121635,73.75766755473528,75.31149839875594,45.32750420463767,85.38184532818242,70.11911676309377,-1.2934389963221662,-1.2315146049220143,-0.061924391400151935,29.379037028461955,12.284149857856407,-39.56828688943268,51.06884803757151,-2.1094209169718825,1.4576089660497396,1.9866277129423335,1.8577491053778346,74.03427765205798,72.10616912841797,70.17806060477797,-1.5810546875,-3.4376025698486563,-2.5861377716064453,64.28571428571429,0.0,-64.28571428571429,0.47872297253424856,0.012822247851716151,1.0256936576446494,1.012269959708267,0.14830349082154679,0.06032761298516484,0.8479724646403852,0.1172717402620581,1.0,0.514425835673244,2.4702891702891705,2.9247032640949553,8818195.827630691,12564906.85238444,-3666297.8015960674,-7947279.732753409,2270651.35221526,2536423.8694313313,951329.3180349647,2536423.8694313313,10746750.247429365,12243253.959753709,91639726.87208728,91639726.87208728,10849685.987751128,10746750.247429365,10746750.247429365,10746750.247429365,10746750.247429365,10746750.247429365,10746750.247429365,10746750.247429365,0.04007031798026929,0.039797730783124596,3674475.4175104084,3659483.1216674503,3652668.441738833,3652668.441738833,30491603.872604918,30491603.872604918,178139822.14201146,105675241.65306732,72464580.48894413,72112943.00462748,72112943.00462748,121091410.58758521,131290260.56875375,-46810036.42967173,-46810036.42967173,61447968.91634153,51249118.93517299,0.0027940187707330626,-26543.178321964097,73.37101745605469,2025-01-21,0,0,0,1,0,0,0,0,0,0,0,-0.3698702469801555,0
72.37297210693359,72.09233474731445,73.85189628601074,75.49129211425782,72.45954388664927,72.66016610391424,73.62579165247999,75.19626201374805,41.178078417140256,74.07829774324749,76.70191458955019,-1.2425082737631357,-1.2337133386902386,-0.008794935072897081,28.114229294581577,-4.60962510810663,-54.100722856689195,55.380156757460654,-1.2005924587841554,1.4508983696379087,2.0047517159917647,1.3636606162841076,73.97879213188918,72.37297210693359,70.767152081978,-0.8794631958007812,-3.3533118918053684,-2.5129820994841765,57.142857142857146,14.285714285714286,-42.85714285714286,-0.8550743867447322,-0.01360274001376327,1.0188678871333607,0.9841440428082652,0.14830349082154679,0.06032761298516484,0.8479724646403852,0.1172717402620581,1.0,0.514425835673244,2.4702891702891705,2.9247032640949553,8939801.624908945,12738181.017007044,-3716857.2443593605,-8056875.312958896,2301964.3751311135,2571401.9820642266,964448.4596887857,2571401.9820642266,10894951.439321026,12412092.426052095,92903468.60185514,92903468.60185514,10999306.697083198,10894951.439321026,10894951.439321026,10894951.439321026,10894951.439321026,10894951.439321026,10894951.439321026,10894951.439321026,0.04062290073760788,0.04034655447408674,3725147.632264995,3709948.587771332,3703039.9311833037,3703039.9311833037,30912093.03747495,30912093.03747495,180596428.40501913,107132537.71055874,73463890.6944604,73107404.01451813,73107404.01451813,122761300.64399694,133100796.09364046,-47455562.10316812,-47455562.10316812,62295356.45425345,51955861.00460992,0.002832549201091706,-26909.217410371206,72.37297058105469,2025-01-22,0,0,0,1,0,0,0,0,0,0,0,3.448814946547938,1
72.96191711425782,72.13581314086915,73.67207870483398,75.46887786865234,72.93135496170498,72.88104083262373,73.64952360098822,75.14444691955465,48.777682749279485,68.74813697280216,76.0694266814106,-1.0686274627656616,-1.2006961635053233,0.1320687007396617,26.60170247657669,45.633016516843696,-32.23019324785115,53.67568973519779,0.592024498769117,1.6126549446810312,2.182951532073077,3.715490420241622,74.11556152295142,72.96191711425782,71.8082727055642,0.434783935546875,-3.1698666778911098,-2.368068939600235,50.0,7.142857142857143,-42.85714285714286,0.6010640564412542,0.020753694628017794,1.0518620984307652,1.0311724432583513,0.14830349082154679,0.06032761298516484,0.8479724646403852,0.1172717402620581,1.0,0.514425835673244,2.4702891702891705,2.9247032640949553,8758039.938485632,12479191.683601087,-3641287.084161723,-7893065.0512070665,2255161.4432020187,2519120.9158457126,944839.5482322985,2519120.9158457126,10673438.163053973,12159733.039786156,91014579.80586684,91014579.80586684,10775671.697266357,10673438.163053973,10673438.163053973,10673438.163053973,10673438.163053973,10673438.163053973,10673438.163053973,10673438.163053973,0.039796966644741506,0.03952623898049157,3649408.9140892215,3634518.892555475,3627750.700949226,3627750.700949226,30283596.522998538,30283596.522998538,176924589.502301,104954347.23809636,71970242.26420465,71621003.57732221,71621003.57732221,120265350.28975184,130394625.84766343,-46490708.143321335,-46490708.143321335,61028783.71354323,50899508.15563164,0.0027749585585619078,-26362.106306338126,73.8749771118164,2025-01-23,0,0,0,1,0,0,0,0,0,0,0,0.4709313007277438,1
73.21291046142578,72.17237548828125,73.53454208374023,75.42643783569336,73.28871692678119,73.08511356431643,73.68323000631635,75.0997015837656,49.3800576411569,62.982380627759774,68.60293844793638,-0.9099701472709398,-1.1425509602584465,0.23258081298750666,25.1972132884293,70.03857515275286,-25.99381117435284,53.641186808995855,0.4965159032625399,1.5849880623153763,2.1417761714344317,1.2253185915618587,74.59503774087747,73.21291046142578,71.83078318197408,0.36562347412109375,-2.8290534377998027,-2.1078716669327093,42.85714285714286,0.0,-42.85714285714286,0.6370986100942057,0.0017389344828186992,1.0167341145655029,1.010661281130839,0.14830349082154679,0.06032761298516484,0.8479724646403852,0.1172717402620581,1.0,0.514425835673244,2.4702891702891705,2.9247032640949553,8742836.718238631,12457528.857100764,-3634966.1162383184,-7879363.354567151,2251246.6727334717,2514747.9339477737,943199.386295296,2514747.9339477737,10654909.97269113,12138624.766605508,90856586.15521035,90856586.15521035,10756966.038092207,10654909.97269113,10654909.97269113,10654909.97269113,10654909.97269113,10654909.97269113,10654909.97269113,10654909.97269113,0.03972788246000244,0.0394576247561929,3643073.847352605,3628209.67364308,3621453.2310478413,3621453.2310478413,30231026.74813519,30231026.74813519,176617463.3050918,104772155.32436357,71845307.98072822,71496675.54281391,71496675.54281391,120056579.76331213,130168271.75134608,-46410004.186693326,-46410004.186693326,60922842.88126565,50811150.89323169,0.002770141464047789,-26316.343908453997,74.0034408569336,2025-01-24,0,0,0,1,0,0,0,0,0,0,0,1.7337405316141739,1
73.93229217529297,72.72179336547852,73.50369834899902,75.43374801635743,74.20549624138928,73.62219380182353,73.9075942791058,75.13653896756324,57.840655060084025,74.04922812522433,68.593248575262,-0.6129107890574232,-1.0366229260182418,0.42371213696081855,25.155195715486236,161.69131705773665,-6.7567561898544835,56.94425274274425,7.788203872228694,1.652467126550037,2.173182096176782,2.529694961600626,76.33117680786255,73.93229217529297,71.5334075427234,5.494178771972656,-2.4013885177861685,-1.7867155319605104,35.714285714285715,100.0,64.28571428571429,0.4657529951541025,0.027507018458874155,1.0290990532799553,1.013433381258618,0.14830349082154679,0.06032761298516484,0.8479724646403852,0.1172717402620581,1.0,0.514425835673244,2.4702891702891705,2.9247032640949553,8508785.401146691,12124032.861386606,-3537655.7541089025,-7668427.770337922,2190979.362953692,2447426.5272850064,917949.3369397821,2447426.5272850064,10369671.234627768,11813666.036862554,88424297.37510048,88424297.37510048,10468995.194043782,10369671.234627768,10369671.234627768,10369671.234627768,10369671.234627768,10369671.234627768,10369671.234627768,10369671.234627768,0.0386643416991828,0.0384013189665353,3545546.4360883273,3531080.185792715,3524504.617476527,3524504.617476527,29421722.87394958,29421722.87394958,171889301.1261323,101967337.87912035,69921963.24701194,69582663.92189667,69582663.92189667,116842588.52399983,126683584.06600612,-45167578.763892286,-45167578.763892286,59291899.50706315,49450903.96505686,0.0026959830096368958,-25611.83859155051,76.03905487060547,2025-01-27,0,0,0,1,0,0,0,0,0,0,0,0.13448931535366507,1
74.41451416015624,73.26034164428711,73.4698314666748,75.44456481933594,74.73103995438322,74.01490899792309,74.08612124113107,75.16185616022237,56.555793575418676,76.00602705214327,71.01254526837569,-0.39368287755205245,-0.9080349163250039,0.5143520387729514,25.44451233635463,160.70101257208287,-17.719962092468872,50.481404361525186,7.650198129863894,1.6494843664513164,2.1766139635696766,1.6107084851679474,77.11821238481673,74.41451416015624,71.71081593549576,5.3854827880859375,-2.003490954870788,-1.488266773712951,28.571428571428573,100.0,71.42857142857143,-0.17791413914475787,-0.0033788885286855086,1.0213100395912624,0.9962327760083006,0.14830349082154679,0.06032761298516484,0.8479724646403852,0.1172717402620581,1.0,0.514425835673244,2.4702891702891705,2.9247032640949553,8537633.111730041,12165137.50495197,-3549649.6245059986,-7694426.379365977,2198407.5369617078,2455724.1454296145,921061.5010799952,2455724.1454296145,10404827.988561263,11853718.430088246,88724086.17208543,88724086.17208543,10504488.690379411,10404827.988561263,10404827.988561263,10404827.988561263,10404827.988561263,10404827.988561263,10404827.988561263,10404827.988561263,0.038795427122853665,0.03853151265263017,3557567.0586127033,3543051.762750411,3536453.900994824,3536453.900994824,29521472.639200073,29521472.639200073,172472065.0081069,102313042.24389316,70159022.76421373,69818573.09762542,69818573.09762542,117238725.10738288,127113085.01079492,-45320712.39912956,-45320712.39912956,59492919.45013121,49618559.54671916,0.0027051233197908165,-25698.671538012757,75.7821273803711,2025-01-28,0,0,0,1,0,0,0,0,0,0,0,-1.6115712255667145,0
75.1437774658203,73.75837478637695,73.48613548278809,75.47486053466797,75.16045567271381,74.37934138182344,74.27023227620192,75.1954809033264,57.49440167179868,81.09326449344172,77.04950655693635,-0.19851797844579266,-0.7661315287491617,0.567613550303369,25.713163484303855,133.1624294910008,-14.745971690466572,50.228682183183004,7.010704721981598,1.618480824895055,2.1290397298338486,1.2154347846636568,77.12079568541698,75.1437774658203,73.16675924622363,4.9803314208984375,-1.2995899700901223,-0.9645052200708619,21.42857142857143,92.85714285714286,71.42857142857143,0.1056891910332577,0.003129494211920658,1.0160699727309455,1.0016926725032858,0.14830349082154679,0.06032761298516484,0.8479724646403852,0.1172717402620581,1.0,0.514425835673244,2.4702891702891705,2.9247032640949553,8510997.992773985,12127185.547972701,-3538575.6724207145,-7670421.838619028,2191549.096748294,2448062.946607788,918188.0369329586,2448062.946607788,10372367.723805701,11816738.0168607,88447290.8871939,88447290.8871939,10471717.511039743,10372367.723805701,10372367.723805701,10372367.723805701,10372367.723805701,10372367.723805701,10372367.723805701,10372367.723805701,0.03867439582496989,0.03841130469690887,3546468.4062625454,3531998.394219189,3525421.1160176634,3525421.1160176634,29429373.58490566,29429373.58490566,171933998.55479726,101993853.0710558,69940145.48374146,69600757.92854275,69600757.92854275,116872971.81854677,126716526.37494981,-45179323.966278605,-45179323.966278605,59307317.54315536,49463762.98675231,0.0026966840626254517,-25618.49859494179,76.019287109375,2025-01-29,0,0,0,1,0,0,0,0,0,0,0,-2.5330790847049376,0
75.74062652587891,74.35127182006836,73.60125617980957,75.5400309753418,75.72671125251233,74.83022884187542,74.51680276533597,75.26072566837671,60.73033246717403,81.64101157095318,79.58010103884597,0.02365469290623423,-0.6081742844180825,0.6318289773243168,26.082466934834905,125.9648561169315,-4.213156784973979,51.17656812822704,8.358873912683373,1.5783987732334783,2.053623135516913,1.05733210163298,77.62477181193991,75.74062652587891,73.85648123981791,5.9289703369140625,-0.5737857861451687,-0.42584086687136846,14.285714285714286,85.71428571428572,71.42857142857143,0.3962256002763887,0.011048976314733006,1.0137769368983447,1.0054291386457035,0.14830349082154679,0.06032761298516484,0.8479724646403852,0.1172717402620581,1.0,0.514425835673244,2.4702891702891705,2.9247032640949553,8417987.844462806,11994656.86833116,-3499905.3016390954,-7586597.700318798,2167599.342948228,2421309.9503161176,908153.8663732671,2421309.9503161176,10259016.097927237,11687601.979414124,87480718.5004862,87480718.5004862,10357280.167780878,10259016.097927237,10259016.097927237,10259016.097927237,10259016.097927237,10259016.097927237,10259016.097927237,10259016.097927237,0.038251753110851085,0.03799153710329427,3507711.7818658,3493399.9014501753,3486894.5012612552,3486894.5012612552,29107762.605304778,29107762.605304778,170055064.17848873,100879240.72958635,69175823.4489024,68840144.7991541,68840144.7991541,115595757.03696175,125331738.9596998,-44685593.89769321,-44685593.89769321,58659193.50349391,48923211.58075587,0.0026672140774573034,-25338.533735844383,76.85922241210938,2025-01-30,0,0,0,1,0,0,0,0,0,0,0,-3.3783689884904766,0
76.20308685302734,74.70799865722657,73.6501708984375,75.61299713134765,75.92305499923349,75.10032223293004,74.68813035841595,75.30209887717275,57.670958203046396,79.74971668351724,80.8279975826373,0.15409750802317035,-0.45571992592983196,0.6098174339530023,26.42539156747088,100.19108646719644,-11.028411933329581,54.530262120016545,4.903564527888404,1.539062376713646,2.0167036661686857,1.027689221955825,76.94124720399644,76.20308685302734,75.46492650205825,3.5672683715820312,0.07865143308485233,0.058336991530197224,7.142857142857143,78.57142857142857,71.42857142857143,0.028852290650323718,-0.007071108741115273,1.0135170377245486,1.0003886840657716,0.14830349082154679,0.06032761298516484,0.8479724646403852,0.1172717402620581,1.0,0.514425835673244,2.4702891702891705,2.9247032640949553,8477936.253612343,12080076.402171899,-3524829.756138671,-7640625.393325127,2183035.826664322,2438553.2253435194,914621.2527081013,2438553.2253435194,10332075.326079339,11770834.832488358,88103709.4102215,88103709.4102215,10431039.180106243,10332075.326079339,10332075.326079339,10332075.326079339,10332075.326079339,10332075.326079339,10332075.326079339,10332075.326079339,0.03852416164701745,0.03826209252016699,3532691.829944185,3518278.0279674097,3511726.299796148,3511726.299796148,29315052.529492322,29315052.529492322,171266105.43367758,101597648.75175163,69668456.68192597,69330387.50828888,69330387.50828888,116418968.22077933,126224284.60188924,-45003820.80839504,-45003820.80839504,59076932.92026468,49271616.53915476,0.002686208550217203,-25518.98122706343,76.31574249267578,2025-01-31,0,0,0,1,0,0,0,0,0,0,0,-0.9709825902739588,0
76.41652984619141,75.17441101074219,73.75639877319335,75.68900268554688,76.31745994496426,75.46503997902018,74.91842935632164,75.3728506794964,60.76693214858959,82.31351632440759,81.23474819295926,0.317602208165809,-0.3010554991107038,0.6186577072765127,26.286907316687245,91.40265295854313,-3.2432144020338627,57.01856118800931,6.4384115784743345,1.5533550262648728,2.0145638345107084,1.7391594704308204,77.41338262700458,76.41652984619141,75.41967706537824,4.66412353515625,0.7541446715503647,0.5594629630064389,0.0,100.0,100.0,0.47159342136064014,0.010358640536398678,1.0230034565115051,1.010751319480118,0.14830349082154679,0.06032761298516484,0.8479724646403852,0.1172717402620581,1.0,0.514425835673244,2.4702891702891705,2.9247032640949553,8391016.727596264,11956226.153278202,-3488691.6533591887,-7562290.345999044,2160654.3845711555,2413552.106654814,905244.1539199679,2413552.106654814,10226146.351946916,11650155.063987209,87200431.48584081,87200431.48584081,10324095.58507701,10226146.351946916,10226146.351946916,10226146.351946916,10226146.351946916,10226146.351946916,10226146.351946916,10226146.351946916,0.03812919502184392,0.03786981274278376,3496473.1217309935,3482207.0963826845,3475722.5394061804,3475722.5394061804,29014501.735669803,29014501.735669803,169510210.10000226,100556025.03464858,68954185.06535366,68619581.92536604,68619581.92536604,115225389.82689609,124930177.79793207,-44542421.87160645,-44542421.87160645,58471250.25713719,48766462.28610119,0.002658668360366668,-25257.349423483345,77.10626983642578,2025-02-03,0,0,0,1,0,0,0,0,0,0,0,-1.1740990155517161,0
76.4540802001953,75.43429718017578,73.80728912353516,75.72872360229492,76.20159968010638,75.55682891926935,75.01856743194726,75.39626356070794,54.586235142224574,62.081290700947285,74.71484123629061,0.3514325343697351,-0.17055789241461602,0.5219904267843511,25.894289447583073,58.5441098273401,-18.783817030306544,53.570122693931545,3.542082125128654,1.5673329671490106,2.0630978812619998,1.7490461986428016,77.36276036098343,76.4540802001953,75.54540003940718,2.5988616943359375,1.1519886482268156,0.8542999365390784,7.142857142857143,92.85714285714286,85.71428571428572,-0.5810831709504803,-0.01473798030232698,1.0194072342785307,0.9889374757655818,0.14830349082154679,0.06032761298516484,0.8479724646403852,0.1172717402620581,1.0,0.514425835673244,2.4702891702891705,2.9247032640949553,8516533.226533022,12135072.614437083,-3540877.0292695253,-7675410.393186097,2192974.3980531706,2449655.074896129,918785.1919814604,2449655.074896129,10379113.522598589,11824423.179898938,88504813.68661527,88504813.68661527,10478527.923206612,10379113.522598589,10379113.522598589,10379113.522598589,10379113.522598589,10379113.522598589,10379113.522598589,10379113.522598589,0.03869954820093831,0.03843628596827886,3548774.8962493087,3534295.4734530393,3527713.917636553,3527713.917636553,29448513.345285434,29448513.345285434,172045817.9764367,102060186.04625005,69985631.93018666,69646023.65005597,69646023.65005597,116948981.61430492,126798938.04925802,-45208706.90344307,-45208706.90344307,59345888.79725522,49495932.36230212,0.0026984378847593033,-25635.159905213386,75.96987915039062,2025-02-04,0,0,0,1,0,0,0,0,0,0,0,-1.723892405381097,0
76.42838897705079,75.78608322143555,73.939208984375,75.73110458374023,76.09801011795504,75.61755656915717,75.10164015210965,75.41565836199987,54.17346759650583,48.896525359514364,64.43044412828966,0.3676270106658279,-0.06292091179852723,0.43054792246435514,25.4531516221511,39.57525876757639,-21.61760826773157,50.45636666213558,4.860737903051526,1.5146700632278622,1.9958538381989153,0.8300523122529313,77.39048210575368,76.42838897705079,75.4662958483479,3.5178604125976562,1.5694772726150077,1.1635608673095703,0.0,85.71428571428572,85.71428571428572,0.2857220708446952,-0.001040519711526633,1.0110250204879125,1.0031348680880037,0.14830349082154679,0.06032761298516484,0.8479724646403852,0.1172717402620581,1.0,0.514425835673244,2.4702891702891705,2.9247032640949553,8525404.077524416,12147712.548794063,-3544565.219248946,-7683405.127673087,2195258.6079065963,2452206.644246204,919742.2018720312,2452206.644246204,10389924.44378362,11836739.540711256,88597000.61213434,88597000.61213434,10489442.394781306,10389924.44378362,10389924.44378362,10389924.44378362,10389924.44378362,10389924.44378362,10389924.44378362,10389924.44378362,0.038739857786586986,0.038476321339059184,3552471.31267478,3537976.8080607504,3531388.3968725554,3531388.3968725554,29479187.020460006,29479187.020460006,172225021.50613195,102166492.2953409,70058529.21079105,69718567.1934802,69718567.1934802,117070796.08527577,126931012.26952851,-45255796.45171191,-45255796.45171191,59407703.68395491,49547487.49970218,0.002701248587159977,-25661.861578019783,75.89083099365234,2025-02-05,0,0,0,1,0,0,0,0,0,0,0,-0.42961998310473043,0
76.33550262451172,76.0380645751953,74.08693885803223,75.72745361328126,76.19693696177471,75.7588718564766,75.22479734232913,75.45405570660435,56.43522778614694,38.00620969515874,49.661341918540046,0.4163274189281907,0.03292875434681636,0.38339866458137434,25.537205570153702,60.652346765274544,-16.637781548416466,53.596659145859135,3.410916166895994,1.4714157469504137,1.9260681709345049,0.909109635343583,77.19777915175347,76.33550262451172,75.47322609726997,2.5198135375976562,1.8722847365485427,1.3885579720521548,0.0,78.57142857142857,78.57142857142857,-0.384619899057078,0.006640586868838838,1.0101377535033338,0.9961344794562752,0.14830349082154679,0.06032761298516484,0.8479724646403852,0.1172717402620581,1.0,0.514425835673244,2.4702891702891705,2.9247032640949553,8469163.859210895,12067576.757042542,-3521182.5009702174,-7632719.3915083045,2180776.9690023726,2436029.9755782806,913674.8645640193,2436029.9755782806,10321384.394107869,11758655.169596827,88012545.65715037,88012545.65715037,10420245.847039383,10321384.394107869,10321384.394107869,10321384.394107869,10321384.394107869,10321384.394107869,10321384.394107869,10321384.394107869,0.038484299452983046,0.03822250149752058,3529036.4396340917,3514637.5520836557,3508092.603197094,3508092.603197094,29284719.298031863,29284719.298031863,171088890.8640559,101492522.38391295,69596368.48014295,69258649.11759636,69258649.11759636,116298505.75509292,126093676.25872122,-44957253.90179261,-44957253.90179261,59015804.11012723,49220633.60649893,0.0026834290434903144,-25492.575913157987,76.39479064941406,2025-02-06,0,0,0,1,0,0,0,0,0,0,0,-2.023285621066075,0
76.55684967041016,76.37996826171874,74.276171875,75.7516259765625,76.60545054857246,76.06134565023866,75.43410023564711,75.53124872682253,60.69536097962809,59.44240540930952,48.781713487994125,0.5317192725850077,0.13268685799445465,0.39903241459055305,26.08921797309269,88.83558650472226,-1.8456471155457836,59.760423033585575,4.6201052621920535,1.458778163759592,1.8841791255950826,1.2944895822789135,77.77850521540076,76.55684967041016,75.33519412541956,3.419036865234375,2.287652752183442,1.6991321857158965,21.42857142857143,100.0,78.57142857142857,0.6793901132181013,0.013452318725109214,1.0169798772869023,1.0114897934439409,0.14830349082154679,0.06032761298516484,0.8479724646403852,0.1172717402620581,1.0,0.514425835673244,2.4702891702891705,2.9247032640949553,8356746.245215398,11907394.688507073,-3474443.183868535,-7531404.53722581,2151829.8677788028,2403694.7082451093,901546.9674127277,2403694.7082451093,10184380.856804237,11602573.650814516,86844288.60734895,86844288.60734895,10281930.046938688,10184380.856804237,10184380.856804237,10184380.856804237,10184380.856804237,10184380.856804237,10184380.856804237,10184380.856804237,0.03797346825492005,0.03771514534162127,3482192.8712674985,3467985.1110360655,3461527.038203596,3461527.038203596,28896001.081601065,28896001.081601065,168817898.6844495,100145335.41310292,68672563.27134657,68339326.71319115,68339326.71319115,114754787.77471519,124419939.57578889,-44360502.28623228,-44360502.28623228,58232442.73037654,48567290.92930285,0.002647809861312452,-25154.193682468296,77.42247772216797,2025-02-07,0,0,0,1,0,0,0,0,0,0,0,-4.055619679266261,0
76.28806915283204,76.35229949951172,74.53704643249512,75.74849044799805,76.32442278189336,76.00698594083802,75.46536376068407,75.54031219826224,51.87117600014681,56.71518249156261,51.38793253201021,0.48363605151254774,0.20287669669807326,0.28075935481447445,25.58365320380611,33.5592780423524,-30.033532018558876,52.296886890559094,-0.36387567223336026,1.5035097499767027,1.9845073544818157,2.0850203707991426,77.49924306435835,76.28806915283204,75.07689524130572,-0.2766876220703125,2.4768637708033747,1.840071653708435,14.285714285714286,92.85714285714286,78.57142857142857,-0.7952378011342394,-0.021442228697331922,1.027544576770234,0.9786826876817508,0.14830349082154679,0.06032761298516484,0.8479724646403852,0.1172717402620581,1.0,0.514425835673244,2.4702891702891705,2.9247032640949553,8539859.873669794,12168310.3825907,-3550575.4343387554,-7696433.218449547,2198980.9195570135,2456364.6406336147,921301.7298023982,2456364.6406336147,10407541.74712308,11856810.084262095,88747226.94373044,88747226.94373044,10507228.442170825,10407541.74712308,10407541.74712308,10407541.74712308,10407541.74712308,10407541.74712308,10407541.74712308,10407541.74712308,0.038805545639241414,0.038541562335573105,3558494.9334488045,3543975.8517470476,3537376.26915534,3537376.26915534,29529172.34833704,29529172.34833704,172517048.69679493,102339727.24961168,70177321.44718325,69836782.98545113,69836782.98545113,117269302.98857288,127146238.29532266,-45332532.822440356,-45332532.822440356,59508436.229428545,49631500.92267876,0.0027058288626001666,-25705.374194701584,75.76236724853516,2025-02-10,0,0,0,1,0,0,0,0,0,0,0,-1.6515169443094762,0
76.35131072998047,76.40269546508789,74.8315185546875,75.74541595458984,76.31164419997317,76.05773159452798,75.54352788215537,75.56955827033559,54.13651317106323,57.09974923509478,57.75244571198889,0.4822307069306646,0.2587474987445915,0.2234832081860731,24.53278929062415,-8.905385796376203,-21.141019545019468,59.4970578092684,0.6650112278218323,1.5111662678895155,1.9809198853963415,1.6107010007560802,77.5217600012229,76.35131072998047,75.18086145873804,0.5039596557617188,2.663585082753096,1.9801239111484534,7.142857142857143,85.71428571428572,78.57142857142857,0.34355736331425124,0.006912663986324619,1.02154371100347,1.0073068575554998,0.14830349082154679,0.06032761298516484,0.8479724646403852,0.1172717402620581,1.0,0.514425835673244,2.4702891702891705,2.9247032640949553,8481231.96689259,12084772.41155839,-3526199.9985998557,-7643595.610347866,2183884.4600993902,2439501.188622428,914976.8026106689,2439501.188622428,10336091.817457197,11775410.627294611,88137958.84976153,88137958.84976153,10435094.142696697,10336091.817457197,10336091.817457197,10336091.817457197,10336091.817457197,10336091.817457197,10336091.817457197,10336091.817457197,0.03853913753116571,0.03827696652755234,3534065.128708257,3519645.7235095217,3513091.448419187,3513091.448419187,29326448.464191813,29326448.464191813,171332683.4263929,101637143.82581405,69695539.60057886,69357339.00591761,69357339.00591761,116464224.93516833,126273353.03536265,-45021315.59550634,-45021315.59550634,59099898.48954442,49290770.3893501,0.0026872527870370646,-25528.901476852116,76.28608703613281,2025-02-11,0,0,0,1,0,0,0,0,0,0,0,-0.684910545786216,0
76.36316833496093,76.39577865600586,75.0770767211914,75.73601501464844,76.19113580616701,76.03816567162374,75.58225084752674,75.58448222124615,52.431592079680875,39.667424403024775,51.160785376560646,0.44883327935252737,0.2967646548661787,0.15206862448634867,23.556987085526618,-53.13619592227517,-36.69721855716042,58.76255857386804,-0.09098755519871826,1.5119229059310508,1.9906787842711433,1.5217592004710099,77.51578260121535,76.36316833496093,75.21055406870651,-0.0691680908203125,2.6006368963205597,1.934326171875,0.0,78.57142857142857,78.57142857142857,0.5838952979308428,-0.0044040536175226075,1.0196933358663811,1.011448911317799,0.14830349082154679,0.06032761298516484,0.8479724646403852,0.1172717402620581,1.0,0.514425835673244,2.4702891702891705,2.9247032640949553,8518748.99421734,12138229.826536268,-3541798.2680749064,-7677407.323845643,2193544.9496701835,2450292.407764833,919024.2346157192,2450292.407764833,10381813.882442616,11827499.56956018,88527840.20466635,88527840.20466635,10481254.14794312,10381813.882442616,10381813.882442616,10381813.882442616,10381813.882442616,10381813.882442616,10381813.882442616,10381813.882442616,0.038709616758885595,0.03844628603263467,3549698.189862434,3535214.999918633,3528631.7317623603,3528631.7317623603,29456175.03842818,29456175.03842818,172090579.56587157,102086739.29932635,70003840.2665452,69664143.62968153,69664143.62968153,116979408.52244726,126831927.64512552,-45220468.96543965,-45220468.96543965,59361328.96511418,49508809.84243592,0.0026991399440719544,-25641.82946868357,75.95011901855469,2025-02-12,0,0,0,1,0,0,0,0,0,0,0,-0.4419014731790286,0
76.40269622802734,76.36909942626953,75.36018562316895,75.72727844238281,76.32490057569338,76.13894102491872,75.67845839678573,75.6240095896187,55.32813681916654,54.64288487735562,50.47001950515831,0.4687907864521321,0.3311698811833694,0.13762090526876275,23.012234774465337,12.729839609021141,-29.687331903103583,64.44305738775607,-0.3471181323339123,1.4829810191137562,1.9361978943507143,1.1067364904889274,77.57039422998237,76.40269622802734,75.2349982260723,-0.26679229736328125,2.514367636431785,1.873390002128403,0.0,71.42857142857143,71.42857142857143,0.4375068119891053,0.008457012371955397,1.014646202423288,1.0063620554988453,0.14830349082154679,0.06032761298516484,0.8479724646403852,0.1172717402620581,1.0,0.514425835673244,2.4702891702891705,2.9247032640949553,8447309.989129528,12036437.525469108,-3512096.4251558627,-7613023.886648266,2175149.6818995047,2429744.0324219554,911317.2136649785,2429744.0324219554,10294751.04548475,11728313.080734244,87785437.67219508,87785437.67219508,10393357.395860177,10294751.04548475,10294751.04548475,10294751.04548475,10294751.04548475,10294751.04548475,10294751.04548475,10294751.04548475,0.03838499438646185,0.03812387197566959,3519930.0974796303,3505568.364886056,3499040.3046162496,3499040.3046162496,29209152.87122192,29209152.87122192,170647412.28890213,101230630.6038884,69416781.68501373,69079933.77509171,69079933.77509171,115998408.54624453,125768303.54603684,-44841245.99330041,-44841245.99330041,58863519.452844635,49093624.45305233,0.002676504710620639,-25426.794750896068,76.5924301147461,2025-02-13,0,0,0,1,0,0,0,0,0,0,0,-0.7317372244567578,0
76.12798767089843,76.3424186706543,75.52520866394043,75.70845809936523,76.23291202930339,76.12257628157413,75.71374187676075,75.64067332871299,52.41950028114469,51.567833366576515,48.626047548985554,0.43572892410553266,0.352081689767802,0.08364723433773064,23.180338182044004,58.6392141107944,-54.22536653736717,56.049430035384596,-0.3496101163897425,1.487163094231581,1.9555344140886222,1.5415300707633008,76.70228172692643,76.12798767089843,75.55369361487044,-0.26680755615234375,2.3798127052836984,1.7755244328425448,0.0,100.0,100.0,-0.4871816189991783,-0.007095938559573356,1.0202755070066674,0.9902212799241694,0.14830349082154679,0.06032761298516484,0.8479724646403852,0.1172717402620581,1.0,0.514425835673244,2.4702891702891705,2.9247032640949553,8507679.963434573,12122457.740788769,-3537196.151721639,-7667431.509549768,2190694.7170142196,2447108.564443855,917830.079517362,2447108.564443855,10368324.035808595,11812131.238258544,88412809.53654566,88412809.53654566,10467635.091332305,10368324.035808595,10368324.035808595,10368324.035808595,10368324.035808595,10368324.035808595,10368324.035808595,10368324.035808595,0.03865931853554505,0.038396329974078755,3545085.808565628,3530621.4376849816,3524046.723648324,3524046.723648324,29417900.48561952,29417900.48561952,171866969.74664438,101954090.56644508,69912879.1801993,69573623.93590778,69573623.93590778,116827408.66017127,126667125.68743262,-45161710.71779914,-45161710.71779914,59284196.46853907,49444479.44127772,0.0026956327550295015,-25608.511172780265,76.04893493652344,2025-02-14,0,0,0,1,0,0,0,0,0,0,0,-2.231235389329292,0
75.97976226806641,76.13391571044922,75.6541633605957,75.67655014038085,75.82902143099393,75.92233336390156,75.64778933939068,75.61638183481739,47.35051297376927,40.333684074686886,48.84813410620626,0.322878840054571,0.3462411198251558,-0.023362279770584804,22.03527584502731,-172.31291368269052,-90.84527050697145,53.99960097237988,-2.7040986504391795,1.4726951114869935,1.9630375436158136,1.2846113358073552,77.03565045277482,75.97976226806641,74.923874083358,-2.0850296020507812,2.101702091896836,1.5691506801507416,100.0,92.85714285714286,-7.142857142857143,-0.5882417054015114,-0.013513597567227364,1.0157281886652574,0.9908639447592822,0.14830349082154679,0.06032761298516484,0.8479724646403852,0.1172717402620581,1.0,0.514425835673244,2.4702891702891705,2.9247032640949553,8624224.259405702,12288519.85277607,-3585651.199041938,-7772465.480153733,2220704.4229010665,2480630.810935705,930403.1735803988,2480630.810935705,10510356.767451925,11973942.275462354,89623951.55017947,89623951.55017947,10611028.256971495,10510356.767451925,10510356.767451925,10510356.767451925,10510356.767451925,10510356.767451925,10510356.767451925,10510356.767451925,0.039188901580607054,0.03892231041339204,3593648.934058388,3578986.4198615626,3572321.640681187,3572321.640681187,29820887.964671463,29820887.964671463,174221326.64251986,103350730.75008054,70870595.89243932,70526693.28673194,70526693.28673194,118427794.21192566,128402302.73327541,-45780368.18999828,-45780368.18999828,60096313.86944453,50121805.348094776,0.002732559463953893,-25959.314907561988,75.021240234375,2025-02-18,0,0,0,1,0,0,0,0,0,0,0,-2.5349062928142096,0
76.26830749511718,76.30980911254883,75.8720531463623,75.70802810668945,76.4622853444582,76.25078423798976,75.84598208529506,75.69922227938874,58.68571568976648,51.09672284629992,47.66608009585436,0.4467727254166647,0.3663474409434576,0.08042528447320707,22.20069124674375,99.73887129074913,-1.6391944167615835,60.06520047074601,2.3153044873404305,1.5644294967428445,2.0126764232117944,2.7569765050689057,78.04429787388979,76.26830749511718,74.49231711634458,1.7589340209960938,1.8823766011239969,1.4106012980143277,92.85714285714286,100.0,7.142857142857143,0.962687140770852,0.03609075147988694,1.0352492482994167,1.0339116951756113,0.14830349082154679,0.06032761298516484,0.8479724646403852,0.1172717402620581,1.0,0.514425835673244,2.4702891702891705,2.9247032640949553,8323811.642066491,11860466.69678686,-3460750.1262996695,-7501722.671544005,2143349.3347268584,2394221.5557783213,897993.8989431856,2394221.5557783213,10144243.399952749,11556846.983104063,86502028.34275497,86502028.34275497,10241408.140952297,10144243.399952749,10144243.399952749,10144243.399952749,10144243.399952749,10144243.399952749,10144243.399952749,10144243.399952749,0.0378238117892975,0.037566506947193434,3468469.2715627914,3454317.5052470677,3447884.8841944663,3447884.8841944663,28782119.637760673,28782119.637760673,168152573.8876378,99750654.66269326,68401919.22494455,68069995.9786303,68069995.9786303,114302530.00788864,123929590.67521222,-44185674.0103205,-44185674.0103205,58002944.03130877,48375883.363985196,0.0026373746315666623,-25055.058999883295,77.72881317138672,2025-02-19,0,0,0,1,0,0,0,0,0,0,0,-4.420954663547202,0
76.73274230957031,76.54795532226562,76.16701927185059,75.73819396972657,77.06562125991223,76.61833130214077,76.07705932391652,75.80012701709194,60.522963391476694,67.9071693508035,53.112525423930016,0.5821036807358979,0.4094986889019457,0.17260499183395223,22.701405007736817,214.5310295367391,-3.7940270238563856,66.250491159963,3.1380103050487884,1.5345605138125509,1.960541148362654,1.1462637357187333,79.06150046080077,76.73274230957031,74.40398415833985,2.3814620971679688,1.6013526808721985,1.204860344911225,85.71428571428572,100.0,14.285714285714286,0.8017271429792866,0.006992000742829463,1.0148356055313352,1.0118804333121905,0.14830349082154679,0.06032761298516484,0.8479724646403852,0.1172717402620581,1.0,0.514425835673244,2.4702891702891705,2.9247032640949553,8266015.654470195,11778114.11415158,-3436720.573496882,-7449634.819353278,2128467.0912437937,2377597.393040036,891758.7213014214,2377597.393040036,10073807.33160703,11476602.569413565,85901405.65063563,85901405.65063563,10170297.413879652,10073807.33160703,10073807.33160703,10073807.33160703,10073807.33160703,10073807.33160703,10073807.33160703,10073807.33160703,0.03756118396312577,0.03730566570487322,3444386.1212444585,3430332.617040568,3423944.6605842537,3423944.6605842537,28582272.368130945,28582272.368130945,166985014.54191932,99058040.76805975,67926973.77385956,67597355.22071376,67597355.22071376,113508875.86353306,123069091.49605246,-43878872.89842022,-43878872.89842022,57600203.3665825,48039987.734063104,0.0026190621470887016,-24881.090397342665,78.27229309082031,2025-02-20,0,0,0,1,0,0,0,0,0,0,0,-4.246437332115837,0
77.2525146484375,76.82760543823242,76.43283500671387,75.79931427001954,77.7741781096355,77.08614230340282,76.37365289393227,75.93311387167978,63.48036304174509,96.6286352616663,71.87750915292315,0.7548089858674416,0.47856074829504486,0.27624823757239675,23.664056215285253,222.9666892458391,-4.680872774383042,67.0142217145225,3.660591430247506,1.5315295155027615,1.9339620310716015,1.4921265374754995,80.27944112484013,77.2525146484375,74.22558817203486,2.7965011596679688,1.5350139187435596,1.1597600105481263,78.57142857142857,100.0,21.42857142857143,0.5960266573699383,0.011741047591328213,1.0191503128148578,1.0113579196131002,0.14830349082154679,0.06032761298516484,0.8479724646403852,0.1172717402620581,1.0,0.514425835673244,2.4702891702891705,2.9247032640949553,8170090.236181739,11641431.512729436,-3396838.1352903983,-7363183.333412012,2103766.6666891463,2350005.8623700486,881410.0440270252,2350005.8623700486,9956902.861250851,11343418.947700242,84904537.43588123,84904537.43588123,10052273.195885723,9956902.861250851,9956902.861250851,9956902.861250851,9956902.861250851,9956902.861250851,9956902.861250851,9956902.861250851,0.03712529411804376,0.03687274109683258,3404414.7259267336,3390524.309760119,3384210.4842298394,3384210.4842298394,28250580.952682823,28250580.952682823,165047187.65682563,97908492.498045,67138695.15878063,66812901.76141821,66812901.76141821,112191628.61264339,121640899.90125977,-43369667.567490235,-43369667.567490235,56931764.80653071,47482493.51791433,0.002588668467414616,-24592.35044043885,79.19129180908203,2025-02-21,0,0,0,1,0,0,0,0,0,0,0,-6.612849756367223,0
78.09442901611328,77.11120834350587,76.7455883026123,75.83324890136718,78.60228766472444,77.66293584367547,76.74363897783418,76.10273712278655,66.60874583595555,90.85824204626363,85.1313488862444,0.9666515556984194,0.5761789097757197,0.3904726459226997,25.400396616955987,221.4698337305324,-18.950374062969637,63.95754897067424,3.663056435511547,1.6402357288233456,2.0436908120202704,3.053416501990938,81.61535393958114,78.09442901611328,74.57350409264542,2.836029052734375,1.5346011366924468,1.1649539654071503,71.42857142857143,100.0,28.571428571428573,0.41747651921424395,0.013476418194985351,1.0389021317640519,1.0161391331240095,0.14830349082154679,0.06032761298516484,0.8479724646403852,0.1172717402620581,1.0,0.514425835673244,2.4702891702891705,2.9247032640949553,8061450.754555074,11486632.84485985,-3351669.633655819,-7265273.469831629,2075792.4199518939,2318757.319045903,869689.7413724021,2318757.319045903,9824503.740288526,11192583.018264024,83775543.18145587,83775543.18145587,9918605.914668396,9824503.740288526,9824503.740288526,9824503.740288526,9824503.740288526,9824503.740288526,9824503.740288526,9824503.740288526,0.036631630940327536,0.03638243617202599,3359145.476704865,3345439.7644482804,3339209.8952407413,3339209.8952407413,27874926.782211144,27874926.782211144,162852519.00658607,96606581.80130257,66245937.205283485,65924475.95417449,65924475.95417449,110699791.92259662,120023414.17859903,-42792971.58658331,-42792971.58658331,56174730.64437643,46851108.388374016,0.0025542463750908655,-24265.340563363225,80.25850677490234,2025-02-24,0,0,0,1,0,0,0,0,0,0,0,-8.08995134150465,0
79.45414123535156,77.71695175170899,77.03462562561035,75.85970321655273,79.6747922200051,78.41872956856473,77.22708301142772,76.32693571917008,70.57940420348532,89.243929098308,92.24360213541256,1.246156820767709,0.7101744919741175,0.5359823287935914,27.30310982081509,212.14040800969698,-8.226211346200163,64.04269235748629,7.995307303638088,1.6797701420782876,2.053011758476069,2.1937175143925316,82.37796932786911,79.45414123535156,76.530313142834,6.05743408203125,1.6628873424178723,1.268140988472183,64.28571428571429,100.0,35.714285714285715,0.6279075956778637,0.01945332175245862,1.0210474938204894,1.0132158812398682,0.14830349082154679,0.06032761298516484,0.8479724646403852,0.1172717402620581,1.0,0.514425835673244,2.4702891702891705,2.9247032640949553,7907621.254004346,11267443.638433704,-3287712.7006602306,-7126636.712843793,2036181.9179553695,2274510.5338024865,853094.2249296806,2274510.5338024865,9637031.466433426,10979004.903357193,82176928.94211595,82176928.94211595,9729337.97264806,9637031.466433426,9637031.466433426,9637031.466433426,9637031.466433426,9637031.466433426,9637031.466433426,9637031.466433426,0.03593262208156534,0.0356881824755683,3295045.8888401417,3281601.710510304,3275490.7203603783,3275490.7203603783,27343014.326829247,27343014.326829247,159744949.11315766,94763124.2549037,64981824.858253956,64666497.766517766,64666497.766517766,108587406.17206648,117733114.03044586,-41976391.33984224,-41976391.33984224,55102798.181883454,45957090.32350408,0.0025055059614696924,-23802.30663396208,81.8198013305664,2025-02-25,0,0,0,1,0,0,0,0,0,0,0,-11.872642325339172,0
79.7505889892578,78.0094482421875,77.2060718536377,75.84537841796875,79.52021212697606,78.56278818171987,77.41603243328393,76.44003831610137,58.139116664176505,69.9788264379012,83.36033252749085,1.2428358455563995,0.816706762690574,0.4261290828658255,27.390424528338773,107.4374201498885,-42.15939408780369,58.402721869195354,3.8342049231070874,1.806827005617789,2.2810289237990014,3.458566231631309,82.17197578463355,79.7505889892578,77.32920219388207,2.9249649047851562,1.5117879445166917,1.1568463154328157,57.142857142857146,92.85714285714286,35.714285714285715,-0.6085706438337027,-0.03188408364753459,1.0439036621475999,0.9741159651267417,0.14830349082154679,0.06032761298516484,0.8479724646403852,0.1172717402620581,1.0,0.514425835673244,2.4702891702891705,2.9247032640949553,8168052.110740622,11638527.420234589,-3395990.753924617,-7361346.500421725,2103241.85726335,2349419.625670525,881190.1658882463,2349419.625670525,9954418.994310634,11340589.197957188,84883356.99688828,84883356.99688828,10049765.537689874,9954418.994310634,9954418.994310634,9954418.994310634,9954418.994310634,9954418.994310634,9954418.994310634,9954418.994310634,0.03711603277523559,0.036863542756356435,3403565.4544909913,3389678.503452638,3383366.2529806593,3383366.2529806593,28243533.51182213,28243533.51182213,165006014.68781012,97884068.0689759,67121946.61883421,66796234.4944801,66796234.4944801,112163641.08668643,121610555.14304997,-43358848.49202266,-43358848.49202266,56917562.505833216,47470648.44946968,0.002588022693511325,-24586.215588357587,79.21105194091797,2025-02-26,0,0,0,1,0,0,0,0,0,0,0,-10.513755506821143,0
80.2308364868164,78.48178939819336,77.43878402709962,75.85932052612304,79.90465161085514,78.94655952660958,77.72627035188673,76.6060576205136,62.16522486074953,63.223702877357276,74.14881947118873,1.342735532992677,0.9219125167509945,0.4208230162416824,27.262327953778517,87.21696311382017,-23.136273252385216,63.55147273439743,6.21909698246117,1.8506960373079149,2.2940560851052405,2.4209934492795497,82.19901668903252,80.2308364868164,78.26265628460028,4.723411560058594,1.6734382384939381,1.2852440369434959,50.0,85.71428571428572,35.714285714285715,0.7469404532800226,0.018463062942102315,1.0308408468397174,1.0229294811055616,0.14830349082154679,0.06032761298516484,0.8479724646403852,0.1172717402620581,1.0,0.514425835673244,2.4702891702891705,2.9247032640949553,8019978.73849742,11427540.029398412,-3334427.018015156,-7227897.376225418,2065113.5360644052,2306828.5057718237,865215.635157836,2306828.5057718237,9773961.723810226,11135002.937855074,83344561.11906508,83344561.11906508,9867579.79092383,9773961.723810226,9773961.723810226,9773961.723810226,9773961.723810226,9773961.723810226,9773961.723810226,9773961.723810226,0.036443180048195384,0.03619526725875188,3341864.4016984613,3328229.1982790683,3322031.3785429806,3322031.3785429806,27731524.627150584,27731524.627150584,162014726.59317285,96109590.6475112,65905135.94566164,65585328.44727952,65585328.44727952,110130298.45448868,119405955.47151746,-42572823.767186075,-42572823.767186075,55885740.56030235,46610083.54327357,0.0025411060917959367,-24140.5078720614,80.67353057861328,2025-02-27,0,0,0,1,0,0,0,0,0,0,0,-12.382418415060052,0
80.71898651123047,78.98575057983399,77.67742500305175,75.90913360595704,80.48044838428754,79.43482905470826,78.09824859753107,76.80315504446021,64.57034300402063,59.203204349264205,64.13524455484081,1.4821651335171566,1.033963040104227,0.4482020934129296,27.74988368166478,114.82904837417254,-10.668482741471948,59.80773152009012,6.579777934785747,1.8603754066441933,2.278976934343031,1.9862072080158129,82.62338940222632,80.71898651123047,78.81458362023461,5.03961181640625,1.7815513591387075,1.3746221493451998,42.85714285714286,78.57142857142857,35.714285714285715,-0.07462754550112659,0.01188136115606131,1.0247080783519606,0.9981875118172183,0.14830349082154679,0.06032761298516484,0.8479724646403852,0.1172717402620581,1.0,0.514425835673244,2.4702891702891705,2.9247032640949553,7925809.335330279,11293359.545967517,-3295274.6695577204,-7143028.4751639655,2040865.278618276,2279742.0669319397,855056.4012458322,2279742.0669319397,9659197.31206789,11004257.381649442,82365941.6197221,82365941.6197221,9751716.129695527,9659197.31206789,9659197.31206789,9659197.31206789,9659197.31206789,9659197.31206789,9659197.31206789,9659197.31206789,0.036015269622675455,0.035770267788507594,3302624.724582756,3289149.6237035235,3283024.577849327,3283024.577849327,27405905.170016848,27405905.170016848,160112373.65620917,94981086.06102522,65131287.59518397,64815235.229107425,64815235.229107425,108837164.79238856,118003908.41777904,-42072939.9724758,-42072939.9724758,55229538.467289895,46062794.8418994,0.0025112688002205674,-23857.05360209539,81.63204193115234,2025-02-28,0,0,0,1,0,0,0,0,0,0,0,-12.571017343984748,0
81.41267547607421,79.75355224609375,78.04798545837403,76.00850769042968,81.56261612256539,80.21521497187423,78.63431555006345,77.07467647797633,69.18149601644554,79.71651626975569,67.38114116545897,1.7416293794239692,1.1754963079681755,0.5661330714557937,28.702237115922912,134.43974145878937,-0.5481956603515852,63.78814608426438,10.096152785053913,1.8968907203540009,2.265567638764855,2.371589798581496,84.37419244502273,81.41267547607421,78.4511585071257,7.678016662597656,2.1199632601896967,1.6437694353934944,35.714285714285715,100.0,64.28571428571429,0.8083338366611283,0.025662835553416308,1.0291333042716182,1.023432810966939,0.14830349082154679,0.06032761298516484,0.8479724646403852,0.1172717402620581,1.0,0.514425835673244,2.4702891702891705,2.9247032640949553,7727499.779256167,11010791.416532086,-3212824.483183785,-6964304.669682026,1989801.3341948646,2222701.2502620905,833662.2636662758,2222701.2502620905,9417517.118923474,10728922.800163547,80305085.41852348,80305085.41852348,9507721.047954125,9417517.118923474,9417517.118923474,9417517.118923474,9417517.118923474,9417517.118923474,9417517.118923474,9417517.118923474,0.03511414119167408,0.03487526948288718,3219990.634447392,3206852.6904641124,3200880.89774444,3200880.89774444,26720189.344902467,26720189.344902467,156106244.76786998,92604589.70396088,63501655.0639091,63193510.559574,63193510.559574,106113979.19440392,115051364.17866573,-41020244.191430144,-41020244.191430144,53847654.953286596,44910269.969024785,0.0024484350150657096,-23260.13264312424,83.7269515991211,2025-03-03,0,0,0,1,0,0,0,0,0,0,0,-15.25718501814109,0
81.32571563720703,80.38992843627929,78.26192207336426,76.05829193115234,81.50341146045375,80.42790354721173,78.89628570112697,77.24370885673139,59.809918570444175,74.80734081498271,71.24235381133411,1.73824352513833,1.2880457514022063,0.4501977737361236,29.90003608043769,103.69268824515403,-33.794471907432126,53.38894468811131,8.482613566470443,2.0042041563487407,2.462621003552842,3.3992788242803584,84.25971396456531,81.32571563720703,78.39171730984874,6.363761901855469,2.2606133756096214,1.7592442341339876,28.571428571428573,100.0,71.42857142857143,-0.8023256329731571,-0.02797127350466211,1.0417780251931255,0.9675751639194902,0.14830349082154679,0.06032761298516484,0.8479724646403852,0.1172717402620581,1.0,0.514425835673244,2.4702891702891705,2.9247032640949553,7949867.703105614,11327639.931210302,-3305277.298509135,-7164710.753757161,2047060.215359189,2286662.1013105945,857651.8789440059,2286662.1013105945,9688517.285778634,11037660.212828089,82615959.00366494,82615959.00366494,9781316.939299045,9688517.285778634,9688517.285778634,9688517.285778634,9688517.285778634,9688517.285778634,9688517.285778634,9688517.285778634,0.03612459203575039,0.03587884651169767,3312649.6642307164,3299133.6604078165,3292990.0223064986,3292990.0223064986,27489094.320537683,27489094.320537683,160598386.15131578,95269396.03713968,65328990.11417609,65011978.38814808,65011978.38814808,109167534.14994147,118362102.93237413,-42200650.117953986,-42200650.117953986,55397184.759585254,46202615.97715259,0.0025188916215404186,-23929.470404633976,81.38500213623047,2025-03-04,0,0,0,1,0,0,0,0,0,0,0,-11.389607205950526,0
81.83363189697266,80.79211044311523,78.55095977783203,76.13778732299805,81.58581872021786,80.66839985494525,79.1681283238526,77.42045098939863,60.70489480375747,65.6711211735285,73.39832608608889,1.7449489008344443,1.379426381288654,0.3655225195457903,30.689244666557414,72.81778778195651,-30.138230305386184,51.871824003244136,5.174168888300845,1.9810375830988267,2.423268792657709,1.6798721308499438,83.86917418678922,81.83363189697266,79.7980896071561,4.021820068359375,2.5815968335344306,2.0147096682817534,21.42857142857143,92.85714285714286,71.42857142857143,0.42353089012754863,0.0044926103571711895,1.0207468501048413,1.0087794318003687,0.14830349082154679,0.06032761298516484,0.8479724646403852,0.1172717402620581,1.0,0.514425835673244,2.4702891702891705,2.9247032640949553,7914311.784014867,11276976.86813494,-3290494.389335393,-7132666.462533337,2037904.7035809534,2276434.9660048946,853816.0162662098,2276434.9660048946,9645185.226732183,10988294.08899622,82246457.7158899,82246457.7158899,9737569.832217148,9645185.226732183,9645185.226732183,9645185.226732183,9645185.226732183,9645185.226732183,9645185.226732183,9645185.226732183,0.03596302418084035,0.03571837775784144,3297833.7820253605,3284378.22876042,3278262.0681854472,3278262.0681854472,27366148.876658518,27366148.876658518,159880107.12613526,94843302.03610398,65036805.09003129,64721211.20436269,64721211.20436269,108679280.48880756,117832726.40531193,-42011906.989488505,-42011906.989488505,55149419.90453018,45995973.988025814,0.002507625835738868,-23822.445439519248,81.7506332397461,2025-03-05,0,0,0,1,0,0,0,0,0,0,0,-11.567052432619436,0
81.87513427734375,81.05298538208008,78.80047035217285,76.21816329956054,81.35089330696816,80.70706215049498,79.33126300543509,77.55616045963667,57.42935400109066,37.000883227941785,59.15978173881758,1.6609478793339463,1.4357306808977124,0.2252171984362339,30.879902816885465,42.7307510953938,-38.833972763436314,48.730284612664434,3.3329155013019474,1.954584972380476,2.416616938205849,1.61070103304192,83.82085158604932,81.87513427734375,79.92941696863818,2.6087493896484375,2.948610766669046,2.306914402888367,14.285714285714286,85.71428571428572,71.42857142857143,-0.6073616760357052,-0.01063711343650564,1.0200590353257106,0.9880492768284115,0.14830349082154679,0.06032761298516484,0.8479724646403852,0.1172717402620581,1.0,0.514425835673244,2.4702891702891705,2.9247032640949553,7999402.334066581,11398221.038293634,-3325872.067795843,-7209353.170006528,2059815.1914304364,2300910.006753927,862995.8004912633,2300910.006753927,9748885.224747295,11106434.492568795,83130728.70720783,83130728.70720783,9842263.101297583,9748885.224747295,9748885.224747295,9748885.224747295,9748885.224747295,9748885.224747295,9748885.224747295,9748885.224747295,0.03634967984877241,0.03610240311510729,3333290.369805796,3319690.1494542146,3313508.231112587,3313508.231112587,27660375.427780148,27660375.427780148,161599054.60115987,95863007.72362478,65736046.87753508,65417059.891107075,65417059.891107075,109847743.39605555,119099602.38613597,-42463597.08864246,-42463597.08864246,55742357.68645932,46490498.69637892,0.0025345865200674636,-24078.571940640904,80.88104248046875,2025-03-06,0,0,0,1,0,0,0,0,0,0,0,-9.743690360750252,0
81.87711334228516,81.29804992675781,79.06282768249511,76.3015754699707,81.44790795659857,80.87703944237941,79.55132721976122,77.71638700066501,59.48915369052732,31.678206869073776,44.78340375684794,1.6369050909606386,1.4759655629102977,0.16093952805034095,31.431015752519606,58.08018947158977,-31.225169502956263,53.57357173923029,3.094589557505234,1.9928406615604453,2.440952197539165,2.490164620900046,83.82185747667484,81.87711334228516,79.93236920789548,2.4506454467773438,3.080486644315315,2.4167523017296446,7.142857142857143,78.57142857142857,71.42857142857143,0.31746195137162786,0.009407578736072342,1.0309696025317174,1.0097775978335577,0.14830349082154679,0.06032761298516484,0.8479724646403852,0.1172717402620581,1.0,0.514425835673244,2.4702891702891705,2.9247032640949553,7924848.695987617,11291990.746261181,-3294875.269274604,-7142162.711948036,2040617.917699439,2279465.753204475,854952.7650385405,2279465.753204475,9658026.579267753,11002923.622265343,82355958.54283144,82355958.54283144,9750534.183249895,9658026.579267753,9658026.579267753,9658026.579267753,9658026.579267753,9658026.579267753,9658026.579267753,9658026.579267753,0.036010904429990095,0.03576593229101057,3302224.43344399,3288750.9658001163,3282626.662325628,3282626.662325628,27402583.466249608,27402583.466249608,160092967.40520394,94969573.97888716,65123393.42631679,64807379.3670332,64807379.3670332,108823973.29887415,117989605.87879306,-42067840.56625884,-42067840.56625884,55222844.4294593,46057211.8495404,0.002510964424540126,-23854.162033131197,81.64193725585938,2025-03-07,0,0,0,1,0,0,0,0,0,0,0,-10.694449065000825,0
81.77039337158203,81.59153442382812,79.35137138366699,76.43035903930664,82.0297225529342,81.29818713387506,79.89818669841306,77.93116993183915,63.37981321998251,33.992397720471935,34.22382927249575,1.7231735198677143,1.525407154301781,0.1977663655659332,32.670352659915544,122.28465819730604,-20.078302785105357,49.56917718816384,3.65674006237664,2.1060050311826224,2.531458328091545,3.5771418362709255,83.31471804793499,81.77039337158203,80.22606869522907,2.934844970703125,3.2824800477065796,2.5832201639811245,0.0,100.0,100.0,0.30844362535639036,0.01900266629984637,1.037036965680937,1.0114128376023206,0.14830349082154679,0.06032761298516484,0.8479724646403852,0.1172717402620581,1.0,0.514425835673244,2.4702891702891705,2.9247032640949553,7777063.748776975,11081414.327662278,-3233431.4504188662,-7008973.526911676,2002563.8648319074,2236957.5945091113,839009.3503317356,2236957.5945091113,9477920.812844891,10797737.813796533,80820160.0118265,80820160.0118265,9568703.307377564,9477920.812844891,9477920.812844891,9477920.812844891,9477920.812844891,9477920.812844891,9477920.812844891,9477920.812844891,0.03533936232056307,0.035098958495253116,3240643.5651781647,3227421.354786117,3221411.2591533684,3221411.2591533684,26891571.89917133,26891571.89917133,157107505.89743385,93198552.97703598,63908952.92039787,63598831.98574803,63598831.98574803,106794591.31744036,115789300.44141226,-41283346.90135166,-41283346.90135166,54193032.32049613,45198323.19652424,0.0024641392094270167,-23409.32248955666,83.19335174560547,2025-03-10,0,0,0,1,0,0,0,0,0,0,0,-12.491279831413589,0
81.93245391845703,81.62908477783203,79.6730182647705,76.54114654541016,82.08491665882462,81.46129944964423,80.11695985766947,78.09839090982999,59.42582893362614,42.49280684415718,36.05447047790088,1.6915091647964147,1.5586275564007077,0.13288160839570695,33.09132798926982,60.13195826766464,-38.01238635784401,47.22965140473656,0.4589396868882156,2.1101524842827453,2.56724211632844,2.1640693745843436,83.45084218393843,81.93245391845703,80.41406565297562,0.3755035400390625,3.303734221343255,2.607417571238983,0.0,92.85714285714286,92.85714285714286,-0.3378993683961174,-0.011996714329432168,1.0266455134074606,0.9911821034328457,0.14830349082154679,0.06032761298516484,0.8479724646403852,0.1172717402620581,1.0,0.514425835673244,2.4702891702891705,2.9247032640949553,7871495.835662737,11215969.104942005,-3272693.0135908443,-7094079.168122012,2026879.7623205748,2264119.5904433313,849196.9232291484,2264119.5904433313,9593005.357681712,10928848.08218831,81801509.3512296,81801509.3512296,9684890.16803541,9593005.357681712,9593005.357681712,9593005.357681712,9593005.357681712,9593005.357681712,9593005.357681712,9593005.357681712,0.035768466393892494,0.03552514349325377,3279992.7006100058,3266609.941074876,3260526.868558908,3260526.868558908,27218099.66544772,27218099.66544772,159015165.41091603,94330205.5051175,64684959.90579851,64371073.36397456,64371073.36397456,108091332.15074058,117195258.47813845,-41784625.11218496,-41784625.11218496,54851064.87648446,45747138.549086586,0.0024940597315469258,-23693.567449695794,82.19530487060547,2025-03-11,0,0,0,1,0,0,0,0,0,0,0,-11.82778711808035,0
81.69924621582031,81.76643905639648,79.887943649292,76.6236491394043,81.58480934807058,81.3018985909021,80.16149651184976,78.19588909872145,53.61278639192497,35.26271807165683,37.249307545428564,1.518934753579913,1.5506889958365488,-0.03175424225663592,32.735671430241766,-35.872940588403424,-63.464205068026246,40.2000088440729,1.7340292193935625,2.104828735646162,2.611949272423856,2.035620003370582,83.57405076778055,81.69924621582031,79.82444166386007,1.3735427856445312,3.1632946085436755,2.500809840666932,0.0,85.71428571428572,85.71428571428572,-0.3877565849227957,-0.01959613321683762,1.0181212221589888,0.9930589420876761,0.14830349082154679,0.06032761298516484,0.8479724646403852,0.1172717402620581,1.0,0.514425835673244,2.4702891702891705,2.9247032640949553,8028829.855078172,11440151.84450783,-3338107.003115963,-7235874.325341703,2067392.6643833437,2309374.3988099657,866170.5160501645,2309374.3988099657,9784748.594635453,11147291.899253048,83436542.96227063,83436542.96227063,9878469.981776841,9784748.594635453,9784748.594635453,9784748.594635453,9784748.594635453,9784748.594635453,9784748.594635453,9784748.594635453,0.036483399959706064,0.03623521356542235,3345552.5949444748,3331902.3432588703,3325697.6834017774,3325697.6834017774,27762130.06457633,27762130.06457633,162193531.46032184,96215660.40393911,65977871.05638272,65657710.607756734,65657710.607756734,110251841.9326546,119537735.87477979,-42619808.55837091,-42619808.55837091,55947417.93140639,46661523.98928121,0.002543910541408076,-24167.150143376723,80.5845947265625,2025-03-12,0,0,0,1,0,0,0,0,0,0,0,-8.437195617958976,0
81.47789916992187,81.67651672363282,80.07915306091309,76.70527114868165,80.98130864903924,81.02415471091564,80.12462134414756,78.25778784979028,50.914570162259245,18.87496387078754,32.2101629288671,1.3017787666418315,1.5009069499976053,-0.19912818335577387,31.771749118217855,-103.35874093143649,-80.91041768666267,43.58303952469567,-1.1146448174354506,2.0808274378884812,2.6083929896652394,1.7688105670386278,83.87532699611504,81.47789916992187,79.0804713437287,-0.8992233276367188,2.7574907495152248,2.184027842986268,0.0,78.57142857142857,78.57142857142857,-0.6703890136774934,-0.01005511634494638,1.0223359237479426,0.9853533877240035,0.14830349082154679,0.06032761298516484,0.8479724646403852,0.1172717402620581,1.0,0.514425835673244,2.4702891702891705,2.9247032640949553,8110380.676380987,11556352.31152339,-3372012.986006933,-7309370.900151088,2088391.6857574536,2332831.2888323055,874968.4253653677,2332831.2888323055,9884134.719206195,11260517.714981517,84284028.676635,84284028.676635,9978808.057781724,9884134.719206195,9884134.719206195,9884134.719206195,9884134.719206195,9884134.719206195,9884134.719206195,9884134.719206195,0.036853970925131534,0.03660326363992656,3379534.204563082,3365745.3038768084,3359477.621746684,3359477.621746684,28044116.923028663,28044116.923028663,163840971.49073017,97192946.79183924,66648024.69889093,66324612.300976515,66324612.300976515,111371697.30660668,120751910.38255087,-43052708.55182458,-43052708.55182458,56515689.76733181,47135476.691387616,0.0025697496733510083,-24412.62189683458,79.77430725097656,2025-03-13,0,0,0,1,0,0,0,0,0,0,0,-6.273602075251588,0
81.0253189086914,81.45121612548829,80.21848335266114,76.80171569824219,80.44721774926184,80.72504220887771,80.0536132113437,78.3017583635125,49.60310112824695,9.234569138409883,21.124083693618,1.0852756102028422,1.4177806820386527,-0.33250507183581046,30.60073902195961,-139.03064005482102,-86.91185106769106,43.68008872338228,-2.759952989226311,2.004898194807927,2.5257275687729317,1.0178180347607224,83.92893721508206,81.0253189086914,78.12170060230075,-2.2530059814453125,2.6013698955917897,2.0638647813063358,0.0,71.42857142857143,71.42857142857143,0.13542080584915903,-0.004954869743036161,1.012045254085651,1.001621008575554,0.14830349082154679,0.06032761298516484,0.8479724646403852,0.1172717402620581,1.0,0.514425835673244,2.4702891702891705,2.9247032640949553,8150766.6635045335,11613897.661645794,-3388804.068752271,-7345768.224867841,2098790.921390812,2344447.721913746,879325.3680256823,2344447.721913746,9933353.19037608,11316589.944089834,84703724.59877191,84703724.59877191,10028497.95888631,9933353.19037608,9933353.19037608,9933353.19037608,9933353.19037608,9933353.19037608,9933353.19037608,9933353.19037608,0.03703748684807315,0.03678553115522912,3396362.7395375925,3382505.17643117,3376206.2841100697,3376206.2841100697,28183763.80153376,28183763.80153376,164656824.60896957,97676923.22331129,66979901.38565827,66654878.54188947,66654878.54188947,111926277.43210569,121353199.67986526,-43267091.35364192,-43267091.35364192,56797112.0593666,47370189.811607026,0.002582545851651359,-24534.185590687914,79.37903594970703,2025-03-14,0,0,0,1,0,0,0,0,0,0,0,-5.356086467137026,0
80.56483459472656,81.1676139831543,80.46058311462403,76.91278533935547,80.59512189143497,80.75520365740563,80.13335768414728,78.40329451301324,54.43741781065984,21.819757233342852,16.643096747513344,1.0238897636744753,1.3390024983658173,-0.31511273469134204,30.18255414744012,-51.42478941613475,-64.41175601665677,47.4076563748864,-3.3872264177472022,2.0035631410713464,2.4768699490999464,1.9862074424957967,82.52365342638318,80.56483459472656,78.60601576306995,-2.8360214233398438,2.4010061252877253,1.909052971081863,14.285714285714286,64.28571428571429,50.0,0.7562202273633015,0.01904651786187128,1.025056121985096,1.018919645777281,0.14830349082154679,0.06032761298516484,0.8479724646403852,0.1172717402620581,1.0,0.514425835673244,2.4702891702891705,2.9247032640949553,7998424.527867672,11396827.77780712,-3325465.5301335454,-7208471.93539357,2059563.4101124485,2300628.7552336534,862890.3122800054,2300628.7552336534,9747693.570670262,11105076.898583509,83120567.23033056,83120567.23033056,9841060.033184513,9747693.570670262,9747693.570670262,9747693.570670262,9747693.570670262,9747693.570670262,9747693.570670262,9747693.570670262,0.03634523664904321,0.03609799014122659,3332882.925368044,3319284.36743813,3313103.2047427143,3313103.2047427143,27656994.364367165,27656994.364367165,161579301.55577874,95851289.91780834,65728011.63797039,65409063.642886944,65409063.642886944,109834316.16737731,119085044.25733617,-42458406.55480915,-42458406.55480915,55735544.02456167,46484815.93460282,0.00253427670512036,-24075.62869864342,80.89093017578125,2025-03-17,0,0,0,1,0,0,0,0,0,0,0,-7.063593087540567,0
80.19328460693359,81.06286926269532,80.72639884948731,77.0199021911621,80.50926623817018,80.67926752544835,80.15280504105141,78.47914786276333,52.454093784637934,37.05021761366376,22.70151466180542,0.919983285936766,1.255198655880007,-0.33521536994324097,29.794239621100587,-53.24010432646162,-72.64711757656139,47.02705954810529,-1.2870273110474617,1.9345638363036979,2.4080442054152904,1.037572874324269,81.28843383024532,80.19328460693359,79.09813538362185,-1.0474472045898438,2.121331670975055,1.689060700245392,7.142857142857143,57.142857142857146,50.0,-0.4380930928748929,-0.006841004831297015,1.0129598012251668,0.9943737882527669,0.14830349082154679,0.06032761298516484,0.8479724646403852,0.1172717402620581,1.0,0.514425835673244,2.4702891702891705,2.9247032640949553,8053518.6881220555,11475330.569674997,-3348371.757503606,-7258124.802231794,2073749.9434947984,2316475.7772171786,868834.0099395973,2316475.7772171786,9814836.917440867,11181570.073477656,83693112.21534199,83693112.21534199,9908846.499963343,9814836.917440867,9814836.917440867,9814836.917440867,9814836.917440867,9814836.917440867,9814836.917440867,9814836.917440867,0.0365955872381435,0.036346637665094904,3355840.2446950637,3342148.018177391,3335924.278851176,3335924.278851176,27847499.241215862,27847499.241215862,162692280.23085272,96511525.73161416,66180754.49923856,65859609.55000587,65859609.55000587,110590868.83537745,119905317.11099066,-42750865.43177002,-42750865.43177002,56119457.50447958,46805009.22886639,0.0025517331237481008,-24241.46467560696,80.33755493164062,2025-03-18,0,0,0,1,0,0,0,0,0,0,0,-6.200719391939452,0
80.15178070068359,80.92551345825196,80.85881195068359,77.12840225219726,80.46520255721762,80.62432346542366,80.17416410336199,78.5535763856084,52.58694907370205,55.44645320623585,38.10547601774741,0.83124355049857,1.1704076348037196,-0.33916408430514955,28.797578821518567,-85.11877752924376,-74.92358311121598,50.03591217474603,-1.6801803117603153,1.8966084131207699,2.359638502038176,1.4031879117427053,81.19915160962961,80.15178070068359,79.10440979173757,-1.3735580444335938,1.5443775328031446,1.2324155660776057,0.0,50.0,50.0,0.5704215514554858,0.0004919276383941185,1.0177322444614962,1.0100583331785915,0.14830349082154679,0.06032761298516484,0.8479724646403852,0.1172717402620581,1.0,0.514425835673244,2.4702891702891705,2.9247032640949553,8049558.88762835,11469688.312990071,-3346725.4107759297,-7254556.085589013,2072730.3101682893,2315336.7990535335,868406.8166251297,2315336.7990535335,9810011.101846917,11176072.254646905,83651961.50347255,83651961.50347255,9903974.46119593,9810011.101846917,9810011.101846917,9810011.101846917,9810011.101846917,9810011.101846917,9810011.101846917,9810011.101846917,0.03657759370885216,0.03632876654076474,3354190.2258185525,3340504.7315737437,3334284.052371558,3334284.052371558,27833807.022259887,27833807.022259887,162612286.7526566,96464072.38829431,66148214.364362314,65827227.31752953,65827227.31752953,110536492.8794789,119846361.37347008,-42729845.43981387,-42729845.43981387,56091864.36610884,46781995.87211766,0.002550478472896154,-24229.54549251347,80.3770751953125,2025-03-19,0,0,0,1,0,0,0,0,0,0,0,-8.472865780037633,0
80.1458511352539,80.81187515258789,80.93243026733398,77.25824676513672,80.22502151275445,80.46438454876993,80.13325889578734,78.6002855243621,50.17100932407771,53.237055076308316,48.57790863206923,0.7017961344043897,1.0766853347238536,-0.37488920031946393,27.886824147516386,-83.59628803365707,-84.70937771720415,49.4072261112766,-1.4050054521923871,1.8613641005949673,2.3341551823579323,1.4031880377595343,81.20200188443035,80.1458511352539,79.08970038607747,-1.136383056640625,1.2043790053133359,0.9626983251327204,71.42857142857143,42.85714285714286,-28.571428571428573,-0.570426924275468,-0.007868111273614198,1.0177256042707088,0.990062505621893,0.14830349082154679,0.06032761298516484,0.8479724646403852,0.1172717402620581,1.0,0.514425835673244,2.4702891702891705,2.9247032640949553,8113395.990085237,11560648.784017898,-3373266.6481189006,-7312088.410848071,2089168.117385163,2333698.5993119976,875293.7250509267,2333698.5993119976,9887809.487144064,11264704.200762857,84315364.17084406,84315364.17084406,9982518.023798034,9887809.487144064,9887809.487144064,9887809.487144064,9887809.487144064,9887809.487144064,9887809.487144064,9887809.487144064,0.03686767265973817,0.036616872165454235,3380790.6629474186,3366996.635761802,3360726.623404704,3360726.623404704,28054543.29060076,28054543.29060076,163901885.02196455,97229081.62152378,66672803.40044078,66349270.76281451,66349270.76281451,111413103.57575162,120796804.06938498,-43068714.880908415,-43068714.880908415,56536701.42395563,47153000.93032227,0.0025707050664103143,-24421.69813089799,79.74465942382812,2025-03-20,0,0,0,1,0,0,0,0,0,0,0,-7.921525728519639,0
80.11423034667969,80.56977462768555,80.93391227722168,77.37386154174804,79.89032501078161,80.2383022684183,80.04637062064911,78.62462460210618,48.196274021728215,39.26430641510135,49.315938232548426,0.5506007166286082,0.9714684111048045,-0.4208676944761963,26.85599521514833,-95.4349156574448,-92.81336430846342,49.082809086677976,-2.965394171669644,1.8272258125637784,2.306493708513942,1.3834280681583238,81.26550390242869,80.11423034667969,78.96295679093069,-2.4210052490234375,0.7820352682710631,0.6260893895075839,64.28571428571429,35.714285714285715,-28.571428571428573,-0.2928594394580908,-0.006567554752584415,1.0175328935833687,0.9949118434748985,0.14830349082154679,0.06032761298516484,0.8479724646403852,0.1172717402620581,1.0,0.514425835673244,2.4702891702891705,2.9247032640949553,8167033.429298341,11637075.917264514,-3395567.221763916,-7360428.427548474,2102979.5507281353,2349126.616989832,881080.2679521239,2349126.616989832,9953177.52550501,11339174.852455486,84872770.73968045,84872770.73968045,10048512.177707138,9953177.52550501,9953177.52550501,9953177.52550501,9953177.52550501,9953177.52550501,9953177.52550501,9953177.52550501,0.037111403836378856,0.036858945306879685,3403140.9776488915,3389255.7585264365,3382944.295288957,3382944.295288957,28240011.10977782,28240011.10977782,164985435.90565395,97871860.42359303,67113575.48206092,66787903.97900699,66787903.97900699,112149652.55941892,121595388.44063058,-43353440.97824598,-43353440.97824598,56910464.01235173,47464728.13114006,0.002587699927366553,-24583.149309982255,79.22093200683594,2025-03-21,0,0,0,1,0,0,0,0,0,0,0,-8.454602554825156,0
79.81382904052734,80.18933181762695,80.89043312072754,77.4888836669922,79.72319122219425,80.0838697914367,79.9837566229701,78.65459711359298,48.891168787196655,33.568428619626594,42.02326337034534,0.4392691585496493,0.8650285605937735,-0.4257594020441242,25.156516180243663,-112.35047017070247,-78.87706712334887,56.152347061378904,-4.572995342487685,1.8399930728271066,2.3176949482958995,2.0059674562503744,80.76394101854959,79.81382904052734,78.86371706250509,-3.8044281005859375,0.4917123353761728,0.39418870974810716,100.0,28.571428571428573,-71.42857142857143,0.4137915482794399,0.0021205460971993606,1.0257744886266713,1.0105659916715803,0.14830349082154679,0.06032761298516484,0.8479724646403852,0.1172717402620581,1.0,0.514425835673244,2.4702891702891705,2.9247032640949553,8149751.505550101,11612451.179237463,-3388382.001534741,-7344853.327490362,2098529.5221401034,2344155.7267123247,879215.8502123603,2344155.7267123247,9932116.01565109,11315180.490626981,84693174.9580637,84693174.9580637,10027248.934114255,9932116.01565109,9932116.01565109,9932116.01565109,9932116.01565109,9932116.01565109,9932116.01565109,9932116.01565109,0.037032873920119475,0.03678094960773771,3395939.730906194,3382083.893725197,3375785.7859156528,3375785.7859156528,28180253.58302425,28180253.58302425,164636317.00616923,97664757.8026008,66971559.20356844,66646576.84059596,66646576.84059596,111912337.28935152,121338085.43711527,-43261702.543758616,-43261702.543758616,56790038.11865941,47364289.97089566,0.0025822242019130923,-24531.129918174378,79.38892364501953,2025-03-24,0,0,0,1,0,0,0,0,0,0,0,-8.347827841853452,0
79.60236206054688,79.89782333374023,80.76345405578613,77.6635905456543,79.57553415870892,79.93775165330972,79.91675313809088,78.67913134567712,48.43838724330024,45.73139326910552,39.521376101277745,0.3383661492112253,0.7596960783172639,-0.4213299291060386,24.564782751333688,-137.047497929064,-59.32873882648208,61.143334851560326,-3.5465344930056597,2.0883012439260136,2.634075994100424,5.316307468211804,80.45804859688697,79.60236206054688,78.7466755242068,-2.9150848388671875,0.09104248199593107,0.07309874510154657,100.0,21.42857142857143,-78.57142857142857,0.7490722055910148,-0.001369254151464605,1.070687126662383,1.0528872253292705,0.14830349082154679,0.06032761298516484,0.8479724646403852,0.1172717402620581,1.0,0.514425835673244,2.4702891702891705,2.9247032640949553,8160925.887200947,11628373.377759742,-3393027.9190990026,-7354924.087831332,2101406.8822375233,2347369.872655481,880421.3708294067,2347369.872655481,9945734.25356715,11330695.091920573,84809300.44478053,84809300.44478053,10040997.611779029,9945734.25356715,9945734.25356715,9945734.25356715,9945734.25356715,9945734.25356715,9945734.25356715,9945734.25356715,0.03708365086301512,0.03683138112925311,3400596.011111863,3386721.1757549522,3380414.4324109023,3380414.4324109023,28218892.418618172,28218892.418618172,164862055.0594784,97798669.03618631,67063386.02329211,66737958.06673912,66737958.06673912,112065783.82909665,121504455.91780217,-43321020.03028076,-43321020.03028076,56867904.73330057,47429232.64459506,0.002585764771060578,-24564.765325075492,79.28022003173828,2025-03-25,0,0,0,1,0,0,0,0,0,0,0,-8.397690132154258,0
79.50947723388671,79.83062896728515,80.79853401184081,77.85391067504882,79.68790645980985,79.93318790943735,79.91636246417858,78.72750466788632,51.26614952031233,70.52393105550395,49.94125098141194,0.3059053990196219,0.6689379424577355,-0.36303254343811364,24.01531599591728,-42.803023646150734,-53.010802158966854,60.66647179234875,-0.833836376333219,2.0605396963909817,2.5784899750003483,1.6996395784355656,80.05221855623861,79.50947723388671,78.96673591153481,-0.6719436645507812,-0.48264075609726886,-0.38842416420961,92.85714285714286,14.285714285714286,-78.57142857142857,0.29651265946310484,0.00797716038149554,1.0215890706694353,1.006346467550484,0.14830349082154679,0.06032761298516484,0.8479724646403852,0.1172717402620581,1.0,0.514425835673244,2.4702891702891705,2.9247032640949553,8096340.083848952,11536346.094745517,-3366175.398076303,-7296717.006015956,2084776.2874331304,2328792.719635688,873453.6906532564,2328792.719635688,9867023.425216226,11241023.643464472,84138117.18976074,84138117.18976074,9961532.866457755,9867023.425216226,9867023.425216226,9867023.425216226,9867023.425216226,9867023.425216226,9867023.425216226,9867023.425216226,0.03679016977823171,0.03653989651443422,3373683.595990228,3359918.566481366,3353661.7348864283,3353661.7348864283,27995567.288387753,27995567.288387753,163557331.99061972,97024687.54269373,66532644.44792598,66209791.93762721,66209791.93762721,111178891.97676104,120542866.14174432,-42978176.22562477,-42978176.22562477,56417850.49155023,47053876.32656697,0.00256530095392432,-24370.35906228104,79.91265106201172,2025-03-26,0,0,0,1,0,0,0,0,0,0,0,-6.846340537339401,0
79.69327392578126,79.91956253051758,80.7980396270752,78.04640441894531,80.01315193430683,80.06599790468525,79.9875320279045,78.8034316567261,54.46001078573119,85.43329158744966,67.22953863735296,0.3368952653937498,0.6025294070449384,-0.2656341416511886,23.044393638976562,-1.6443705762777203,-45.5084524360654,64.39003064912016,1.1148146100802725,2.0721700031564234,2.5689020841202423,2.2233639911071634,80.77995391282177,79.69327392578126,78.60659393874074,0.8893356323242188,-0.7804027066055136,-0.6289407289945217,85.71428571428572,7.142857142857143,-78.57142857142857,0.6933322482638957,0.009397658709962009,1.0281848922509322,1.0194829219999935,0.14830349082154679,0.06032761298516484,0.8479724646403852,0.1172717402620581,1.0,0.514425835673244,2.4702891702891705,2.9247032640949553,8020961.822119043,11428940.809600534,-3334835.7498454754,-7228783.367044225,2065366.67629835,2307111.275264844,865321.6927108334,2307111.275264844,9775159.809491292,11136367.85905647,83354777.43953912,83354777.43953912,9868789.352244852,9775159.809491292,9775159.809491292,9775159.809491292,9775159.809491292,9775159.809491292,9775159.809491292,9775159.809491292,0.036447647228794414,0.03619970405036724,3342274.0451982906,3328637.170384796,3322438.590924117,3322438.590924117,27734923.93886356,27734923.93886356,162034586.24983388,96121371.69675425,65913214.55307964,65593367.85290859,65593367.85290859,110143798.15270302,119420592.17355569,-42578042.31540626,-42578042.31540626,55892590.99694545,46615796.97609277,0.0025414175788785217,-24143.46699934596,80.66364288330078,2025-03-27,0,0,0,1,0,0,0,0,0,0,0,-7.9354320945033665,0
79.9482208251953,80.0312255859375,80.7412208557129,78.23771270751953,80.1739901241733,80.14411946817998,80.03592578752372,78.86979380759591,53.61364452289542,89.37805334475645,81.7784253292366,0.343935987810454,0.5508107231980415,-0.2068747353875875,22.06212972190526,55.9739128023415,-35.308277835953795,62.358018470975054,1.4067071246704144,2.0088572350843727,2.4956091704475645,1.185791250147716,81.06958752569365,79.9482208251953,78.82685412469696,1.1166305541992188,-0.8947566250646447,-0.7218657762576441,78.57142857142857,0.0,-78.57142857142857,-0.45000190735348494,-0.0020824298703884248,1.0148147771387925,0.9934146229813738,0.14830349082154679,0.06032761298516484,0.8479724646403852,0.1172717402620581,1.0,0.514425835673244,2.4702891702891705,2.9247032640949553,8037699.768205568,11452790.44251733,-3341794.8031642935,-7243868.214591448,2069676.6327404138,2311925.698397305,867127.42476159,2311925.698397305,9795558.372844035,11159606.957927452,83528720.14139688,83528720.14139688,9889383.2994273,9795558.372844035,9795558.372844035,9795558.372844035,9795558.372844035,9795558.372844035,9795558.372844035,9795558.372844035,0.03652370528365436,0.03627524470349344,3349248.620569121,3335583.2886602706,3329371.7741562477,3329371.7741562477,27792800.49679984,27792800.49679984,162372716.04385972,96321955.41388234,66050760.62997738,65730246.481569804,65730246.481569804,110373643.52488284,119669796.13160343,-42666893.12813296,-42666893.12813296,56009226.28277404,46713073.67605344,0.0025467209466493684,-24193.848993169002,80.49566650390625,2025-03-28,0,0,0,1,0,0,0,0,0,0,0,-9.064616204682748,0
80.33755493164062,80.07569198608398,80.62165298461915,78.40945510864258,80.56119147519756,80.36075123346473,80.15970372940204,78.96649186130769,57.19580708600678,89.45978480904249,88.0903765804161,0.4125355022459871,0.5231556790076306,-0.11062017676164349,20.523757329245033,164.83725143305855,-11.931867515383322,62.5283220466633,0.5497081075697352,1.9846522535595652,2.4400783858966117,1.669987493737068,81.73065660668034,80.33755493164062,78.94445325660091,0.44466400146484375,-0.8348604803610632,-0.6742317004081428,71.42857142857143,0.0,-71.42857142857143,0.09374627470615057,0.010434445850561191,1.0156345271327147,1.0014599721818118,0.14830349082154679,0.06032761298516484,0.8479724646403852,0.1172717402620581,1.0,0.514425835673244,2.4702891702891705,2.9247032640949553,7954696.913998822,11334520.996932788,-3307285.1157120294,-7169063.014764626,2048303.7185041788,2288051.152542783,858172.8664561325,2288051.152542783,9694402.653304592,11044365.128045041,82666144.73053148,82666144.73053148,9787258.678718774,9694402.653304592,9694402.653304592,9694402.653304592,9694402.653304592,9694402.653304592,9694402.653304592,9694402.653304592,0.03614653620889727,0.035900641404755115,3314661.959836294,3301137.7456084755,3294990.375504921,3294990.375504921,27505792.79134183,27505792.79134183,160695942.9289626,95327268.19581123,65368674.73315136,65051470.43580798,65051470.43580798,109233848.84407099,118434002.94104984,-42226285.24131214,-42226285.24131214,55430836.22374604,46230682.12676718,0.0025204217424571224,-23944.006553342664,81.3355941772461,2025-03-31,0,0,0,1,0,0,0,0,0,0,0,-5.20078241643536,0
80.73677215576171,80.1695671081543,80.6162181854248,78.58613830566406,80.79956303424629,80.52721576417001,80.26604681730124,79.05707281389734,56.86200657598245,83.35165698430701,87.39649837936855,0.4568507722275257,0.5098946976516097,-0.05304392542408398,19.6603177100007,111.93511828891737,-12.784115559439929,65.89298315633553,1.1685085779644444,1.9791165590934858,2.435047374549532,1.9071525310344555,81.79217355803327,80.73677215576171,79.68137075349016,0.938751220703125,-0.687226713546206,-0.5552719800900121,64.28571428571429,92.85714285714286,28.571428571428573,-0.18652878415932178,-0.0007289308635668457,1.0238507210683114,0.9956421667147833,0.14830349082154679,0.06032761298516484,0.8479724646403852,0.1172717402620581,1.0,0.514425835673244,2.4702891702891705,2.9247032640949553,7960499.567823218,11342789.105991075,-3309697.6564829145,-7174292.578049024,2049797.8794425784,2289720.2002656893,858798.8714591354,2289720.2002656893,9701474.357385792,11052421.57925131,82726446.59068465,82726446.59068465,9794398.117796898,9701474.357385792,9701474.357385792,9701474.357385792,9701474.357385792,9701474.357385792,9701474.357385792,9701474.357385792,0.03617290375486903,0.03592682957966584,3317079.88173901,3303545.802102835,3297393.947722755,3297393.947722755,27525857.23822891,27525857.23822891,160813164.60791317,95396805.87189694,65416358.73601621,65098923.050004095,65098923.050004095,109313530.8505134,118520396.11574078,-42257087.73676792,-42257087.73676792,55471270.94517926,46264405.67995188,0.0025222602958327044,-23961.47281041069,81.27630615234375,2025-04-01,0,0,0,1,0,0,0,0,0,0,0,-6.6726161376537485,0
80.81977691650391,80.16462707519531,80.54507026672363,78.72527145385742,80.64226697807175,80.49093560081594,80.27191615524615,79.10690034534147,51.666292470942906,68.72731923018698,80.51292034117874,0.4106901458190322,0.4900537872850942,-0.07936364146606201,18.858552349273822,71.37696088669138,-26.420413275300753,61.06172126755316,-0.06146072057213736,1.952095184564195,2.430165180091863,1.6008173156834147,81.64249252418917,80.81977691650391,79.99706130881866,-0.04940032958984375,-0.6747707481091474,-0.5448204431778265,57.142857142857146,85.71428571428572,28.571428571428573,-0.8518527239846262,-0.01167168307136135,1.0199629708777134,0.983307157566427,0.14830349082154679,0.06032761298516484,0.8479724646403852,0.1172717402620581,1.0,0.514425835673244,2.4702891702891705,2.9247032640949553,8054509.247050137,11476742.00132229,-3348783.5973052345,-7259017.530069451,2074005.0085912717,2316760.6968717626,868940.8739476036,2316760.6968717626,9816044.113290623,11182945.373454617,83703406.22007884,83703406.22007884,9910065.258713106,9816044.113290623,9816044.113290623,9816044.113290623,9816044.113290623,9816044.113290623,9816044.113290623,9816044.113290623,0.036600088386904796,0.0363511081937966,3356253.0030984804,3342559.09247753,3336334.587649825,3336334.587649825,27850924.40108279,27850924.40108279,162712290.89910263,96523396.36321984,66188894.53588279,65867710.086773224,65867710.086773224,110604471.18445386,119920065.10959701,-42756123.66150494,-42756123.66150494,56126360.03141506,46810766.10627191,0.0025520469793590076,-24244.446303910576,80.32767486572266,2025-04-02,0,0,0,1,0,0,0,0,0,0,0,-6.17680667211906,0
80.6636474609375,80.17846069335937,80.49516792297364,78.8754719543457,80.38917652053742,80.38040105620736,80.23487610288639,79.13733545358176,49.38815473064694,42.85960196156996,64.97952605868788,0.3343711938739631,0.45891726860286797,-0.12454607472890489,18.46269966415729,35.49683041893675,-32.81254778152123,50.89103539761639,0.1734739136641128,1.9771182987778226,2.4750177228487287,2.302418783554984,81.78699088761411,80.6636474609375,79.54030403426088,0.138336181640625,-0.7534529124797372,-0.6085443741235963,50.0,78.57142857142857,28.571428571428573,-0.4935624987720912,-0.0055358164044613245,1.0289189752994918,0.9859738802800108,0.14830349082154679,0.06032761298516484,0.8479724646403852,0.1172717402620581,1.0,0.514425835673244,2.4702891702891705,2.9247032640949553,8099345.738052251,11540628.803570896,-3367425.044105186,-7299425.811218342,2085550.2317766692,2329657.25170251,873777.948247368,2329657.25170251,9870686.421103863,11245196.717917059,84169352.30130127,84169352.30130127,9965230.94766745,9870686.421103863,9870686.421103863,9870686.421103863,9870686.421103863,9870686.421103863,9870686.421103863,9870686.421103863,0.03680382761958828,0.036553461445305364,3374936.0293336734,3361165.889748113,3354906.7353910403,3354906.7353910403,28005960.2552867,28005960.2552867,163618050.38649818,97060706.61512849,66557343.77136972,66234371.40654476,66234371.40654476,111220165.60169865,120587616.01249386,-42994131.27873331,-42994131.27873331,56438794.837725766,47071344.42693056,0.002566253286399863,-24379.4062207987,79.88299560546875,2025-04-03,0,0,0,1,0,0,0,0,0,0,0,-3.974681445565146,0
79.67548522949218,79.81185302734374,80.19081382751465,78.90906951904297,78.77773612925151,79.50302910902052,79.78915984039051,78.9968460376248,33.77705257713813,18.877985225492292,43.488302139082975,-0.07449810472000706,0.35223419393829297,-0.42673229865830004,19.931504832814774,-214.8286662961585,-95.02830005242909,37.43384059408056,-4.627661613271483,2.209985627710622,2.9250080852781903,5.2372609038370115,83.94318642374881,79.67548522949218,75.40778403523555,-3.66607666015625,-1.0097039984964444,-0.8135239038711859,42.85714285714286,71.42857142857143,28.571428571428573,-0.866037985725843,-0.054180995917643804,1.0694535869653026,0.9433682443620142,0.14830349082154679,0.06032761298516484,0.8479724646403852,0.1172717402620581,1.0,0.514425835673244,2.4702891702891705,2.9247032640949553,8563314.654382868,12201730.726237351,-3560327.1128732483,-7717571.522365767,2205020.4349616473,2463111.062103017,923832.0909983373,2463111.062103017,10436126.128254857,11889374.890312413,88990971.78002179,88990971.78002179,10536086.613459226,10436126.128254857,10436126.128254857,10436126.128254857,10436126.128254857,10436126.128254857,10436126.128254857,10436126.128254857,0.038912125322852605,0.03864741698732299,3568268.3629391366,3553709.404485008,3547091.6960967677,3547091.6960967677,29610274.412342124,29610274.412342124,172990867.89363277,102620803.97644138,70370063.9171914,70028590.1643582,70028590.1643582,117591383.89231844,127495446.26615879,-45457038.9188222,-45457038.9188222,59671876.53676223,49767814.16292189,0.0027132604391784977,-25775.97417219573,75.55485534667969,2025-04-04,0,0,0,1,0,0,0,0,0,0,0,0.7235796050661175,1
78.10383911132813,79.22069702148437,79.70501441955567,78.89854797363282,77.01094528164293,78.40745355945784,79.18803638763197,78.78039574542092,29.033226718140753,6.62313490798185,22.7869073650146,-0.5597141559495498,0.16984452396072441,-0.7295586799102742,22.009631999784038,-273.50860175529056,-92.97923280897709,32.23236341993388,-7.446328514323685,2.279332032574333,3.102087393069472,3.1808352958025807,84.1752135477771,78.10383911132813,72.03246467487915,-5.91156005859375,-1.273606601807534,-1.022157082190887,100.0,64.28571428571429,-35.714285714285715,-0.40937701165868245,-0.027496469296664494,1.0436800007498175,0.9825866658310132,0.14830349082154679,0.06032761298516484,0.8479724646403852,0.1172717402620581,1.0,0.514425835673244,2.4702891702891705,2.9247032640949553,8805432.97173399,12546721.262197163,-3660991.4519264963,-7935777.381480818,2267364.9661373766,2532752.822317922,949952.4287898493,2532752.822317922,10731196.133249229,12225533.908050453,91507093.77441704,91507093.77441704,10833982.891393,10731196.133249229,10731196.133249229,10731196.133249229,10731196.133249229,10731196.133249229,10731196.133249229,10731196.133249229,0.040012322931836056,0.03974013025883037,3669157.232116667,3654186.635101354,3647381.818276212,3647381.818276212,30447472.4024162,30447472.4024162,177881994.69931185,105522294.50747989,72359700.19183196,72008571.64365461,72008571.64365461,120916151.12931654,131100239.98982434,-46742286.77190168,-46742286.77190168,61359033.3123071,51174944.4517993,0.0027899748983082964,-26504.761533928817,73.47736358642578,2025-04-07,0,0,0,1,0,0,0,0,0,0,0,1.6639695976201414,1
76.20409851074218,78.47043533325196,79.18412933349609,78.81331893920898,75.2664979042333,77.20202621217715,78.48228084113502,78.50577642793046,25.836052929616383,5.275059446877138,10.25872652678366,-1.0690840981166474,-0.07794120045474998,-0.9911428976618974,24.326035407747806,-212.5624562918205,-93.72235320740124,28.381123387202774,-9.463415817111375,2.4644268980886954,3.43342044029902,4.870660149775404,83.01518517918919,76.20409851074218,69.39301184229518,-7.502616882324219,-1.4823109662773186,-1.1828441619873047,100.0,57.142857142857146,-42.85714285714286,-0.5857146638474263,-0.023133116840976742,1.0685219043420546,0.961774071968723,0.14830349082154679,0.06032761298516484,0.8479724646403852,0.1172717402620581,1.0,0.514425835673244,2.4702891702891705,2.9247032640949553,9013953.818619277,12843839.297349477,-3747687.136334754,-8123703.974709275,2321058.2784883645,2592730.766066534,972448.1863054491,2592730.766066534,10985320.843865998,12515045.927767692,93674066.90919697,93674066.90919697,11090541.688093388,10985320.843865998,10985320.843865998,10985320.843865998,10985320.843865998,10985320.843865998,10985320.843865998,10985320.843865998,0.04095985197332407,0.04068121352452595,3756046.2897986975,3740721.1751148007,3733755.213894848,3733755.213894848,31168496.882558037,31168496.882558037,182094405.86630532,108021160.63781232,74073245.228493,73713801.62954342,73713801.62954342,123779558.10959016,134204815.67137194,-47849187.61985767,-47849187.61985767,62812072.320316866,52386814.7585351,0.0028560441001807602,-27132.418951717224,71.77760314941406,2025-04-08,0,0,0,1,0,0,0,0,0,0,0,2.2463779361341594,1
75.22766571044922,78.02372131347656,78.92717514038085,78.80658660888672,75.32616889090814,76.88265978528273,78.193064652861,78.38576601366879,40.948013649872294,19.16785620211616,10.355350185658281,-1.1633831912444634,-0.2950295986126927,-0.8683535926317707,26.61935963176889,-133.47472575342226,-57.04866299658812,38.95239096946937,-5.5900287856642805,2.683161531833919,3.5564230410759428,5.526711770521828,80.65302064453223,75.22766571044922,69.8023107763662,-4.467140197753906,-1.6124648729400208,-1.2830199217185054,100.0,50.0,-50.0,0.8381293730043181,0.051101005799936594,1.0785200590267991,1.065412742867014,0.14830349082154679,0.06032761298516484,0.8479724646403852,0.1172717402620581,1.0,0.514425835673244,2.4702891702891705,2.9247032640949553,8575725.614266006,12219414.905396957,-3565487.1564722653,-7728756.73211516,2208216.20917576,2466680.8915222622,925171.0168095321,2466680.8915222622,10451251.386164986,11906606.366762215,89119947.93298353,89119947.93298353,10551356.74582765,10451251.386164986,10451251.386164986,10451251.386164986,10451251.386164986,10451251.386164986,10451251.386164986,10451251.386164986,0.03896852133839576,0.038703429356501916,3573439.915929081,3558859.8569249194,3552232.557377573,3552232.557377573,29653189.09464592,29653189.09464592,173241586.54735854,102769534.0806978,70472052.46666075,70130083.81001769,70130083.81001769,117761811.11670442,127680227.61926277,-45522920.590721175,-45522920.590721175,59758360.01842085,49839943.5158625,0.0027171928144119496,-25813.331736913522,75.44551086425781,2025-04-09,0,0,0,1,0,0,0,0,0,0,0,-3.3739705772008195,0
74.26860046386719,77.46612396240235,78.69284324645996,78.78795425415039,75.24666905145828,76.55629789206016,77.89731272140362,78.256428890488,40.08975466612377,32.04229532624239,18.828403658411794,-1.2525520790300817,-0.4865340946961705,-0.7660179843339112,28.441683831873224,-82.50617197740588,-60.08645226103503,38.60157489092707,-6.912622975395699,2.6761092618096285,3.563979657607584,2.5844297514938575,77.17260693880853,74.26860046386719,71.36459398892585,-5.5759735107421875,-1.7350729058979881,-1.3761313022711334,92.85714285714286,42.85714285714286,-50.0,0.046154929618791724,-0.004743045511919841,1.0350451326130434,1.0015911263523662,0.14830349082154679,0.06032761298516484,0.8479724646403852,0.1172717402620581,1.0,0.514425835673244,2.4702891702891705,2.9247032640949553,8616594.514204638,12277648.350301787,-3582479.017497755,-7765589.2754756175,2218739.792993034,2478436.22734696,929580.0573284138,2478436.22734696,10501058.384003643,11963349.075904215,89544662.34182028,89544662.34182028,10601640.810693799,10501058.384003643,10501058.384003643,10501058.384003643,10501058.384003643,10501058.384003643,10501058.384003643,10501058.384003643,0.039154231641053534,0.03888787632376745,3590469.6770163374,3575820.1345656035,3569161.2516334513,3569161.2516334513,29794505.791620735,29794505.791620735,174067195.17621157,103259297.62888047,70807897.5473311,70464299.18803206,70464299.18803206,118323022.59799464,128288706.79425326,-45739866.860951826,-45739866.860951826,60043147.39921424,50077463.20295561,0.002730142002182304,-25936.34902073189,75.0876693725586,2025-04-10,0,0,0,1,0,0,0,0,0,0,0,-3.8324139131392534,0
74.26263580322265,76.96906051635742,78.50014305114746,78.76127044677735,75.33945671545787,76.36879501049596,77.67138122826586,78.14931528864365,41.6981887467253,58.72031734011549,36.64348962282458,-1.2732503156106105,-0.6438773388790585,-0.629372976731552,30.13384201768439,-64.10551318525471,-56.373591519212894,41.21121775338846,-6.175033609055225,2.6354806063189318,3.489545830053377,2.1073080849398735,77.15615377453457,74.26263580322265,71.36911783191073,-4.970634460449219,-1.941387916757318,-1.5357658190604866,85.71428571428572,35.714285714285715,-50.0,0.13679270745988656,0.005824693648811996,1.0284182679617275,1.0038314295966875,0.14830349082154679,0.06032761298516484,0.8479724646403852,0.1172717402620581,1.0,0.514425835673244,2.4702891702891705,2.9247032640949553,8566696.133643702,12206548.942204216,-3561733.0138333165,-7720619.034818612,2205891.1528053177,2464083.694700298,924196.8935522881,2464083.694700298,10440247.14277907,11894069.76329542,89026112.50970657,89026112.50970657,10540247.100351471,10440247.14277907,10440247.14277907,10440247.14277907,10440247.14277907,10440247.14277907,10440247.14277907,10440247.14277907,0.03892749093185855,0.03866267806837652,3569677.399737777,3555112.6922462657,3548492.370659215,3548492.370659215,29621966.90909998,29621966.90909998,173059178.47845945,102661326.85039635,70397851.62806311,70056243.03417128,70056243.03417128,117637818.34462261,127545791.6318028,-45474988.981451765,-45474988.981451765,59695439.75043683,49787466.46325664,0.002714331850690817,-25786.152581562765,75.52503204345703,2025-04-11,0,0,0,1,0,0,0,0,0,0,0,-4.084777614229489,0
74.99422912597656,76.54903411865234,78.31236305236817,78.77766220092774,75.93808121037036,76.50816504498675,77.62032874940199,78.10955116752802,47.30739143774241,75.97443024572964,55.57901430402907,-1.1465000746092784,-0.7444018860251025,-0.4020981885841759,30.804789522077705,-28.085204261697278,-42.703442677976994,44.384189817546755,-5.1641154399113205,2.597754004743153,3.3677874950441,2.107308184258031,78.50707805609736,74.99422912597656,71.48138019585576,-4.200263977050781,-2.09855872491049,-1.6564608353834842,78.57142857142857,28.571428571428573,-50.0,0.5801859122692715,0.021321383297284946,1.0279720638735037,1.0161057441836232,0.14830349082154679,0.06032761298516484,0.8479724646403852,0.1172717402620581,1.0,0.514425835673244,2.4702891702891705,2.9247032640949553,8387855.452498754,11951721.702718085,-3487377.3055983996,-7559441.28957036,2159840.368448674,2412642.8125348035,904903.1075493245,2412642.8125348035,10222293.700610923,11645765.924234359,87167579.14368759,87167579.14368759,10320206.031839665,10222293.700610923,10222293.700610923,10222293.700610923,10222293.700610923,10222293.700610923,10222293.700610923,10222293.700610923,0.038114830031447194,0.037855545473410135,3495155.8423395115,3480895.1916474733,3474413.077696547,3474413.077696547,29003570.662025057,29003570.662025057,169446347.94558647,100518141.03701559,68928206.9085709,68593729.82870309,68593729.82870309,115181979.21680127,124883110.9557577,-44525640.7289134,-44525640.7289134,58449221.49550329,48748089.75654685,0.002657666719879821,-25247.833838858303,77.13533020019531,2025-04-14,0,0,0,1,0,0,0,0,0,0,0,-6.722384202537575,0
75.60256500244141,75.9033317565918,78.03644943237305,78.73192245483398,75.565148317493,76.20109549712339,77.35356244295782,77.98052102494803,41.171942753285336,81.3730465201312,72.02259803532534,-1.2188847416833255,-0.8392984571567471,-0.3795862845265784,31.660690039872645,-45.25205028568324,-62.36484278498261,45.72727941757681,-7.944533808540055,2.623072787055186,3.505878028090527,2.9522169571116166,77.21717218738095,75.60256500244141,73.98795781750187,-6.457023620605469,-2.2991808742621913,-1.8074132479154201,71.42857142857143,21.42857142857143,-50.0,-0.8013481160283981,-0.0300257698054317,1.0395841832470167,0.9693495835667267,0.14830349082154679,0.06032761298516484,0.8479724646403852,0.1172717402620581,1.0,0.514425835673244,2.4702891702891705,2.9247032640949553,8647503.398947231,12321689.928113528,-3595329.8521125275,-7793445.48983946,2226698.711382703,2487326.7118146517,932914.5861615406,2487326.7118146517,10538727.094389323,12006263.219898451,89865871.1027844,89865871.1027844,10639670.32378739,10538727.094389323,10538727.094389323,10538727.094389323,10538727.094389323,10538727.094389323,10538727.094389323,10538727.094389323,0.0392946831420477,0.0390273723723739,3603349.1752027413,3588647.0828706827,3581964.313628838,3581964.313628838,29901382.69571058,29901382.69571058,174691597.6433694,103629702.63328804,71061895.01008137,70717064.11720216,70717064.11720216,118747463.21218945,128748895.65953444,-45903941.92223225,-45903941.92223225,60258530.25371498,50257097.80636998,0.002739935389156387,-26029.386196985677,74.81928253173828,2025-04-15,0,0,0,1,0,0,0,0,0,0,0,-3.821586295020564,0
75.13339080810547,75.18052825927734,77.67257766723633,78.67451766967774,74.74331217585471,75.63719447811516,76.94842696196928,77.78911392171784,37.30345054022079,56.2141350618812,71.18720394258058,-1.3988854208147075,-0.9512158498883392,-0.4476695709263683,33.006467439204506,-82.67147374342659,-76.96323919541564,44.74617446645956,-8.998187717031591,2.6330927318650525,3.602059785430479,2.7633520143933197,77.72538485627506,75.13339080810547,72.54139675993589,-7.228034973144531,-2.7394231690025213,-2.1439095032520896,64.28571428571429,14.285714285714286,-50.0,-0.7805752236675968,-0.022983949871888787,1.0380873936246107,0.9713380241026796,0.14830349082154679,0.06032761298516484,0.8479724646403852,0.1172717402620581,1.0,0.514425835673244,2.4702891702891705,2.9247032640949553,8850932.794618193,12611553.235484561,-3679908.6889525405,-7976783.48151757,2279080.994719306,2545840.1747734863,954861.065014451,2545840.1747734863,10786646.844754938,12288706.227829246,91979933.27847657,91979933.27847657,10889964.727183614,10786646.844754938,10786646.844754938,10786646.844754938,10786646.844754938,10786646.844754938,10786646.844754938,10786646.844754938,0.040219076377399514,0.039945477218369586,3688116.6637234385,3673068.7099767923,3666228.731001044,3666228.731001044,30604801.92908782,30604801.92908782,178801154.41344383,106067553.9769276,72733600.43651624,72380657.52136762,72380657.52136762,121540954.41586521,131777666.95097,-46983815.5844145,-46983815.5844145,61676090.42432167,51439377.889216885,0.0028043913800567684,-26641.718110539303,73.09963989257812,2025-04-16,0,0,0,1,0,0,0,0,0,0,0,-3.214297493162735,0
75.08965301513672,74.67912673950195,77.42879371643066,78.65408065795899,74.78520158647476,75.49751919258783,76.75038443299266,77.67459888195302,43.21537688951537,39.83854077348447,59.141907451832175,-1.3828259070085664,-1.0375378613123847,-0.34528804569618177,34.256117881441234,-56.115658181755876,-61.94294739942929,52.335866465410284,-6.276699014290155,2.599086434748879,3.471513062679637,2.1570045722386197,77.6906218914883,75.08965301513672,72.48868413878513,-5.014015197753906,-3.1496338046527748,-2.458021995348801,57.142857142857146,7.142857142857143,-50.0,0.747478055810293,0.024204503848949344,1.0268546810984631,1.0200433834010652,0.14830349082154679,0.06032761298516484,0.8479724646403852,0.1172717402620581,1.0,0.514425835673244,2.4702891702891705,2.9247032640949553,8641763.203887977,12313510.815555373,-3592943.2795144757,-7788272.216672457,2225220.6333349873,2485675.6294336207,932295.3193684402,2485675.6294336207,10531731.50891139,11998293.486943694,89806218.32145531,89806218.32145531,10632607.732400361,10531731.50891139,10531731.50891139,10531731.50891139,10531731.50891139,10531731.50891139,10531731.50891139,10531731.50891139,0.0392685994117939,0.039001466082461966,3600957.279394434,3586264.9462811775,3579586.613047879,3579586.613047879,29881534.219069835,29881534.219069835,174575637.71835706,103560913.44875646,71014724.26960061,70670122.27476242,70670122.27476242,118668638.88912383,128663432.40607804,-45873470.9795259,-45873470.9795259,60218530.764650606,50223737.2476964,0.0027381166256522957,-26012.107943696807,74.86898040771484,2025-04-17,0,0,0,1,0,0,0,0,0,0,0,-4.660118429951737,0
74.8292221069336,74.54592895507812,77.17889099121093,78.61064239501952,74.5977602251303,75.26576615801575,76.50966948722588,77.53923725922706,41.67017354562688,30.339352518599867,42.1306761179884,-1.406025939552535,-1.1112354769604147,-0.2947904625921203,35.41650757780391,-55.76136798374998,-66.73011965500538,45.528162787650224,-1.7629281905531702,2.5135488767071847,3.386488049623927,1.4015606221651637,77.46420559394815,74.8292221069336,72.19423861991905,-1.3319778442382812,-3.537593886456299,-2.753238580165771,50.0,0.0,-50.0,-0.2340432439451946,-0.008629781008836379,1.0190566793190816,0.9955999755859375,0.14830349082154679,0.06032761298516484,0.8479724646403852,0.1172717402620581,1.0,0.514425835673244,2.4702891702891705,2.9247032640949553,8716988.909231097,12420698.72553346,-3624219.5001285393,-7856068.366263759,2244590.9617896457,2507313.193211603,940410.85914116,2507313.193211603,10623409.203908376,12102737.460838167,90587972.68778536,90587972.68778536,10725163.545078343,10623409.203908376,10623409.203908376,10623409.203908376,10623409.203908376,10623409.203908376,10623409.203908376,10623409.203908376,0.039610428737464336,0.03934097003857002,3632303.261095369,3617483.0326561816,3610746.5651838235,3610746.5651838235,30141650.058318097,30141650.058318097,176095301.60791838,104462401.09385364,71632900.51406474,71285298.79249108,71285298.79249108,119701637.80982164,129783435.02895243,-46272795.067626275,-46272795.067626275,60742727.198251,50660929.9791202,0.0027619516636667304,-26238.54080483394,74.2228775024414,2025-04-21,0,0,0,1,0,0,0,0,0,0,0,-3.372108931853193,0
74.4594497680664,74.72683944702149,76.97376823425293,78.56792221069335,74.82732965203999,75.26953022126004,76.39317415566717,77.45089338654599,45.14716826858912,44.97673476549642,38.38487601919348,-1.3233346492268367,-1.1536553114136991,-0.1696793378131376,35.97863416073967,-29.81065008053472,-57.50766840073668,48.06845233056754,2.46212551884184,2.4618114337321653,3.269925502669272,1.7892246750569143,75.97897713922384,74.4594497680664,72.93992239690897,1.8091049194335938,-3.8352688158815864,-2.978876064985215,42.85714285714286,14.285714285714286,-28.571428571428573,0.39444326707074684,0.014329692396835236,1.0242555325962055,1.0094628694658672,0.14830349082154679,0.06032761298516484,0.8479724646403852,0.1172717402620581,1.0,0.514425835673244,2.4702891702891705,2.9247032640949553,8593841.799733846,12245228.369667128,-3573019.2335833143,-7745083.6992655415,2212881.056933012,2471891.7448693486,927125.4368182727,2471891.7448693486,10473329.612194957,11931759.024267254,89308213.46038711,89308213.46038711,10573646.444022607,10473329.612194957,10473329.612194957,10473329.612194957,10473329.612194957,10473329.612194957,10473329.612194957,10473329.612194957,0.039050842181170796,0.03878519019354378,3580988.7932121246,3566377.933892639,3559736.634201964,3559736.634201964,29715831.335957587,29715831.335957587,173607558.69406688,102986634.30330196,70620924.39076492,70278233.32672608,70278233.32672608,118010582.46354763,127949951.5806123,-45619087.57524867,-45619087.57524867,59884599.31081923,49945230.19375457,0.002722932873176875,-25867.862295180315,75.28646850585938,2025-04-22,0,0,0,1,0,0,0,0,0,0,0,-5.135677650510521,0
74.72385711669922,75.16321105957032,76.81682319641114,78.5755012512207,75.26532619299411,75.42803732192228,76.36918797654671,77.39953753903055,47.838479505686585,59.33382385289453,44.88330371233016,-1.1752740652676437,-1.157979062184488,-0.01729500308315557,35.69459890471723,32.17869923591068,-50.095214250751056,48.691495648315836,6.079495461007056,2.3839487497897953,3.130952776353576,1.3717338585389882,76.77048428934711,74.72385711669922,72.67722994405133,4.363716125488281,-3.5454905132253,-2.7473267286251684,35.714285714285715,7.142857142857143,-28.571428571428573,0.3623195616959405,0.011354640296037166,1.0182442790131334,1.0065703023656438,0.14830349082154679,0.06032761298516484,0.8479724646403852,0.1172717402620581,1.0,0.514425835673244,2.4702891702891705,2.9247032640949553,8497357.363405492,12107749.232339295,-3532904.375202593,-7658128.405875955,2188036.68739313,2444139.4209115333,916716.4512607472,2444139.4209115333,10355743.86560314,11797799.257414458,88305535.86449693,88305535.86449693,10454934.424315844,10355743.86560314,10355743.86560314,10355743.86560314,10355743.86560314,10355743.86560314,10355743.86560314,10355743.86560314,0.038612412130467,0.03834974266019171,3540784.4593108515,3526337.6384457108,3519770.9016888286,3519770.9016888286,29382206.94499346,29382206.94499346,171658438.86695334,101830386.88897139,69828051.97798195,69489208.36132683,69489208.36132683,116685658.78039017,126513437.01073998,-45106914.78302344,-45106914.78302344,59212265.33680628,49384487.106456466,0.0026923620703216784,-25577.439668055948,76.14131927490234,2025-04-23,0,0,0,1,0,0,0,0,0,0,0,-7.093811169244073,0
